,week,label,split,Engineering,model,nFeatures,F1,Accuracy,truePos,trueNeg,falsePos,falseNeg,predictions,randomSeed
0,4,gad7,9,PCA,SVC,1,0.40425531914893614,0.4954954954954955,19,36,23,33,"[0 0 0 0 0 1 0 1 1 0 1 0 1 1 0 0 1 1 1 1 0 1 0 0 0 0 1 1 1 0 0 1 0 0 0 0 1
 0 0 0 0 0 1 0 0 0 0 1 0 1 1 1 1 0 0 0 0 0 1 0 0 1 1 1 0 1 0 0 0 1 0 1 0 0
 0 0 0 0 1 1 0 0 1 0 0 0 1 1 1 0 1 0 0 0 0 0 0 0 0 1 0 0 0 0 0 0 1 1 1 1 1]",0
1,4,gad7,9,PCA,kNN,1,0.43564356435643564,0.4864864864864865,22,32,27,30,"[0 1 1 0 0 1 0 0 1 0 1 1 0 0 1 1 1 0 0 1 1 1 1 0 0 1 0 1 1 1 0 0 0 1 0 0 1
 0 0 0 0 1 0 1 0 0 0 1 0 0 0 1 0 0 0 0 1 1 0 0 0 1 1 1 0 0 0 1 0 0 0 0 1 1
 0 1 0 1 0 0 0 0 1 0 1 0 0 0 1 1 0 0 1 1 1 0 1 1 0 1 1 0 0 0 0 0 1 1 1 1 1]",0
2,4,gad7,9,PCA,RF,1,0.2790697674418605,0.44144144144144143,12,37,22,40,"[0 0 0 1 0 0 0 0 0 0 0 0 1 0 0 0 0 0 0 0 0 0 1 0 0 1 0 1 1 1 0 1 0 1 0 1 1
 0 0 0 0 1 0 1 1 0 1 1 0 0 0 1 0 0 0 0 0 0 0 0 0 1 1 1 0 0 0 1 0 0 0 0 1 0
 1 0 0 0 0 0 0 0 1 0 1 0 0 0 1 0 1 0 0 1 0 0 1 1 0 0 1 0 0 0 0 0 0 0 1 1 1]",0
3,4,gad7,9,PCA,LR,1,0.3913043478260869,0.4954954954954955,18,37,22,34,"[0 0 0 0 0 1 0 1 1 0 1 0 1 1 0 0 1 1 1 1 0 1 0 0 1 0 0 1 1 0 0 1 0 0 0 0 1
 0 0 0 0 0 1 0 0 0 0 1 0 1 1 0 1 0 0 0 0 0 1 0 0 1 0 1 0 1 0 0 0 1 0 1 0 0
 0 0 0 0 1 1 0 0 0 0 0 0 1 1 1 0 1 0 0 0 0 0 0 0 0 1 0 0 1 0 0 0 1 1 1 1 1]",0
4,4,gad7,9,PCA,XG,1,0.3516483516483517,0.46846846846846846,16,36,23,36,"[0 0 0 0 0 1 0 0 0 0 1 0 1 0 1 0 0 0 0 0 1 1 1 0 0 1 0 1 1 1 0 0 0 1 0 1 1
 0 0 0 0 1 0 1 0 0 1 1 0 0 0 1 0 0 0 0 0 0 0 0 0 1 1 1 0 0 0 1 0 0 0 0 1 0
 1 1 0 0 0 0 0 0 1 0 1 0 0 0 1 1 0 0 1 1 0 0 1 1 0 0 1 0 0 0 0 0 1 0 1 1 1]",0
5,4,gad7,9,PCA,SVC,2,0.5765765765765766,0.5765765765765766,32,32,27,20,"[1 1 1 1 1 1 0 1 1 0 1 1 0 1 1 0 1 1 1 1 0 0 0 1 0 0 1 1 0 0 0 1 0 0 0 0 1
 0 1 0 0 1 1 1 0 0 0 1 1 1 1 0 1 1 1 1 0 0 1 0 1 0 0 1 0 1 0 0 0 1 0 1 0 1
 1 0 0 0 1 1 0 0 1 1 0 1 1 1 1 1 1 0 0 0 0 0 1 0 1 1 0 0 0 0 0 1 1 1 0 1 1]",0
6,4,gad7,9,PCA,kNN,2,0.38834951456310685,0.43243243243243246,20,28,31,32,"[0 1 1 0 0 1 0 0 0 0 1 1 1 0 0 0 1 1 1 0 1 0 1 0 0 0 0 1 0 0 0 0 0 0 0 1 1
 1 0 1 1 1 0 1 0 0 0 1 1 1 1 0 0 0 0 1 1 1 1 1 1 1 0 0 0 1 1 1 0 1 0 0 0 1
 1 1 0 1 1 1 0 1 1 1 0 0 1 1 1 0 0 0 0 0 0 0 0 0 1 0 0 0 0 0 0 1 1 1 0 0 1]",0
7,4,gad7,9,PCA,RF,2,0.3578947368421052,0.45045045045045046,17,33,26,35,"[0 1 0 0 0 0 0 0 0 0 1 1 0 0 1 1 0 0 0 0 1 1 1 0 0 1 0 1 0 1 0 0 0 1 0 1 1
 1 0 0 1 1 0 1 0 0 0 1 0 0 1 1 1 0 0 1 1 1 1 0 0 1 1 1 0 0 1 1 1 1 0 0 0 0
 0 0 0 1 0 0 0 1 1 1 0 0 0 1 1 1 0 0 0 0 0 0 1 0 0 0 0 0 0 0 0 1 0 0 0 0 1]",0
8,4,gad7,9,PCA,LR,2,0.5346534653465348,0.5765765765765766,27,37,22,25,"[1 1 1 1 1 0 0 1 1 0 0 1 0 1 1 0 1 1 1 0 0 0 0 1 0 0 1 1 0 0 0 0 0 0 0 0 1
 0 1 0 0 1 0 1 0 0 0 0 1 1 1 0 1 1 1 1 0 0 1 0 1 0 0 1 0 1 0 0 0 1 0 1 0 1
 1 0 0 0 1 1 0 0 0 1 0 1 1 1 1 1 1 0 0 0 0 0 1 0 1 0 0 0 0 0 0 1 0 1 0 0 1]",0
9,4,gad7,9,PCA,XG,2,0.3958333333333333,0.4774774774774775,19,34,25,33,"[0 1 0 0 0 0 0 0 0 0 1 1 0 0 1 1 1 0 0 0 1 1 1 0 0 1 0 0 1 1 0 0 0 1 0 1 0
 1 0 0 1 1 0 1 1 0 0 0 0 0 0 1 1 0 0 0 1 1 1 0 0 1 1 1 0 0 1 1 1 1 0 0 0 0
 0 0 1 1 0 0 0 1 1 1 0 0 0 1 1 1 0 0 0 0 0 0 1 1 0 0 0 0 0 0 0 1 0 1 1 0 0]",0
10,4,gad7,9,PCA,SVC,3,0.5333333333333333,0.5585585585585585,28,34,25,24,"[1 1 1 0 1 1 0 1 1 0 1 1 0 0 1 0 1 1 1 1 0 0 0 1 0 0 1 1 0 0 0 1 0 0 0 0 1
 0 0 0 0 1 1 1 0 0 0 1 1 1 1 1 1 0 0 0 0 0 1 0 1 0 0 1 0 1 0 0 0 1 0 1 0 1
 1 0 0 0 1 1 0 0 1 1 0 1 1 1 1 0 1 0 0 0 0 0 1 0 1 1 0 0 0 0 0 1 1 1 0 1 1]",0
11,4,gad7,9,PCA,kNN,3,0.5576923076923077,0.5855855855855856,29,36,23,23,"[0 1 0 0 1 1 1 1 0 0 1 1 0 0 1 0 1 0 0 0 1 1 0 1 0 0 0 1 0 1 0 0 1 0 1 1 1
 1 1 0 0 1 0 0 0 0 0 1 1 1 1 1 1 1 1 1 0 0 1 0 1 1 0 0 0 0 1 1 1 1 0 0 0 1
 1 0 0 1 0 0 1 0 1 1 0 0 0 1 1 0 0 0 0 1 0 0 0 0 1 0 0 0 0 0 0 1 1 1 0 1 1]",0
12,4,gad7,9,PCA,RF,3,0.5263157894736843,0.5945945945945946,25,41,18,27,"[0 1 0 0 1 1 0 0 0 0 1 1 0 0 1 1 0 0 0 0 1 0 1 0 0 1 0 1 0 1 0 0 1 0 1 0 1
 0 1 0 0 1 1 1 0 0 0 1 0 1 1 1 1 1 0 1 0 0 1 0 0 1 1 0 0 0 1 0 1 1 0 0 0 0
 0 0 0 0 0 0 1 1 1 1 0 0 0 1 1 0 0 0 0 1 0 0 1 0 0 0 0 0 0 0 0 1 0 1 0 0 1]",0
13,4,gad7,9,PCA,LR,3,0.5636363636363636,0.5675675675675675,31,32,27,21,"[1 1 1 1 1 1 0 1 1 0 1 1 0 0 1 0 1 1 1 1 0 0 0 1 0 0 1 1 0 0 0 1 0 0 0 0 1
 0 1 0 0 1 0 1 0 0 0 1 1 1 1 1 1 1 1 1 0 0 1 0 1 0 0 1 0 1 0 0 0 1 0 1 0 1
 1 0 0 0 1 1 0 0 1 1 0 1 1 1 1 1 1 0 0 0 0 0 1 0 1 1 0 0 0 0 0 1 1 1 0 1 1]",0
14,4,gad7,9,PCA,XG,3,0.4421052631578947,0.5225225225225225,21,37,22,31,"[0 0 0 0 0 0 0 1 0 0 1 1 0 0 1 1 0 0 0 1 1 1 1 0 0 0 0 1 0 1 0 0 1 1 1 0 1
 0 0 0 1 1 1 1 0 0 0 0 0 1 1 1 1 0 0 0 0 0 1 0 1 1 1 0 0 0 1 1 1 1 0 0 0 0
 0 0 0 1 0 0 0 1 1 1 0 0 0 1 0 1 0 0 0 1 1 0 1 0 0 0 0 0 0 0 0 1 0 1 0 0 1]",0
15,4,gad7,9,PCA,SVC,4,0.5294117647058824,0.5675675675675675,27,36,23,25,"[0 1 1 0 1 1 0 1 1 0 1 0 1 0 0 1 1 0 0 1 0 1 0 1 0 0 1 1 0 1 0 1 0 1 0 0 1
 0 1 0 0 1 1 1 0 0 0 1 1 1 1 0 1 0 1 0 0 0 1 0 1 1 0 1 0 0 0 0 0 1 0 1 1 1
 1 0 0 0 0 0 0 0 1 1 0 1 0 1 1 0 1 0 0 0 0 0 0 0 0 1 0 0 0 0 0 1 1 1 0 1 1]",0
16,4,gad7,9,PCA,kNN,4,0.45714285714285713,0.4864864864864865,24,30,29,28,"[0 1 0 0 1 1 0 0 0 0 1 0 1 0 1 1 1 1 1 0 0 0 1 0 0 0 0 1 0 1 0 0 1 1 1 1 1
 0 0 0 0 0 1 0 0 0 0 1 1 1 1 0 1 0 1 1 1 0 1 0 1 1 0 1 1 1 1 1 0 1 0 0 0 1
 1 0 0 1 1 1 0 0 1 0 0 0 1 1 1 1 0 0 0 0 1 0 0 0 1 0 1 0 0 0 0 0 1 1 1 0 1]",0
17,4,gad7,9,PCA,RF,4,0.4680851063829788,0.5495495495495496,22,39,20,30,"[0 0 0 0 1 0 0 0 0 0 1 0 0 0 1 1 0 0 0 0 0 0 0 0 0 0 0 1 0 1 0 0 1 1 1 1 1
 0 1 0 0 0 1 0 0 0 0 1 1 1 1 1 1 0 1 0 0 0 1 0 1 1 1 0 0 0 1 0 0 1 0 0 0 1
 0 1 0 1 0 0 1 0 1 1 0 0 0 1 1 1 0 0 0 0 0 0 1 0 1 0 0 0 0 0 0 1 1 1 1 0 1]",0
18,4,gad7,9,PCA,LR,4,0.5233644859813084,0.5405405405405406,28,32,27,24,"[1 1 1 1 1 0 0 0 0 0 0 1 0 1 1 0 1 1 1 0 0 0 0 1 0 0 1 1 0 1 0 1 0 1 0 0 1
 0 1 0 0 1 0 1 0 0 0 0 1 1 1 1 1 1 1 1 0 0 1 0 1 1 0 1 0 1 0 0 0 1 0 1 1 1
 1 0 0 0 1 1 0 0 1 1 0 1 1 1 1 1 1 0 0 0 0 0 1 0 1 0 0 0 0 0 0 1 0 1 0 1 1]",0
19,4,gad7,9,PCA,XG,4,0.4375,0.5135135135135135,21,36,23,31,"[0 0 0 0 1 0 0 1 0 0 1 0 0 0 1 1 0 0 0 0 0 1 0 0 0 0 0 1 0 1 0 0 1 1 1 1 1
 0 1 0 1 0 1 0 0 0 0 1 1 1 1 1 1 1 1 0 0 0 1 0 1 1 1 0 0 0 1 1 0 1 0 0 0 1
 1 0 0 1 0 0 0 1 1 1 0 0 0 1 1 1 0 0 0 0 0 0 1 0 0 0 0 0 0 0 0 1 0 1 1 0 0]",0
20,4,gad7,9,PCA,SVC,1,0.32911392405063294,0.5225225225225225,13,45,14,39,"[0 0 0 1 0 1 0 0 0 1 0 1 1 1 0 0 0 0 0 0 0 0 0 0 0 0 0 0 0 0 1 0 0 1 0 0 0
 0 0 0 0 0 1 1 1 1 1 1 1 0 0 1 0 0 0 0 0 0 0 1 0 0 0 0 0 0 0 0 0 0 0 0 0 0
 0 0 0 0 0 0 0 1 1 0 0 0 0 0 1 0 0 1 0 1 0 0 1 0 1 1 0 0 0 0 0 0 1 0 1 0 0]",1
21,4,gad7,9,PCA,kNN,1,0.44897959183673475,0.5135135135135135,22,35,24,30,"[1 1 0 0 1 1 0 1 0 1 0 0 1 0 0 1 0 0 1 0 0 0 1 0 1 1 0 0 0 0 0 0 1 1 0 0 0
 0 0 1 0 1 1 0 1 1 1 0 0 0 1 1 0 0 0 0 0 0 1 0 0 1 0 1 0 1 0 0 0 1 1 1 0 0
 1 0 0 0 0 1 0 0 1 0 1 0 1 0 1 0 1 1 1 1 0 0 1 1 1 1 0 1 0 0 0 0 1 0 1 0 0]",1
22,4,gad7,9,PCA,RF,1,0.1728395061728395,0.3963963963963964,7,37,22,45,"[1 1 0 0 1 0 1 0 0 0 0 1 0 0 0 1 1 1 0 0 0 0 1 0 0 1 1 0 0 0 0 0 0 1 0 0 0
 0 0 0 0 0 1 0 0 0 0 1 0 0 1 1 0 0 0 0 0 0 1 0 0 1 1 0 0 0 0 0 0 0 0 0 0 0
 1 0 0 0 0 1 0 0 0 0 1 0 1 0 1 0 1 0 0 1 0 0 0 0 1 0 0 1 1 0 0 0 0 0 0 0 0]",1
23,4,gad7,9,PCA,LR,1,0.47058823529411764,0.43243243243243246,28,20,39,24,"[1 1 0 1 0 1 0 1 0 1 0 1 1 1 1 0 1 1 0 1 1 1 0 1 1 1 0 1 1 0 1 0 0 1 1 1 1
 0 1 1 0 0 1 1 1 1 1 1 1 0 1 1 0 0 0 0 1 0 1 1 1 0 1 0 0 1 0 1 0 0 0 1 1 1
 0 0 0 1 0 0 1 1 1 1 0 0 0 1 1 0 0 1 1 1 0 1 1 1 1 1 0 1 0 1 1 0 1 0 1 1 0]",1
24,4,gad7,9,PCA,XG,1,0.2439024390243902,0.44144144144144143,10,39,20,42,"[1 1 0 0 1 0 0 0 0 0 0 1 0 0 0 1 1 1 0 0 0 0 1 0 0 1 1 0 0 0 0 0 0 1 0 0 0
 0 0 0 0 0 1 0 0 0 0 1 0 0 1 1 0 0 0 0 0 0 1 0 0 1 1 0 0 0 0 0 0 0 0 1 0 0
 1 0 0 0 0 1 0 0 0 0 1 0 1 0 1 0 1 0 1 1 0 0 0 0 1 0 0 1 0 0 0 0 1 0 0 0 0]",1
25,4,gad7,9,PCA,SVC,2,0.2285714285714286,0.5135135135135135,8,49,10,44,"[0 0 0 1 0 0 0 0 0 1 0 1 1 0 0 0 0 0 0 0 0 0 0 1 0 0 0 0 0 0 1 0 0 0 0 1 0
 0 0 0 0 0 0 0 1 0 1 0 1 0 0 0 0 0 0 0 0 0 0 1 0 0 0 0 0 0 0 0 0 0 0 0 0 0
 0 0 0 0 0 0 0 1 1 0 0 0 0 1 1 0 0 0 0 0 0 0 1 0 1 0 0 0 0 0 0 0 0 0 1 0 0]",1
26,4,gad7,9,PCA,kNN,2,0.4271844660194175,0.46846846846846846,22,30,29,30,"[1 1 0 1 0 1 1 0 1 1 0 1 1 1 0 1 1 0 1 0 0 0 1 1 0 0 1 1 0 1 0 0 1 0 0 0 0
 0 0 0 0 1 1 1 1 0 0 0 1 0 1 0 0 0 0 0 1 0 1 1 0 1 1 0 0 0 0 1 0 0 0 1 0 0
 1 0 1 0 0 1 0 1 1 0 1 1 0 0 1 1 1 0 1 0 0 0 1 1 0 0 0 0 0 1 0 0 1 1 1 1 1]",1
27,4,gad7,9,PCA,RF,2,0.3225806451612903,0.43243243243243246,15,33,26,37,"[1 1 0 0 0 0 1 0 0 1 0 1 1 0 0 1 0 0 0 0 0 0 1 1 0 1 1 0 0 1 0 0 0 0 0 0 0
 0 0 0 0 1 1 0 1 0 1 0 1 0 0 0 1 0 0 0 1 0 1 1 0 1 0 0 0 0 0 0 0 0 0 1 0 0
 1 1 0 0 0 1 0 1 1 1 1 0 1 0 1 1 1 0 1 0 0 0 1 0 0 0 0 0 0 1 0 0 1 0 1 1 1]",1
28,4,gad7,9,PCA,LR,2,0.33333333333333337,0.4954954954954955,14,41,18,38,"[0 0 1 1 1 0 0 0 0 1 0 1 1 0 0 0 0 0 0 0 1 0 0 1 0 0 0 0 0 0 1 0 0 0 0 1 0
 0 0 0 1 0 0 0 1 0 1 0 1 1 0 0 0 0 0 0 0 0 0 1 1 0 0 1 1 0 0 0 0 0 0 0 1 0
 0 0 0 0 1 0 0 1 1 0 0 0 0 1 1 0 0 0 0 0 1 1 1 0 1 0 1 1 0 0 0 0 0 0 1 0 0]",1
29,4,gad7,9,PCA,XG,2,0.2921348314606742,0.43243243243243246,13,35,24,39,"[1 1 0 0 1 0 1 0 0 1 0 1 1 0 0 1 0 0 1 0 0 0 1 0 0 1 1 0 0 0 0 0 0 0 0 0 0
 0 0 1 0 0 1 0 1 0 1 0 1 0 0 0 1 0 0 0 1 0 1 1 0 1 0 0 0 0 0 0 0 0 0 1 0 0
 1 1 0 0 0 1 0 1 1 0 1 0 1 0 0 0 1 0 1 0 0 0 1 0 0 0 0 0 0 0 0 0 1 1 1 0 1]",1
30,4,gad7,9,PCA,SVC,3,0.25316455696202533,0.46846846846846846,10,42,17,42,"[0 0 0 1 0 0 0 0 0 1 0 1 1 0 0 0 0 0 1 0 0 0 1 1 0 0 1 0 0 0 1 0 0 0 0 1 0
 0 0 0 0 0 0 0 1 0 1 0 1 0 0 0 1 0 0 0 0 0 0 1 0 1 0 0 0 0 0 0 0 0 0 0 0 0
 1 0 0 0 0 0 0 1 1 0 1 0 0 1 1 0 1 0 0 0 0 0 1 0 1 0 0 1 0 0 0 0 0 0 1 0 0]",1
31,4,gad7,9,PCA,kNN,3,0.4761904761904762,0.5045045045045045,25,31,28,27,"[1 0 0 1 1 1 1 0 1 1 0 1 0 0 0 1 1 1 1 0 0 1 0 0 0 1 0 1 0 1 1 0 1 0 1 1 0
 0 1 1 0 1 1 1 0 0 0 1 1 0 1 1 1 0 0 1 0 1 1 1 0 0 1 0 0 1 0 1 0 0 1 1 0 0
 0 0 0 1 0 1 0 1 1 0 0 1 1 0 1 0 1 0 0 0 0 0 1 1 0 0 0 0 0 1 0 0 1 0 1 1 0]",1
32,4,gad7,9,PCA,RF,3,0.3516483516483517,0.46846846846846846,16,36,23,36,"[0 0 1 0 1 0 1 0 0 1 0 1 1 0 0 1 1 0 0 0 0 0 1 0 0 1 1 0 0 1 1 0 1 0 0 0 0
 0 1 1 0 1 1 0 1 0 1 0 1 0 0 1 1 0 0 0 0 0 1 1 0 1 0 0 0 1 0 0 0 0 0 0 0 0
 1 0 0 0 0 1 0 0 1 1 1 0 1 0 1 0 1 0 0 0 0 0 1 0 0 0 0 0 0 1 0 0 0 0 1 0 1]",1
33,4,gad7,9,PCA,LR,3,0.33333333333333337,0.4954954954954955,14,41,18,38,"[0 0 1 1 1 0 0 0 0 1 0 1 1 0 0 0 0 0 0 0 1 0 0 1 0 0 0 0 0 0 1 0 0 0 0 1 0
 0 0 0 1 0 0 0 1 0 1 0 1 1 0 0 0 0 0 0 0 0 0 1 1 0 0 1 1 0 0 0 0 0 0 0 1 0
 0 0 0 0 1 0 0 1 1 0 0 0 0 1 1 0 0 0 0 0 1 1 1 0 1 0 1 1 0 0 0 0 0 0 1 0 0]",1
34,4,gad7,9,PCA,XG,3,0.33333333333333337,0.4954954954954955,14,41,18,38,"[0 0 1 1 1 0 1 0 0 1 0 1 0 0 0 1 0 0 1 0 0 1 0 0 0 0 0 0 0 0 1 0 1 0 0 0 0
 0 0 1 0 1 1 0 1 0 1 0 1 0 0 0 1 0 0 0 0 0 1 1 0 0 0 0 0 0 0 0 0 0 0 0 0 0
 0 0 0 0 0 1 0 0 1 1 0 0 1 0 0 1 1 0 0 0 0 0 1 0 1 0 0 0 0 1 0 0 0 1 1 0 1]",1
35,4,gad7,9,PCA,SVC,4,0.24,0.4864864864864865,9,45,14,43,"[0 0 0 1 0 0 0 0 0 1 0 1 1 0 0 0 0 0 1 0 0 0 1 1 0 0 1 0 0 0 1 0 0 0 0 1 0
 0 0 0 0 0 0 0 1 0 1 0 1 0 0 0 1 0 0 0 0 0 0 1 0 1 0 0 0 0 0 0 0 0 0 0 0 0
 1 0 0 0 0 0 0 1 1 0 1 0 0 0 0 0 1 0 0 0 0 0 0 0 1 0 0 0 0 0 0 0 0 0 1 0 0]",1
36,4,gad7,9,PCA,kNN,4,0.4814814814814815,0.4954954954954955,26,29,30,26,"[1 0 0 1 1 0 1 1 1 1 0 0 0 0 1 1 0 1 1 0 0 1 0 0 0 1 0 1 0 1 1 0 1 0 1 1 1
 0 1 0 0 1 1 1 1 0 0 0 1 0 1 1 0 0 0 0 1 1 1 1 0 0 1 1 0 0 0 1 0 0 1 0 0 1
 0 0 0 1 0 1 0 1 1 1 0 1 1 0 0 0 1 1 0 1 0 0 1 1 0 0 0 0 1 1 1 0 1 1 1 0 1]",1
37,4,gad7,9,PCA,RF,4,0.30588235294117644,0.46846846846846846,13,39,20,39,"[0 0 1 1 0 0 0 0 0 1 0 1 1 0 0 0 0 0 0 0 0 0 1 0 0 0 1 1 0 0 1 0 1 0 0 0 0
 0 0 0 0 1 1 0 1 0 1 0 1 0 0 0 1 0 0 0 0 0 1 1 0 1 0 0 0 0 0 0 0 0 0 0 0 0
 1 0 0 0 0 1 0 1 1 1 1 0 1 0 0 0 1 0 0 0 0 0 1 0 0 0 0 0 0 1 0 0 1 1 1 0 1]",1
38,4,gad7,9,PCA,LR,4,0.3529411764705882,0.5045045045045045,15,41,18,37,"[0 0 1 1 1 0 0 0 0 1 0 1 1 0 0 0 0 0 0 0 1 0 0 1 0 0 0 0 0 0 1 0 0 0 0 1 0
 0 0 0 1 0 0 0 1 0 1 0 1 1 0 1 0 0 0 0 0 0 0 1 1 0 0 1 1 0 0 0 0 0 0 0 1 0
 0 0 0 0 1 0 0 1 1 0 0 0 0 1 1 0 0 0 0 0 1 1 1 0 1 0 1 1 0 0 0 0 0 0 1 0 0]",1
39,4,gad7,9,PCA,XG,4,0.39534883720930236,0.5315315315315315,17,42,17,35,"[0 0 1 1 1 0 1 0 0 1 0 1 0 0 0 0 0 0 1 0 0 1 0 0 0 0 0 0 0 1 1 0 1 0 0 0 0
 0 0 1 0 1 1 0 1 0 1 0 1 0 0 0 0 0 0 0 0 0 1 1 0 0 0 0 0 0 0 1 0 0 1 0 0 0
 0 0 0 0 0 1 1 0 1 1 0 0 1 0 0 0 1 0 0 0 0 0 1 0 1 0 0 0 0 1 0 0 1 1 1 0 1]",1
40,4,gad7,9,PCA,SVC,1,0.5225225225225225,0.5225225225225225,29,29,30,23,"[0 0 1 0 1 0 1 1 0 1 1 1 0 1 0 1 1 0 0 1 1 1 1 0 0 0 0 0 1 1 0 0 0 1 1 1 1
 1 0 1 1 1 1 0 1 1 1 0 1 1 1 0 1 0 1 0 1 1 1 0 0 0 0 1 1 0 0 1 0 0 1 0 0 0
 0 0 1 1 1 1 0 0 0 1 1 0 0 0 0 0 1 1 0 1 0 1 0 1 1 1 0 1 1 0 0 1 1 1 1 0 0]",2
41,4,gad7,9,PCA,kNN,1,0.44036697247706424,0.45045045045045046,24,26,33,28,"[1 0 0 0 1 1 0 0 0 0 1 0 1 1 1 0 1 1 0 0 1 1 1 0 0 1 1 0 1 1 0 0 0 0 0 0 0
 1 0 1 0 1 0 0 0 1 1 0 1 0 1 0 1 0 1 0 1 1 0 1 1 0 0 0 0 1 1 1 1 0 1 0 0 1
 1 1 1 1 1 1 0 0 0 1 1 1 1 1 1 0 1 0 0 0 1 0 1 0 0 1 1 1 1 0 0 0 0 1 0 1 1]",2
42,4,gad7,9,PCA,RF,1,0.40425531914893614,0.4954954954954955,19,36,23,33,"[1 0 0 0 1 1 0 0 0 0 0 0 1 0 1 0 1 0 0 0 1 1 0 1 0 1 0 0 1 1 1 0 0 0 0 0 0
 0 0 1 0 1 0 1 0 0 0 0 0 0 0 0 1 0 0 0 0 1 0 1 1 1 0 0 1 0 1 1 1 0 0 0 0 0
 1 0 1 1 0 1 0 0 0 0 0 1 0 1 1 0 1 0 0 0 1 0 1 0 0 1 1 1 0 1 1 0 0 0 0 1 1]",2
43,4,gad7,9,PCA,LR,1,0.5483870967741936,0.4954954954954955,34,21,38,18,"[0 1 0 1 1 1 0 0 1 0 1 1 1 0 1 1 1 0 1 0 1 0 1 1 1 0 1 1 0 1 1 1 1 1 1 0 0
 1 1 1 0 1 0 1 1 0 0 1 0 1 1 1 1 1 0 1 0 0 1 0 1 1 1 0 1 0 0 1 0 1 0 0 1 0
 1 0 0 1 1 1 1 1 1 1 0 1 1 1 1 1 0 1 1 1 0 0 1 1 0 1 1 1 0 1 1 1 0 1 1 1 0]",2
44,4,gad7,9,PCA,XG,1,0.41379310344827586,0.5405405405405406,18,42,17,34,"[1 0 0 0 1 1 0 0 0 0 0 0 1 0 0 0 1 0 0 0 1 1 0 0 0 1 0 0 1 1 0 0 0 0 0 0 0
 0 0 1 0 1 0 0 0 0 0 0 0 0 0 0 1 0 0 0 0 1 0 1 1 0 0 0 1 0 1 1 1 0 0 0 0 0
 0 0 1 1 0 1 0 0 0 0 0 1 0 1 1 0 1 0 0 0 1 0 1 0 0 1 1 1 0 0 1 0 0 0 0 1 1]",2
45,4,gad7,9,PCA,SVC,2,0.48598130841121495,0.5045045045045045,26,30,29,26,"[0 1 1 0 0 1 1 1 1 1 0 1 0 1 0 0 0 0 0 1 1 1 0 1 0 0 1 0 1 0 0 0 0 0 1 1 1
 1 0 0 1 1 1 0 0 1 1 0 1 1 1 1 1 1 1 1 1 1 1 0 0 0 0 1 1 0 0 0 0 0 1 0 0 0
 0 1 1 1 0 0 0 0 0 0 1 0 0 1 1 0 1 0 0 1 1 1 1 0 1 1 0 0 1 0 1 0 1 0 1 0 0]",2
46,4,gad7,9,PCA,kNN,2,0.45714285714285713,0.4864864864864865,24,30,29,28,"[1 1 0 0 1 0 1 0 1 0 0 1 0 1 0 1 0 0 1 0 1 1 0 0 0 0 1 1 1 1 0 0 0 1 1 1 0
 0 0 0 0 0 1 0 0 1 1 0 0 1 0 0 0 1 1 0 1 0 1 1 0 0 0 0 1 1 1 0 1 0 1 1 1 0
 0 1 0 1 1 0 0 0 1 1 1 0 0 1 1 0 1 0 0 0 1 0 1 1 1 0 1 1 1 0 1 0 0 0 1 1 0]",2
47,4,gad7,9,PCA,RF,2,0.4044943820224719,0.5225225225225225,18,40,19,34,"[0 1 0 0 1 1 1 0 1 0 1 0 0 0 0 1 1 0 0 0 1 1 0 0 0 0 0 0 1 1 0 0 0 1 0 1 0
 0 0 0 0 0 0 0 0 0 1 0 0 1 0 0 0 0 0 0 0 1 0 0 0 0 0 0 1 1 1 0 1 0 0 1 1 1
 0 1 0 1 0 0 0 0 1 1 0 1 0 1 0 0 1 0 0 1 1 0 1 1 0 0 0 1 0 0 0 0 0 0 1 0 0]",2
48,4,gad7,9,PCA,LR,2,0.41666666666666663,0.4954954954954955,20,35,24,32,"[0 1 0 0 0 1 1 0 1 0 0 1 0 1 0 0 0 0 0 0 1 1 0 1 0 0 1 0 1 0 0 0 0 0 1 1 0
 1 0 0 0 1 1 0 0 1 1 0 0 1 1 1 1 1 1 1 1 0 1 0 0 0 0 0 1 0 0 0 0 0 1 0 0 0
 0 1 0 1 0 0 0 0 0 0 1 0 0 1 1 0 1 0 0 1 1 1 1 0 1 1 0 0 1 0 1 0 0 0 1 0 0]",2
49,4,gad7,9,PCA,XG,2,0.3448275862068965,0.4864864864864865,15,39,20,37,"[0 1 0 0 1 1 1 0 0 0 0 0 0 0 0 1 1 0 1 0 0 1 0 1 0 0 0 1 1 1 0 0 0 1 0 1 0
 0 0 1 0 0 0 0 0 0 1 0 0 1 0 0 1 1 0 0 0 1 0 0 0 1 0 0 0 1 0 0 0 0 0 1 0 1
 0 0 0 1 0 0 0 0 1 1 0 1 0 1 0 0 1 0 0 0 1 0 1 1 0 0 0 1 0 0 0 0 0 0 1 0 0]",2
50,4,gad7,9,PCA,SVC,3,0.49056603773584906,0.5135135135135135,26,31,28,26,"[0 1 1 0 0 1 1 1 1 1 0 1 0 1 0 0 0 0 0 1 1 1 0 1 0 0 1 0 1 0 0 0 0 0 1 1 1
 1 0 0 1 1 0 0 0 1 1 0 1 1 1 1 1 1 1 1 1 1 1 1 0 0 0 1 1 0 0 0 0 0 1 0 0 0
 0 0 1 1 0 0 0 0 0 0 1 0 0 1 1 0 1 0 0 1 1 1 1 0 1 1 0 0 1 0 1 0 1 0 1 0 0]",2
51,4,gad7,9,PCA,kNN,3,0.4761904761904762,0.5045045045045045,25,31,28,27,"[1 1 0 0 0 1 1 0 1 0 0 1 0 1 1 0 0 0 1 0 1 1 0 0 0 0 0 0 1 1 0 0 0 1 1 1 0
 0 0 0 0 1 0 1 1 1 1 1 0 1 0 1 1 1 1 0 1 0 1 1 0 0 1 0 1 0 1 0 0 1 1 0 1 0
 0 1 1 1 0 0 0 1 1 1 1 1 0 1 0 0 1 0 0 1 1 0 0 1 1 1 0 0 1 0 1 0 0 0 0 0 0]",2
52,4,gad7,9,PCA,RF,3,0.4946236559139785,0.5765765765765766,23,41,18,29,"[0 0 0 0 1 1 1 0 1 0 0 1 1 0 0 1 1 0 1 0 1 1 0 0 0 0 0 0 1 0 0 0 0 1 1 1 0
 1 0 0 0 0 0 0 0 0 1 0 0 1 0 1 1 1 0 0 0 1 0 0 0 0 0 0 1 1 1 0 0 0 0 1 1 0
 0 1 0 1 0 0 0 0 1 1 0 1 0 1 0 0 1 0 0 0 1 0 1 1 0 1 0 1 0 0 1 0 0 0 1 0 0]",2
53,4,gad7,9,PCA,LR,3,0.5,0.5135135135135135,27,30,29,25,"[0 1 1 0 0 1 1 1 1 1 0 1 0 1 0 0 0 0 0 1 1 1 0 1 0 0 1 0 1 0 0 0 0 0 1 1 1
 1 0 0 1 1 1 0 1 1 1 0 1 1 1 1 1 1 1 1 1 1 1 0 0 0 0 1 1 0 0 0 0 0 1 0 0 0
 0 1 1 1 0 0 0 0 0 0 1 0 0 1 1 0 1 0 0 1 1 1 1 0 1 1 0 0 1 0 1 0 1 0 1 0 0]",2
54,4,gad7,9,PCA,XG,3,0.44680851063829785,0.5315315315315315,21,38,21,31,"[0 0 0 0 1 1 1 0 1 0 0 1 1 0 0 1 1 0 0 0 0 1 0 0 0 0 0 1 1 1 0 0 0 1 0 1 0
 1 0 1 0 0 0 0 0 0 1 1 0 1 0 1 0 0 0 0 0 1 0 0 1 0 0 0 1 1 1 0 1 0 0 1 0 0
 0 1 0 1 0 0 0 0 1 1 0 1 0 1 0 1 1 0 0 0 1 0 1 1 0 1 0 1 0 0 1 0 0 0 1 0 0]",2
55,4,gad7,9,PCA,SVC,4,0.505050505050505,0.5585585585585585,25,37,22,27,"[0 1 1 0 0 1 1 1 1 1 0 1 0 0 0 0 0 0 0 1 1 1 0 1 0 0 1 0 1 0 0 0 0 0 1 1 1
 1 0 0 1 1 0 0 0 0 1 0 1 1 1 1 1 1 0 1 0 1 1 1 0 0 0 1 1 0 0 0 0 0 0 0 0 0
 0 0 1 1 0 0 0 0 0 0 0 0 0 1 1 0 1 0 0 1 1 1 1 0 1 1 0 0 0 0 1 0 1 0 1 0 0]",2
56,4,gad7,9,PCA,kNN,4,0.4915254237288136,0.4594594594594595,29,22,37,23,"[1 1 1 0 1 1 1 0 1 0 1 1 0 1 1 0 1 0 1 0 1 1 0 0 1 1 1 0 1 1 1 0 0 1 1 1 0
 0 0 0 1 1 1 0 0 1 1 1 0 1 1 0 1 1 1 0 1 1 1 1 0 1 0 0 1 0 1 0 1 1 1 0 0 0
 1 1 1 1 0 0 0 0 1 1 1 0 1 1 0 0 1 0 0 1 1 0 1 1 1 0 1 1 1 1 1 0 0 0 1 0 0]",2
57,4,gad7,9,PCA,RF,4,0.4318181818181818,0.5495495495495496,19,42,17,33,"[1 0 1 0 1 1 1 0 1 0 0 0 0 0 1 1 1 0 1 0 0 1 0 0 1 1 1 0 1 0 0 0 0 1 0 1 0
 0 0 0 0 1 0 0 0 0 1 0 0 1 0 0 1 0 0 0 0 1 0 0 0 0 0 0 1 0 1 0 0 0 0 0 0 0
 0 1 0 1 0 0 0 0 0 1 0 0 1 1 0 0 1 0 0 0 1 0 1 1 0 1 0 1 0 0 0 0 0 0 1 0 0]",2
58,4,gad7,9,PCA,LR,4,0.48000000000000004,0.5315315315315315,24,35,24,28,"[0 1 1 0 0 1 0 1 1 1 0 1 0 0 0 0 0 0 1 1 1 1 0 1 0 0 1 0 1 0 0 0 0 0 1 1 1
 1 0 0 1 1 1 0 0 0 1 0 1 1 1 1 1 1 0 1 0 1 1 1 0 0 0 1 1 0 0 0 0 0 0 0 0 0
 0 1 1 1 0 0 0 0 0 0 0 0 0 1 1 0 1 0 0 1 1 1 1 0 0 1 0 0 0 0 1 0 1 0 1 0 0]",2
59,4,gad7,9,PCA,XG,4,0.33333333333333337,0.4954954954954955,14,41,18,38,"[0 0 0 0 1 1 0 0 1 0 0 0 1 0 1 1 1 0 1 0 0 1 0 0 0 1 0 1 1 1 0 0 0 1 0 0 0
 0 0 1 0 0 0 0 0 0 0 0 0 1 0 1 1 0 0 0 0 1 0 0 0 0 0 0 0 0 1 0 0 0 0 0 0 0
 0 0 0 1 0 0 0 0 0 1 0 0 1 1 0 0 0 0 0 0 1 0 1 1 0 1 0 1 0 1 0 0 0 0 1 1 0]",2
60,4,gad7,9,PCA,SVC,1,0.24324324324324326,0.4954954954954955,9,46,13,43,"[0 0 0 1 1 0 0 0 0 0 0 1 1 0 0 0 0 0 0 0 0 0 0 0 1 0 0 1 0 0 0 0 0 0 0 0 0
 0 0 1 0 0 1 0 0 0 1 0 0 1 0 0 0 0 1 0 0 1 0 0 0 0 0 0 0 0 0 0 1 1 0 1 0 0
 0 0 0 0 0 0 0 0 0 1 0 0 0 0 0 0 0 0 0 1 0 1 0 1 0 0 0 0 1 0 0 0 0 0 1 1 0]",3
61,4,gad7,9,PCA,kNN,1,0.4814814814814815,0.4954954954954955,26,29,30,26,"[0 1 0 0 1 0 0 0 0 1 0 1 0 1 1 0 0 0 0 1 1 1 0 1 1 0 0 1 0 0 1 0 0 1 0 0 0
 0 0 1 0 1 1 0 0 0 1 1 1 1 1 0 0 0 1 0 1 1 0 0 1 0 0 0 1 1 0 1 1 0 0 0 0 1
 1 1 0 0 0 1 1 1 1 1 0 1 1 1 0 1 1 1 0 1 0 1 0 1 0 1 0 1 1 0 1 1 1 1 1 0 1]",3
62,4,gad7,9,PCA,RF,1,0.32608695652173914,0.44144144144144143,15,34,25,37,"[0 0 0 0 1 0 0 0 0 0 0 1 1 0 1 0 0 0 0 0 1 1 0 1 1 0 0 0 1 0 1 1 0 1 0 0 0
 0 1 0 0 1 1 1 1 0 0 0 1 1 0 0 0 1 1 0 0 1 0 0 1 0 0 0 1 1 0 1 1 0 1 0 0 1
 0 1 0 0 1 0 1 1 0 1 0 1 1 0 0 0 1 0 0 0 0 0 0 0 0 1 0 0 0 0 1 0 1 0 0 0 0]",3
63,4,gad7,9,PCA,LR,1,0.3333333333333333,0.4594594594594595,15,36,23,37,"[0 0 0 1 0 0 0 0 0 1 0 0 1 0 0 0 0 1 1 1 0 0 0 0 1 0 0 1 0 0 0 1 0 0 0 1 0
 0 0 1 0 0 1 1 0 1 1 0 0 1 0 1 0 1 0 0 0 1 0 0 0 0 1 1 1 1 0 0 1 1 1 1 0 0
 0 1 0 1 0 0 0 0 0 0 0 1 0 0 0 0 1 0 1 1 0 1 1 1 0 0 0 0 1 0 0 0 0 0 0 1 0]",3
64,4,gad7,9,PCA,XG,1,0.3225806451612903,0.43243243243243246,15,33,26,37,"[0 0 0 0 1 0 0 0 0 0 0 1 1 0 1 0 0 0 0 0 1 1 0 1 1 0 0 0 1 0 1 1 1 1 0 0 0
 0 0 0 0 1 1 1 1 0 0 0 1 1 0 0 0 1 1 0 0 1 0 0 1 0 0 0 1 1 0 1 1 0 1 0 0 1
 0 1 0 0 0 0 1 1 0 1 0 1 1 0 0 0 1 0 0 0 0 0 0 0 0 1 0 1 0 0 1 0 1 1 0 0 0]",3
65,4,gad7,9,PCA,SVC,2,0.3829787234042554,0.4774774774774775,18,35,24,34,"[1 0 0 1 1 0 1 0 0 1 0 1 1 0 0 0 0 0 0 1 0 0 0 0 1 0 1 1 0 0 0 0 0 0 0 0 0
 0 0 1 1 1 1 1 0 0 1 0 0 1 1 0 0 1 1 1 0 1 0 1 0 0 0 0 0 1 1 0 1 1 0 1 0 0
 0 1 0 1 0 0 1 0 0 1 0 0 0 0 0 0 1 0 0 1 0 1 0 1 0 0 0 0 1 0 0 0 1 1 1 1 0]",3
66,4,gad7,9,PCA,kNN,2,0.42424242424242425,0.4864864864864865,21,33,26,31,"[0 0 0 0 1 0 0 0 0 1 0 1 0 0 0 0 0 0 0 1 0 0 0 0 1 0 0 0 1 0 0 1 1 0 0 0 0
 0 0 1 0 0 1 1 1 0 0 0 1 1 0 0 0 0 0 1 1 1 1 1 1 0 0 0 1 1 0 1 1 1 1 0 0 1
 1 1 1 0 0 1 0 1 1 1 0 1 1 1 1 0 1 1 0 1 0 1 0 0 0 1 0 1 0 1 0 0 1 0 1 0 0]",3
67,4,gad7,9,PCA,RF,2,0.37500000000000006,0.4594594594594595,18,33,26,34,"[0 0 0 1 1 1 0 0 1 1 0 1 0 0 1 0 0 0 0 1 0 0 0 0 1 0 1 1 0 0 0 0 1 0 0 0 0
 0 0 1 0 0 1 1 0 0 0 1 1 0 1 0 0 1 1 0 1 1 1 0 1 0 0 0 0 1 0 1 1 0 0 1 0 1
 1 1 0 0 1 0 1 1 1 1 0 1 0 0 1 0 1 1 0 0 0 0 0 0 0 1 0 1 0 0 0 0 1 0 1 0 0]",3
68,4,gad7,9,PCA,LR,2,0.5663716814159292,0.5585585585585585,32,30,29,20,"[0 0 0 0 1 0 1 1 1 1 0 1 0 1 0 0 1 1 1 1 1 0 0 0 0 1 0 0 0 0 0 1 0 1 1 1 0
 1 0 1 0 1 1 1 0 1 0 0 1 1 1 1 1 1 1 1 1 1 0 1 0 1 1 1 1 1 1 0 0 0 1 1 0 0
 1 1 0 1 0 0 1 0 1 0 1 1 0 0 0 0 1 1 1 1 0 1 1 1 0 0 1 0 0 0 1 1 1 0 0 0 1]",3
69,4,gad7,9,PCA,XG,2,0.32989690721649484,0.4144144144144144,16,30,29,36,"[0 1 0 1 1 0 0 0 1 0 0 1 0 0 1 0 0 0 0 1 0 0 0 0 1 0 1 1 1 0 1 0 1 0 0 0 0
 0 0 0 0 0 1 1 1 0 0 0 1 1 0 0 0 1 1 0 1 1 0 0 1 0 0 0 1 1 0 1 1 0 0 1 0 1
 1 1 0 0 1 0 1 1 1 1 0 1 1 0 0 0 1 1 0 0 0 0 0 0 1 1 0 1 0 0 0 0 1 0 1 0 0]",3
70,4,gad7,9,PCA,SVC,3,0.5039370078740159,0.43243243243243246,32,16,43,20,"[1 1 1 1 1 0 1 0 0 1 1 1 1 0 0 1 0 0 0 1 0 1 1 0 1 1 1 1 1 1 0 1 1 0 0 0 1
 0 1 1 1 1 1 1 0 0 1 1 1 1 1 0 0 1 1 1 0 1 1 1 1 0 0 0 1 1 1 1 1 1 1 1 1 1
 1 1 1 1 1 1 1 1 1 1 0 0 1 1 0 0 1 0 1 1 0 1 0 1 1 0 0 0 1 1 0 0 1 1 1 1 0]",3
71,4,gad7,9,PCA,kNN,3,0.5098039215686274,0.5495495495495496,26,35,24,26,"[1 1 0 1 1 0 0 0 1 1 0 1 0 0 1 0 1 0 0 1 0 1 0 0 0 0 1 0 0 0 1 1 1 0 0 0 1
 0 0 1 0 0 1 1 0 0 1 0 0 1 0 0 0 1 1 1 0 1 1 1 0 0 0 0 1 1 0 1 1 1 1 1 0 0
 0 1 0 1 1 0 0 0 0 1 0 1 1 1 0 0 1 1 1 1 0 1 0 1 1 0 0 1 0 0 0 1 0 0 0 0 0]",3
72,4,gad7,9,PCA,RF,3,0.39175257731958757,0.46846846846846846,19,33,26,33,"[0 1 0 1 1 0 0 0 1 1 0 1 0 0 1 0 1 0 0 1 0 0 0 0 1 0 1 0 0 0 0 0 0 0 0 0 0
 0 0 1 0 0 1 1 1 0 1 0 0 0 1 0 0 1 1 0 1 1 0 0 1 0 0 0 1 1 0 1 1 1 0 1 1 1
 1 1 0 0 0 0 1 1 1 1 0 1 0 1 0 0 1 1 0 0 0 0 0 1 0 1 0 1 0 1 0 0 1 0 0 0 0]",3
73,4,gad7,9,PCA,LR,3,0.5913043478260869,0.5765765765765766,34,30,29,18,"[0 0 0 0 1 0 1 1 1 1 0 1 0 1 0 0 1 1 1 1 1 0 0 0 1 1 0 1 0 0 0 1 0 1 1 1 0
 1 0 1 0 1 1 1 0 1 0 0 1 1 1 1 1 1 1 1 1 1 0 1 0 1 1 1 1 1 1 0 0 0 1 1 0 0
 1 1 0 1 0 0 1 0 1 0 1 1 0 0 0 0 1 1 1 1 0 1 1 1 0 0 1 0 0 0 1 1 1 0 0 0 1]",3
74,4,gad7,9,PCA,XG,3,0.3695652173913044,0.4774774774774775,17,36,23,35,"[0 1 0 1 1 0 0 0 1 0 0 1 0 0 1 0 0 0 0 1 0 0 0 0 1 0 1 0 1 0 0 0 0 0 0 0 1
 0 0 0 0 0 1 1 1 0 1 0 0 0 0 0 0 1 1 0 1 1 1 0 1 0 0 0 1 1 0 1 1 1 0 1 1 0
 1 0 0 0 0 0 1 1 0 1 0 0 0 1 0 0 1 1 0 0 0 0 0 1 0 1 0 0 0 1 1 0 1 0 0 0 0]",3
75,4,gad7,9,PCA,SVC,4,0.45161290322580644,0.5405405405405406,21,39,20,31,"[0 0 0 0 1 0 1 0 0 1 0 1 0 0 0 0 0 0 0 1 0 0 0 0 1 1 0 0 1 0 0 1 1 0 0 0 0
 1 0 1 0 1 1 1 0 0 1 0 0 1 1 0 0 1 1 1 0 1 1 1 0 0 0 0 1 1 1 0 1 1 1 0 0 0
 0 1 0 1 0 0 1 0 0 1 0 0 0 0 0 0 1 0 1 1 0 1 0 1 0 0 0 0 0 0 0 0 1 0 0 1 0]",3
76,4,gad7,9,PCA,kNN,4,0.49056603773584906,0.5135135135135135,26,31,28,26,"[0 0 0 0 1 0 0 0 0 1 1 1 1 0 1 0 1 0 0 1 0 0 1 0 0 0 0 0 1 1 1 1 1 0 0 0 0
 1 0 1 0 0 1 1 1 0 1 0 0 1 0 0 0 1 0 1 1 1 1 1 1 0 0 0 1 1 0 1 1 1 1 1 0 0
 0 1 0 0 1 0 0 1 0 1 0 1 0 0 1 0 1 1 1 1 0 1 0 1 0 1 0 1 1 1 0 1 1 0 1 0 0]",3
77,4,gad7,9,PCA,RF,4,0.4,0.4864864864864865,19,35,24,33,"[0 1 0 1 1 0 0 0 1 1 0 1 0 0 1 0 0 0 0 1 0 0 0 0 0 0 1 0 0 0 0 0 1 0 0 0 0
 1 0 1 0 0 1 1 1 0 1 0 0 0 1 0 0 1 1 0 1 1 1 1 1 0 0 0 1 1 0 1 1 0 1 1 0 0
 1 1 0 0 1 0 0 1 1 1 0 1 0 1 1 0 1 0 0 0 0 0 0 1 0 1 0 0 0 0 0 0 1 0 0 0 0]",3
78,4,gad7,9,PCA,LR,4,0.5932203389830509,0.5675675675675675,35,28,31,17,"[0 0 0 1 1 0 1 1 1 1 0 1 0 1 0 0 1 1 1 1 1 0 0 0 1 1 0 1 0 0 0 1 0 1 1 1 0
 1 0 1 0 1 1 1 0 1 0 0 1 1 1 1 1 1 1 1 1 1 0 1 0 1 1 1 1 1 1 0 0 0 1 1 0 0
 1 1 0 1 0 0 1 0 1 0 1 1 0 0 0 0 1 1 1 1 0 1 1 1 0 0 1 0 1 0 1 1 1 0 1 0 1]",3
79,4,gad7,9,PCA,XG,4,0.3736263736263737,0.4864864864864865,17,37,22,35,"[0 1 0 1 1 0 0 0 1 0 0 1 0 0 1 0 0 0 0 1 0 0 0 0 0 0 1 0 0 0 0 0 0 0 0 0 0
 0 0 1 0 0 1 1 1 0 1 0 0 0 0 0 0 1 1 0 1 1 1 1 1 0 0 0 1 1 0 1 1 1 0 1 1 0
 1 0 0 0 0 0 1 1 0 1 0 1 0 1 0 0 0 1 0 0 0 0 0 1 0 1 0 0 0 0 1 0 1 0 1 0 0]",3
80,4,gad7,9,PCA,SVC,1,0.2337662337662338,0.46846846846846846,9,43,16,43,"[0 0 1 0 0 1 0 0 0 0 0 1 0 0 0 0 1 0 0 0 0 0 1 0 0 1 0 0 0 0 0 0 0 0 0 0 0
 0 0 0 0 0 0 0 1 0 0 1 1 0 0 0 0 0 0 0 0 0 0 0 0 0 0 1 0 0 0 0 0 0 1 0 0 0
 1 0 0 0 0 1 0 1 0 0 0 0 0 0 1 0 0 1 0 0 1 0 0 0 1 1 1 1 0 0 0 1 1 1 0 1 0]",4
81,4,gad7,9,PCA,kNN,1,0.5046728971962617,0.5225225225225225,27,31,28,25,"[0 0 0 0 0 0 0 1 1 0 0 1 1 0 1 0 0 0 1 0 0 0 1 0 0 1 1 0 0 1 0 0 0 1 1 1 1
 1 0 1 0 0 0 1 1 1 1 1 1 0 0 1 1 0 1 0 1 0 0 0 1 1 1 1 0 1 0 0 0 1 0 1 0 1
 1 0 1 1 0 1 1 1 0 0 0 0 1 0 1 0 1 1 1 1 1 1 0 0 1 1 0 0 0 0 1 0 1 1 1 1 0]",4
82,4,gad7,9,PCA,RF,1,0.43999999999999995,0.4954954954954955,22,33,26,30,"[0 0 0 1 0 0 0 0 0 1 1 1 1 0 0 0 0 0 1 0 1 0 1 0 0 0 1 1 1 1 0 1 0 1 1 0 0
 0 0 0 0 1 0 1 1 0 1 1 1 0 0 0 0 0 0 1 1 1 0 0 0 0 1 1 1 1 1 0 1 0 0 1 0 1
 1 0 1 1 0 1 1 1 0 1 0 0 0 0 1 0 0 1 1 1 0 0 0 0 1 0 0 0 0 0 0 0 1 1 0 1 1]",4
83,4,gad7,9,PCA,LR,1,0.5629629629629629,0.46846846846846846,38,14,45,14,"[1 1 0 1 1 1 1 1 0 0 1 1 0 1 1 1 1 0 1 1 1 1 0 1 0 1 1 1 1 1 1 1 1 1 1 1 1
 1 1 0 1 1 1 1 1 0 1 1 1 0 1 1 1 1 1 1 1 1 1 1 0 1 1 0 1 0 1 0 1 0 1 1 0 1
 1 1 0 1 1 0 0 0 1 1 1 1 1 1 1 1 0 0 1 1 1 0 1 1 0 1 1 1 1 1 0 1 1 0 1 0 0]",4
84,4,gad7,9,PCA,XG,1,0.4375,0.5135135135135135,21,36,23,31,"[0 0 0 1 0 0 0 0 0 1 1 1 1 0 0 0 0 0 1 0 0 0 1 0 0 1 1 0 1 1 0 1 0 1 1 0 0
 0 0 0 0 1 0 1 1 0 1 1 1 0 0 0 0 0 0 0 1 0 0 0 0 0 1 1 1 1 1 0 1 0 0 1 0 1
 1 0 1 1 0 1 1 1 0 1 0 0 0 0 1 0 0 1 1 1 1 0 0 0 1 0 0 0 0 0 0 0 0 1 0 0 1]",4
85,4,gad7,9,PCA,SVC,2,0.4536082474226804,0.5225225225225225,22,36,23,30,"[0 1 1 0 1 1 1 0 0 0 0 1 0 0 1 0 1 0 1 0 1 1 1 0 0 1 1 0 0 0 0 0 0 0 0 0 1
 0 0 0 0 0 1 1 0 0 1 1 1 0 0 0 0 1 0 1 0 1 0 0 0 0 0 1 0 0 1 0 0 0 1 1 0 1
 1 0 0 0 1 1 0 1 1 0 0 0 0 0 0 0 0 1 0 0 1 0 1 0 1 1 0 0 1 1 0 1 1 1 1 1 0]",4
86,4,gad7,9,PCA,kNN,2,0.4897959183673469,0.5495495495495496,24,37,22,28,"[0 0 0 0 0 0 1 0 0 1 1 1 0 0 0 1 1 0 1 0 0 0 1 0 0 1 1 0 1 0 1 1 1 1 1 0 0
 0 0 0 0 0 0 1 1 0 0 0 1 0 1 1 0 1 0 0 0 1 0 0 0 0 1 1 1 0 1 0 0 0 0 0 0 1
 0 1 1 0 1 1 0 1 0 0 1 0 1 1 0 0 0 0 0 1 1 1 1 0 1 0 0 0 1 0 1 1 0 0 0 1 1]",4
87,4,gad7,9,PCA,RF,2,0.43678160919540227,0.5585585585585585,19,43,16,33,"[0 0 0 0 0 0 0 0 0 0 0 1 1 0 0 0 0 0 1 0 0 0 1 0 0 0 1 0 1 0 0 0 0 1 1 0 0
 0 0 0 0 0 1 1 0 0 0 1 0 0 0 1 0 1 0 0 0 0 0 0 0 0 1 1 0 1 1 0 0 0 0 0 0 1
 1 0 1 0 0 1 1 1 0 1 0 0 0 1 0 0 0 0 1 0 0 1 1 0 1 1 0 0 1 0 0 0 1 1 0 1 1]",4
88,4,gad7,9,PCA,LR,2,0.43373493975903615,0.5765765765765766,18,46,13,34,"[0 1 0 0 1 1 1 0 0 0 0 1 0 0 1 0 0 0 0 0 1 0 0 0 0 1 1 0 0 0 0 0 0 0 0 0 1
 0 0 0 0 0 1 1 0 0 1 1 1 0 0 0 0 1 0 1 0 1 0 0 0 0 0 1 0 0 1 0 0 0 0 0 0 1
 1 0 0 0 1 1 0 1 1 0 1 0 0 0 0 0 0 0 0 0 0 0 1 0 0 0 0 0 1 1 0 0 0 0 1 0 0]",4
89,4,gad7,9,PCA,XG,2,0.4731182795698925,0.5585585585585585,22,40,19,30,"[1 0 0 0 0 0 0 0 0 1 1 1 0 0 0 0 0 0 1 0 0 0 1 0 0 1 1 0 1 0 0 1 0 1 1 0 0
 0 0 0 0 0 0 1 1 0 0 0 1 0 0 1 0 1 1 0 1 0 0 0 0 0 1 1 0 1 1 0 0 0 0 0 0 1
 1 0 1 0 0 1 1 1 0 1 0 0 0 1 0 0 0 1 1 0 0 1 1 0 1 0 0 0 1 0 1 0 0 1 0 1 1]",4
90,4,gad7,9,PCA,SVC,3,0.4950495049504951,0.5405405405405406,25,35,24,27,"[0 1 1 0 1 1 1 0 0 1 0 1 1 0 1 0 1 1 0 0 1 0 1 0 1 1 1 0 0 0 1 0 0 0 0 0 1
 0 0 0 0 0 1 1 1 0 1 1 1 0 0 0 0 1 0 1 0 1 0 0 0 0 0 1 0 0 1 1 0 0 0 1 0 1
 1 0 0 0 1 1 1 1 1 0 1 1 0 0 0 0 0 1 0 0 0 0 1 0 1 0 0 0 1 1 0 0 0 1 1 1 1]",4
91,4,gad7,9,PCA,kNN,3,0.5233644859813084,0.5405405405405406,28,32,27,24,"[0 1 0 0 1 1 1 0 0 1 0 1 0 0 1 0 1 0 1 1 0 1 1 0 1 1 1 0 1 0 1 0 0 1 1 0 1
 0 0 0 1 0 0 1 1 0 0 0 1 0 0 0 0 1 0 0 1 1 0 0 0 0 0 1 1 1 1 0 0 0 1 1 0 1
 0 0 1 0 1 1 1 1 1 0 1 1 0 1 0 0 0 1 0 0 1 1 1 0 1 0 0 0 1 1 1 1 0 1 0 1 1]",4
92,4,gad7,9,PCA,RF,3,0.42222222222222217,0.5315315315315315,19,40,19,33,"[1 0 0 0 1 0 1 0 0 0 0 1 1 0 0 0 1 0 0 0 0 0 1 0 0 0 1 0 1 0 0 0 0 1 0 0 0
 0 0 0 0 0 0 1 1 0 0 1 0 0 0 1 0 1 1 0 0 0 0 0 0 0 0 1 0 1 1 0 0 0 0 1 0 1
 1 0 1 0 1 1 1 0 0 1 1 0 0 1 0 0 0 1 0 0 1 1 1 0 1 0 0 0 1 0 1 0 0 1 0 0 1]",4
93,4,gad7,9,PCA,LR,3,0.45161290322580644,0.5405405405405406,21,39,20,31,"[0 1 1 0 1 1 1 0 0 0 0 1 0 0 1 0 1 0 0 0 1 0 1 0 0 1 1 0 0 0 1 1 0 0 0 0 1
 0 0 0 0 0 1 1 0 0 1 0 1 0 0 0 0 1 0 1 0 1 0 0 0 0 0 1 0 0 1 0 1 0 0 1 0 1
 1 0 0 0 1 1 0 1 1 0 0 1 0 0 0 0 0 0 0 0 0 0 1 1 1 0 0 0 1 1 0 0 0 1 1 1 0]",4
94,4,gad7,9,PCA,XG,3,0.3595505617977528,0.4864864864864865,16,38,21,36,"[1 0 0 0 1 0 0 0 0 0 0 1 0 0 0 0 1 0 0 0 0 0 1 0 0 0 1 0 1 0 0 1 0 1 1 0 0
 0 0 0 0 0 0 1 1 0 0 0 0 0 0 1 0 1 1 0 0 0 0 0 0 0 0 1 0 1 1 0 0 0 0 0 0 1
 1 0 1 1 1 1 1 0 0 1 0 0 0 1 0 0 0 1 1 0 1 1 1 0 1 0 0 0 0 0 1 0 1 1 0 0 1]",4
95,4,gad7,9,PCA,SVC,4,0.45454545454545453,0.4594594594594595,25,26,33,27,"[0 1 1 0 1 1 1 0 0 1 0 1 1 0 1 0 1 1 0 0 1 0 1 0 1 1 1 1 0 0 1 0 0 0 0 0 1
 0 0 0 0 1 1 1 1 0 1 1 1 0 0 1 0 1 0 1 0 1 0 0 0 1 0 1 0 0 1 1 0 0 1 0 0 1
 1 0 0 0 1 1 1 1 1 1 1 0 0 0 1 0 0 1 0 0 0 0 1 0 1 1 1 1 1 1 0 0 1 1 1 1 1]",4
96,4,gad7,9,PCA,kNN,4,0.4680851063829788,0.5495495495495496,22,39,20,30,"[0 1 0 0 0 1 1 0 0 0 0 1 0 0 0 0 0 0 1 0 1 0 1 0 0 1 1 0 0 0 1 0 0 0 0 0 1
 0 0 0 0 0 1 1 1 0 0 1 1 0 0 1 0 1 1 0 1 0 0 0 0 0 0 1 1 1 1 0 0 0 0 1 0 0
 0 0 1 0 1 1 1 1 1 1 0 0 0 1 0 0 0 0 0 0 0 1 1 0 1 1 0 1 0 0 1 0 0 1 0 1 1]",4
97,4,gad7,9,PCA,RF,4,0.3488372093023256,0.4954954954954955,15,40,19,37,"[0 0 1 0 1 0 1 0 0 0 0 1 1 0 0 0 0 0 0 0 0 0 1 0 0 0 1 0 1 0 1 1 0 1 1 0 1
 0 0 0 0 0 0 1 1 0 0 1 0 0 0 1 0 1 0 0 0 0 0 0 0 0 0 1 0 1 1 0 0 0 0 0 0 0
 1 0 1 0 1 0 1 1 0 1 0 0 0 1 0 0 0 0 0 0 1 0 1 0 1 1 0 0 0 0 0 0 0 1 0 0 1]",4
98,4,gad7,9,PCA,LR,4,0.40860215053763443,0.5045045045045045,19,37,22,33,"[0 1 1 0 1 1 1 0 0 0 0 1 0 0 1 0 1 0 0 0 1 0 0 0 0 1 1 0 0 0 1 0 0 0 0 0 1
 0 0 0 0 0 1 1 0 0 1 1 1 0 0 1 0 1 0 1 0 1 0 0 0 0 0 1 0 0 1 0 1 0 0 1 0 1
 1 0 0 0 1 1 0 1 1 1 0 1 0 0 1 0 0 0 0 0 0 0 1 0 0 0 0 0 1 1 0 0 0 1 1 1 0]",4
99,4,gad7,9,PCA,XG,4,0.38636363636363635,0.5135135135135135,17,40,19,35,"[1 0 0 0 1 0 0 0 0 0 0 1 0 0 0 0 0 0 0 0 0 0 1 0 0 0 1 0 1 0 0 1 0 1 1 0 1
 0 0 0 0 0 0 1 1 0 0 1 0 0 0 1 0 1 1 0 1 1 0 0 0 0 0 1 0 1 1 0 0 0 0 0 0 0
 1 0 1 1 1 1 1 0 0 1 0 0 0 1 0 0 0 1 0 0 1 1 1 0 0 0 0 0 0 0 1 0 0 0 1 0 1]",4
100,4,gad7,9,PCA,SVC,1,0.17142857142857146,0.4774774774774775,6,47,12,46,"[0 0 0 0 0 0 0 1 0 0 0 0 1 1 1 0 0 0 1 0 0 0 0 0 0 0 0 0 0 0 0 0 0 0 0 0 1
 0 0 0 1 0 0 0 1 0 0 0 1 0 0 0 0 0 0 0 0 1 1 1 0 0 0 0 0 0 0 0 0 1 0 1 0 0
 0 0 0 0 0 0 0 1 0 0 0 0 0 1 0 0 0 0 0 0 0 1 0 0 0 0 1 0 0 0 0 0 0 0 0 0 0]",5
101,4,gad7,9,PCA,kNN,1,0.3877551020408163,0.4594594594594595,19,32,27,33,"[1 1 1 1 0 1 0 1 1 0 0 0 1 1 1 0 0 1 1 0 0 0 0 0 1 0 0 0 0 0 0 1 0 1 0 0 0
 0 0 0 1 0 1 0 1 1 1 0 1 0 1 0 0 0 0 0 0 1 1 1 0 1 0 1 0 1 0 1 0 1 1 1 0 0
 0 0 0 0 0 0 1 1 1 1 0 0 0 1 0 1 0 1 0 1 1 1 0 0 0 0 1 0 0 1 0 0 0 0 0 1 1]",5
102,4,gad7,9,PCA,RF,1,0.4731182795698925,0.5585585585585585,22,40,19,30,"[1 0 1 0 1 1 0 1 0 0 0 0 1 0 0 0 0 1 0 1 0 0 1 0 1 0 0 0 0 0 0 1 0 1 0 0 0
 0 0 0 1 0 0 1 1 0 1 0 0 1 1 0 0 0 1 0 0 0 1 1 0 1 0 1 0 1 0 1 0 1 0 1 1 0
 0 0 0 1 0 0 1 1 1 1 0 1 0 1 0 0 0 0 0 1 0 1 0 0 0 0 1 1 0 1 0 0 0 0 0 1 0]",5
103,4,gad7,9,PCA,LR,1,0.29629629629629634,0.4864864864864865,12,42,17,40,"[1 0 0 0 0 0 0 1 0 0 0 0 1 1 1 0 0 0 1 0 0 0 0 0 0 0 0 1 0 0 0 0 0 0 0 0 1
 0 0 1 1 1 0 0 1 0 0 0 1 0 0 1 0 0 0 1 1 1 1 1 0 0 0 0 0 1 0 0 0 1 1 1 0 0
 0 0 0 0 0 0 0 1 0 0 0 0 0 1 0 0 0 0 0 0 0 1 0 0 0 0 1 1 0 0 0 0 0 0 0 1 0]",5
104,4,gad7,9,PCA,XG,1,0.4791666666666667,0.5495495495495496,23,38,21,29,"[1 0 1 1 0 1 0 1 0 0 0 0 1 1 0 0 0 1 1 0 0 0 1 0 1 0 0 0 0 0 0 1 0 1 0 0 0
 0 0 0 1 0 0 1 1 1 1 0 0 1 1 0 0 0 1 0 0 1 1 1 0 1 0 1 0 1 0 1 0 0 0 1 1 0
 0 0 0 1 0 0 1 1 1 1 0 1 0 1 0 0 0 0 0 1 1 1 0 0 0 0 1 1 0 1 0 0 0 0 0 1 0]",5
105,4,gad7,9,PCA,SVC,2,0.4716981132075472,0.4954954954954955,25,30,29,27,"[0 0 0 1 1 0 1 1 1 1 1 0 1 1 1 1 0 1 1 0 1 0 0 0 0 0 0 1 0 0 0 0 0 0 1 0 1
 1 0 1 1 1 0 1 1 0 1 0 1 1 1 0 1 1 0 1 1 1 1 1 0 0 0 0 0 0 0 0 0 1 1 1 0 0
 0 1 0 0 0 1 0 1 0 0 1 1 1 1 0 0 0 1 0 1 0 1 0 1 1 1 1 0 0 0 0 0 1 1 0 1 0]",5
106,4,gad7,9,PCA,kNN,2,0.5391304347826087,0.5225225225225225,31,27,32,21,"[1 0 1 1 1 1 1 1 1 0 0 0 1 1 1 1 0 1 1 1 0 1 0 1 1 1 0 0 0 0 0 0 0 1 0 0 1
 1 0 0 1 1 0 0 1 0 1 1 1 1 1 1 1 1 0 0 0 1 1 0 0 0 0 0 1 0 1 1 0 1 1 1 1 0
 1 1 1 1 0 1 0 1 0 0 1 1 1 1 0 0 1 0 0 1 1 1 1 0 1 0 1 0 0 1 0 0 1 0 0 1 1]",5
107,4,gad7,9,PCA,RF,2,0.5,0.5315315315315315,26,33,26,26,"[1 0 0 1 1 1 1 1 1 0 0 0 1 0 0 1 0 1 1 1 0 0 0 0 1 0 0 0 0 0 0 0 1 0 0 0 0
 1 0 0 1 1 0 0 1 1 1 0 1 0 1 1 1 1 0 0 0 1 1 0 0 1 0 0 0 0 0 1 0 1 1 1 1 0
 0 1 1 0 0 1 1 1 0 0 1 1 1 0 0 1 1 0 0 1 1 1 0 0 1 1 0 1 0 1 0 0 0 1 0 0 1]",5
108,4,gad7,9,PCA,LR,2,0.4716981132075472,0.4954954954954955,25,30,29,27,"[0 0 0 1 1 0 1 1 1 1 1 0 1 1 1 1 0 1 1 0 1 0 0 0 0 0 0 1 0 0 0 0 0 0 1 0 1
 1 0 1 1 1 0 1 1 0 1 0 1 1 1 0 1 1 0 1 1 1 1 1 0 0 0 0 0 0 0 0 0 1 1 1 0 0
 0 1 0 0 0 1 0 1 0 0 1 1 1 1 0 0 0 1 0 1 0 1 0 1 1 1 1 0 0 0 0 0 1 1 0 1 0]",5
109,4,gad7,9,PCA,XG,2,0.5148514851485149,0.5585585585585585,26,36,23,26,"[1 0 0 1 1 1 1 0 1 1 0 0 0 1 0 1 0 1 1 1 0 0 0 0 1 0 0 0 0 0 0 0 1 0 0 0 0
 1 0 0 1 1 0 0 1 1 1 0 0 1 0 1 1 0 0 0 0 1 1 0 0 1 0 0 1 0 0 1 0 0 1 1 0 0
 0 0 1 0 0 1 0 1 1 0 1 1 1 0 0 1 1 0 0 1 1 1 0 1 1 0 0 1 0 1 0 0 1 1 0 0 1]",5
110,4,gad7,9,PCA,SVC,3,0.4554455445544554,0.5045045045045045,23,33,26,29,"[0 0 0 1 1 0 1 1 1 1 1 0 1 1 1 1 0 1 1 0 1 0 0 0 0 0 0 0 0 0 0 0 0 0 1 0 1
 1 0 0 1 1 0 1 1 0 1 0 1 1 1 0 1 1 0 0 0 1 1 1 0 0 0 0 0 0 0 0 0 1 0 1 0 0
 0 1 0 0 0 1 0 1 0 0 1 1 1 1 0 0 0 1 0 1 0 1 0 1 1 1 1 0 0 0 0 0 1 1 0 1 0]",5
111,4,gad7,9,PCA,kNN,3,0.6206896551724138,0.6036036036036037,36,31,28,16,"[1 1 1 1 1 1 1 1 0 1 1 0 1 1 0 1 0 0 1 1 0 1 0 1 1 0 0 0 0 0 1 0 0 1 1 0 1
 1 0 0 1 1 0 1 1 0 1 1 1 1 0 1 1 1 0 0 0 1 1 1 0 0 0 0 1 1 1 0 0 1 0 1 1 1
 0 1 0 1 0 1 1 1 0 0 1 0 1 1 1 1 1 0 0 1 1 1 0 0 1 0 0 0 0 1 0 0 1 1 0 1 1]",5
112,4,gad7,9,PCA,RF,3,0.46601941747572817,0.5045045045045045,24,32,27,28,"[1 0 0 1 1 1 0 0 1 0 1 0 1 1 0 1 0 1 1 0 0 0 0 1 1 0 0 0 0 0 0 0 0 1 1 0 0
 1 0 0 0 1 0 1 1 0 1 0 1 0 1 1 1 1 0 0 0 1 1 0 0 0 0 0 0 0 0 1 0 1 0 1 1 0
 0 1 1 0 0 1 1 1 0 0 1 1 1 0 0 1 0 0 0 1 1 1 0 0 1 1 0 1 0 1 0 1 1 0 0 1 1]",5
113,4,gad7,9,PCA,LR,3,0.48598130841121495,0.5045045045045045,26,30,29,26,"[0 0 0 1 1 0 1 1 1 1 1 0 1 1 1 1 0 1 1 0 1 0 0 0 0 0 0 1 0 0 0 0 0 0 1 0 1
 1 0 1 1 1 0 1 1 0 1 0 1 1 1 0 1 1 0 1 1 1 1 1 0 0 0 0 0 0 0 0 0 1 1 1 0 0
 0 1 0 0 0 1 0 1 0 0 1 1 1 1 1 0 0 1 0 1 0 1 0 1 1 1 1 0 0 0 0 0 1 1 0 1 0]",5
114,4,gad7,9,PCA,XG,3,0.5523809523809525,0.5765765765765766,29,35,24,23,"[1 0 0 1 0 1 1 1 1 0 0 0 0 1 0 0 0 1 1 1 0 0 0 0 1 0 1 0 0 0 0 0 1 1 1 0 0
 1 0 0 1 1 0 0 1 1 1 0 1 0 1 1 1 0 1 0 0 1 1 0 0 1 0 0 0 0 0 1 0 0 1 1 1 0
 0 0 1 0 0 1 1 1 0 0 1 1 1 0 0 1 1 0 0 1 1 1 0 1 1 0 0 1 0 1 0 0 1 1 0 1 1]",5
115,4,gad7,9,PCA,SVC,4,0.45999999999999996,0.5135135135135135,23,34,25,29,"[0 0 0 1 1 0 1 1 1 1 1 0 1 1 1 1 0 1 1 0 0 0 0 0 0 0 0 0 0 0 0 0 0 0 1 0 1
 1 0 0 1 1 0 1 1 0 1 0 1 1 1 0 1 1 0 0 0 1 1 1 0 0 0 0 0 0 0 0 0 1 0 1 0 0
 0 1 0 0 0 1 0 1 0 0 1 1 1 1 0 0 0 1 0 1 0 1 0 1 1 1 1 0 0 0 0 0 1 1 0 1 0]",5
116,4,gad7,9,PCA,kNN,4,0.5742574257425743,0.6126126126126126,29,39,20,23,"[0 1 0 1 1 0 1 1 1 1 0 0 1 1 1 0 0 0 1 1 0 0 1 1 1 1 1 0 0 0 0 0 0 0 1 1 0
 1 0 0 1 1 0 0 1 0 0 0 1 1 0 0 1 0 1 0 0 1 1 1 0 0 0 0 0 0 0 0 0 1 0 1 0 0
 0 0 1 1 0 1 0 1 0 0 1 0 0 0 1 1 1 0 1 1 1 1 0 0 1 0 0 0 0 1 0 0 0 1 0 1 1]",5
117,4,gad7,9,PCA,RF,4,0.4631578947368421,0.5405405405405406,22,38,21,30,"[0 0 0 0 1 1 0 1 1 0 0 0 1 1 0 0 0 0 1 0 0 0 0 1 1 1 0 0 0 0 0 0 1 0 1 0 0
 0 0 0 1 1 0 1 1 0 1 0 1 1 0 0 0 1 0 0 0 1 1 0 0 0 0 0 1 0 0 0 0 1 0 1 1 0
 0 0 1 1 0 1 0 1 0 0 1 1 0 0 1 1 1 0 0 1 1 1 0 1 1 0 0 0 0 1 0 0 0 0 0 1 1]",5
118,4,gad7,9,PCA,LR,4,0.49523809523809526,0.5225225225225225,26,32,27,26,"[0 0 0 1 1 0 1 1 1 1 1 0 1 1 1 1 0 1 1 0 1 0 0 0 0 0 1 0 0 0 0 0 0 0 1 0 1
 1 0 0 1 1 0 1 1 0 1 0 1 1 1 1 1 1 0 0 0 1 1 1 0 0 0 0 0 0 0 0 0 1 1 1 0 0
 0 1 0 0 0 1 0 1 0 0 1 1 1 1 1 0 0 1 0 1 0 1 0 1 1 1 1 0 0 0 0 0 1 1 0 1 0]",5
119,4,gad7,9,PCA,XG,4,0.42222222222222217,0.5315315315315315,19,40,19,33,"[1 0 0 0 1 1 1 1 0 1 0 0 1 1 0 0 0 1 1 0 0 0 0 0 1 0 0 0 0 0 0 0 1 0 0 0 0
 0 0 0 1 1 0 0 1 0 1 0 1 1 0 0 0 1 0 0 0 1 1 1 0 0 0 0 0 0 0 0 0 0 1 1 1 0
 0 0 1 0 0 0 1 1 0 0 1 1 0 0 1 0 0 0 0 1 1 1 0 0 0 1 0 1 0 0 0 0 0 0 0 1 1]",5
120,4,gad7,9,PCA,SVC,1,0.2535211267605634,0.5225225225225225,9,49,10,43,"[0 0 0 0 0 0 0 0 0 0 0 0 1 0 0 0 1 0 0 0 0 0 0 1 0 0 0 0 0 0 0 0 0 1 0 0 0
 0 0 0 0 0 0 0 1 0 0 1 0 0 0 0 0 0 0 1 1 0 0 1 0 0 1 1 0 0 0 0 0 0 0 0 0 0
 1 1 0 0 0 1 0 1 0 0 0 0 0 0 0 1 0 1 0 0 0 1 0 0 0 0 0 0 0 0 0 0 0 0 1 0 0]",6
121,4,gad7,9,PCA,kNN,1,0.43243243243243246,0.43243243243243246,24,24,35,28,"[1 0 1 0 1 0 1 1 0 0 1 0 0 1 0 1 0 1 0 0 0 0 0 1 0 1 1 0 0 0 1 0 0 1 0 0 1
 1 0 0 0 1 1 1 1 1 1 1 1 1 0 0 0 0 1 0 0 1 1 1 0 0 1 1 1 0 1 1 0 0 1 0 0 0
 1 1 0 1 1 1 0 1 1 0 1 0 0 1 0 1 0 1 1 1 1 1 0 0 1 1 1 1 1 0 0 0 1 1 1 1 0]",6
122,4,gad7,9,PCA,RF,1,0.5,0.5495495495495496,25,36,23,27,"[1 0 0 0 0 1 1 1 0 1 0 0 1 0 0 1 0 1 0 0 0 0 0 1 0 0 0 0 0 0 0 0 1 1 1 1 0
 1 0 1 0 1 1 1 1 0 0 1 1 1 0 0 0 0 1 0 1 0 1 1 0 1 0 1 1 0 0 0 0 1 1 0 1 0
 1 1 0 0 0 1 0 1 1 0 1 0 0 1 0 1 1 1 0 0 0 1 0 0 1 1 1 0 0 0 0 1 0 0 1 0 0]",6
123,4,gad7,9,PCA,LR,1,0.4959999999999999,0.43243243243243246,31,17,42,21,"[1 0 1 1 1 1 1 0 0 1 0 0 0 0 1 1 1 1 1 0 1 1 0 0 1 1 1 0 1 1 1 1 1 0 1 1 1
 0 1 1 1 0 1 1 1 0 1 0 1 1 1 1 0 0 0 0 1 1 0 0 0 1 0 0 1 1 0 1 1 1 1 1 1 1
 1 1 1 0 1 1 1 0 1 1 1 0 1 0 0 1 1 0 1 1 1 0 1 0 1 1 0 1 1 1 0 1 1 1 0 1 0]",6
124,4,gad7,9,PCA,XG,1,0.46153846153846156,0.4954954954954955,24,31,28,28,"[1 0 0 0 1 1 1 1 0 1 0 0 1 0 0 1 1 1 0 0 0 0 0 1 0 0 0 0 0 0 0 0 1 1 1 1 0
 1 0 1 0 1 1 1 1 0 1 1 1 1 0 0 0 0 1 0 1 0 1 1 0 0 1 1 1 0 0 0 0 1 1 0 0 0
 1 1 0 0 0 1 0 1 1 0 1 0 0 1 0 1 1 1 0 0 1 1 0 0 1 1 1 0 0 0 0 1 1 0 1 0 0]",6
125,4,gad7,9,PCA,SVC,2,0.5137614678899082,0.5225225225225225,28,30,29,24,"[0 1 1 1 0 1 0 1 0 0 0 0 1 1 1 0 1 1 0 0 1 0 0 1 1 0 0 1 0 1 1 0 1 0 0 0 1
 1 0 0 1 0 0 0 1 1 0 1 0 1 0 0 0 0 1 1 1 1 1 1 1 0 1 1 1 0 1 0 0 0 1 0 0 1
 1 1 0 1 1 1 1 1 0 0 0 1 1 1 0 0 0 1 0 1 0 1 0 0 0 0 1 1 1 1 0 0 1 1 0 1 0]",6
126,4,gad7,9,PCA,kNN,2,0.40384615384615385,0.44144144144144143,21,28,31,31,"[1 1 0 1 0 0 1 1 0 0 1 0 0 1 1 0 0 1 0 0 1 0 0 1 0 1 0 1 0 1 0 0 0 1 0 0 0
 1 1 0 0 1 0 1 1 0 1 0 0 1 0 1 0 0 1 0 0 0 1 0 0 0 1 1 0 0 0 1 0 0 1 1 0 0
 1 1 1 1 0 1 1 1 1 0 0 0 0 1 0 1 0 1 0 0 1 1 0 0 1 1 0 0 1 1 1 1 1 0 1 0 1]",6
127,4,gad7,9,PCA,RF,2,0.44680851063829785,0.5315315315315315,21,38,21,31,"[0 0 1 0 0 0 1 1 0 0 0 0 1 1 0 1 1 0 0 0 1 0 0 1 0 1 0 0 0 0 0 0 0 1 0 0 1
 1 0 0 0 1 0 0 1 0 0 1 0 1 0 0 0 0 1 1 1 0 1 1 0 0 0 1 0 0 1 0 0 0 1 1 0 0
 1 1 1 1 0 1 0 1 1 0 0 0 0 1 0 1 1 1 0 0 0 1 0 0 0 1 0 0 1 0 1 0 1 0 0 0 0]",6
128,4,gad7,9,PCA,LR,2,0.4772727272727273,0.5855855855855856,21,44,15,31,"[0 0 1 1 0 1 0 0 0 0 0 0 0 0 1 0 1 1 0 0 1 0 0 0 1 0 0 0 0 1 1 0 1 1 0 0 1
 0 0 0 1 0 0 0 1 0 0 0 0 1 0 0 0 0 0 1 1 1 0 0 0 0 0 0 0 0 1 0 0 0 1 0 0 1
 1 1 0 0 1 1 1 0 0 0 0 0 1 0 1 1 0 0 0 1 0 0 0 0 0 0 0 0 1 1 0 0 1 0 1 1 0]",6
129,4,gad7,9,PCA,XG,2,0.3829787234042554,0.4774774774774775,18,35,24,34,"[0 0 1 0 0 0 1 1 0 0 0 0 1 1 0 1 1 1 0 0 1 0 0 0 0 1 0 0 0 0 0 0 0 1 0 0 1
 1 0 0 0 1 1 0 1 0 0 1 0 1 0 0 0 0 1 1 1 0 1 1 0 0 1 1 0 0 0 0 0 0 1 1 0 0
 1 1 0 1 1 1 0 0 1 0 0 0 0 1 0 1 0 1 0 0 0 1 0 0 0 1 0 0 1 0 1 0 1 0 0 0 1]",6
130,4,gad7,9,PCA,SVC,3,0.5210084033613446,0.4864864864864865,31,23,36,21,"[0 1 1 1 0 1 0 1 0 0 0 0 1 1 1 0 1 1 0 0 1 0 0 1 1 0 0 1 0 1 1 0 1 0 0 0 1
 1 0 0 1 0 0 0 1 1 0 1 1 1 0 1 0 0 1 1 1 1 1 1 1 0 1 1 1 0 1 1 0 0 1 1 0 1
 1 1 1 1 1 1 1 1 0 0 0 1 1 1 0 1 0 1 0 1 0 1 0 0 1 1 1 1 1 1 0 1 1 1 0 1 1]",6
131,4,gad7,9,PCA,kNN,3,0.44660194174757284,0.4864864864864865,23,31,28,29,"[0 1 1 1 0 0 1 1 0 0 1 0 1 1 1 0 1 1 0 0 0 0 0 1 1 1 0 1 0 1 0 0 0 1 1 0 1
 1 0 0 0 1 0 0 1 0 0 0 0 1 0 1 0 0 1 0 0 0 1 0 0 0 1 1 0 0 0 1 1 0 1 1 0 0
 1 1 1 1 0 1 1 0 1 0 0 0 1 0 0 1 0 1 0 0 0 1 0 0 1 1 0 0 1 0 1 1 1 0 1 0 1]",6
132,4,gad7,9,PCA,RF,3,0.42222222222222217,0.5315315315315315,19,40,19,33,"[0 0 1 0 0 0 0 1 0 0 0 0 1 1 0 1 1 1 0 0 0 0 0 1 0 0 1 0 0 0 0 0 0 1 0 0 1
 1 0 0 0 1 1 0 1 1 0 0 0 1 0 1 0 0 1 0 0 0 1 1 1 0 0 1 0 0 0 0 0 0 1 1 0 0
 1 1 1 1 0 1 0 1 1 0 0 0 0 0 0 1 0 0 0 0 0 0 0 0 0 1 0 0 1 0 1 0 1 0 0 0 1]",6
133,4,gad7,9,PCA,LR,3,0.5154639175257731,0.5765765765765766,25,39,20,27,"[0 0 1 1 0 1 0 1 0 0 0 0 0 1 1 0 1 1 0 0 1 0 0 0 1 0 0 0 1 1 1 0 1 1 0 0 1
 1 0 0 1 0 0 0 1 0 0 0 0 1 0 0 0 0 0 1 1 1 1 0 1 0 0 0 0 0 1 0 0 0 1 0 0 1
 1 1 0 0 1 1 1 0 0 0 0 1 1 1 1 1 0 0 0 1 0 0 0 0 0 0 1 0 1 1 0 0 1 0 1 1 0]",6
134,4,gad7,9,PCA,XG,3,0.3516483516483517,0.46846846846846846,16,36,23,36,"[1 1 1 0 1 0 0 1 0 0 0 0 1 0 0 1 1 1 0 0 0 0 0 0 0 0 1 0 0 0 0 1 0 1 0 0 1
 1 0 0 0 1 1 0 1 0 1 0 0 1 0 0 0 0 1 0 0 0 1 0 1 0 0 1 0 0 0 0 1 1 1 0 0 0
 1 1 0 1 0 1 0 0 1 0 0 0 0 1 0 1 0 1 0 0 0 0 0 0 1 1 0 0 0 0 1 0 0 0 1 0 1]",6
135,4,gad7,9,PCA,SVC,4,0.49019607843137253,0.5315315315315315,25,34,25,27,"[0 0 1 1 0 1 0 1 0 0 0 0 1 1 1 0 1 1 0 0 0 0 0 1 1 0 0 1 0 1 0 0 1 0 0 0 1
 1 0 0 1 0 0 0 1 1 0 1 0 1 0 1 0 0 1 1 1 0 1 1 1 0 1 1 1 0 0 0 0 0 1 0 0 0
 1 1 1 1 0 1 1 1 0 0 0 1 0 1 0 0 0 1 0 0 0 1 0 0 0 0 1 0 1 1 1 0 1 1 0 0 1]",6
136,4,gad7,9,PCA,kNN,4,0.48598130841121495,0.5045045045045045,26,30,29,26,"[0 0 0 1 0 0 1 1 1 0 1 1 1 1 1 0 1 1 0 1 0 0 1 0 1 1 0 1 0 1 0 1 0 1 1 0 0
 1 0 0 1 1 0 0 1 1 1 1 1 1 1 0 1 1 1 1 1 0 0 1 0 0 0 0 0 1 0 1 0 0 0 1 0 0
 1 1 1 1 0 1 0 0 1 0 0 0 1 0 0 1 0 1 0 0 0 0 0 1 0 0 0 0 1 1 1 0 1 0 1 0 1]",6
137,4,gad7,9,PCA,RF,4,0.40909090909090906,0.5315315315315315,18,41,18,34,"[1 0 1 0 0 0 1 1 0 0 0 0 1 1 0 0 0 1 0 0 0 0 0 0 1 0 0 0 0 0 0 0 0 1 0 0 1
 1 0 0 0 1 0 0 1 1 1 0 0 1 1 0 0 0 1 0 0 0 1 0 1 0 0 0 0 0 0 0 0 0 1 1 0 0
 1 1 1 1 0 1 0 1 0 0 0 0 0 1 0 1 0 0 0 0 0 0 0 0 0 1 0 0 1 1 1 0 1 0 0 0 1]",6
138,4,gad7,9,PCA,LR,4,0.5208333333333334,0.5855855855855856,25,40,19,27,"[0 0 1 1 0 1 0 1 0 0 0 0 0 1 1 0 1 1 0 0 1 0 0 0 1 0 0 0 0 1 1 0 1 1 0 0 1
 1 0 0 1 0 0 0 1 0 0 0 0 1 0 0 0 0 0 1 1 1 1 0 1 0 0 0 0 0 1 0 0 0 1 0 0 1
 1 1 0 0 1 1 1 0 0 0 0 1 1 1 1 1 0 0 0 1 0 0 0 0 0 0 1 0 1 1 0 0 1 0 1 1 0]",6
139,4,gad7,9,PCA,XG,4,0.4175824175824176,0.5225225225225225,19,39,20,33,"[1 1 1 0 0 0 0 1 0 0 0 0 0 1 0 1 1 1 0 0 0 0 0 0 1 0 1 0 0 0 0 0 0 1 0 0 1
 1 0 0 0 1 0 0 1 1 1 0 0 1 1 0 0 0 1 0 0 0 1 0 1 0 0 0 0 0 0 0 0 0 1 1 0 0
 1 1 1 1 0 1 0 1 1 0 0 0 0 1 0 1 0 0 0 0 0 0 0 0 1 1 0 0 0 1 1 0 0 0 1 0 1]",6
140,4,gad7,9,PCA,SVC,1,0.24657534246575344,0.5045045045045045,9,47,12,43,"[0 0 0 0 0 0 0 1 0 0 0 0 0 0 0 0 0 0 0 1 0 0 0 1 0 0 0 0 1 0 0 0 1 0 1 0 0
 0 1 0 0 0 0 0 0 0 0 0 0 0 0 0 0 0 0 0 1 0 0 0 0 0 0 0 1 1 0 1 0 0 1 1 0 0
 0 0 0 1 1 0 0 0 0 0 1 0 0 1 0 0 0 0 0 1 0 0 0 0 0 1 0 0 0 0 0 0 0 0 0 1 1]",7
141,4,gad7,9,PCA,kNN,1,0.4485981308411215,0.46846846846846846,24,28,31,28,"[0 1 0 1 1 0 0 1 0 1 1 0 0 1 0 0 0 1 1 1 0 0 0 1 0 0 0 1 1 1 0 1 0 0 0 0 1
 1 1 0 0 0 0 1 1 1 1 1 0 0 1 1 0 1 0 0 1 0 0 0 0 0 0 1 0 1 0 1 0 0 1 1 0 1
 0 1 0 1 1 1 0 0 0 0 1 0 0 1 1 1 1 0 0 1 0 1 0 0 0 1 1 1 1 1 0 1 1 1 1 1 1]",7
142,4,gad7,9,PCA,RF,1,0.4791666666666667,0.5495495495495496,23,38,21,29,"[0 1 0 1 1 1 1 0 0 1 1 0 0 0 0 0 0 0 0 0 0 0 0 1 0 0 0 1 1 0 0 1 0 0 0 1 1
 0 1 1 1 0 0 1 0 0 1 0 0 0 0 1 0 1 0 1 1 0 0 1 0 0 0 0 0 0 1 1 0 1 0 1 0 0
 0 0 0 0 1 1 0 0 1 1 1 0 0 1 0 1 0 0 0 1 0 0 1 0 0 1 0 0 1 1 0 1 1 1 1 0 1]",7
143,4,gad7,9,PCA,LR,1,0.56,0.5045045045045045,35,21,38,17,"[1 1 0 1 1 1 1 1 1 1 0 0 0 1 1 0 1 1 0 0 1 1 1 0 1 1 0 1 0 0 1 1 0 1 1 1 1
 1 1 1 0 1 1 1 0 1 1 0 1 1 0 1 1 1 1 1 0 0 1 1 1 1 1 0 1 0 1 1 1 0 0 0 1 1
 1 0 1 0 0 0 1 1 1 1 1 1 0 1 1 1 0 0 1 0 0 1 0 1 1 0 0 0 1 1 1 1 1 1 0 1 0]",7
144,4,gad7,9,PCA,XG,1,0.5,0.5495495495495496,25,36,23,27,"[0 1 0 1 1 0 1 0 0 1 1 0 0 1 0 0 0 0 0 0 0 0 0 1 0 0 0 1 1 0 0 1 0 0 0 0 1
 1 1 1 1 0 0 1 0 0 1 0 0 0 0 1 0 1 0 1 1 0 0 1 0 0 0 0 0 1 1 1 0 1 0 1 0 1
 0 0 0 0 1 1 0 0 1 1 1 0 0 1 1 1 0 0 0 1 0 1 1 0 0 1 0 0 1 1 0 1 1 1 1 0 1]",7
145,4,gad7,9,PCA,SVC,2,0.46296296296296297,0.4774774774774775,25,28,31,27,"[1 1 0 0 1 1 1 1 1 0 0 0 0 0 0 0 0 0 0 1 0 0 0 1 0 0 0 1 1 0 1 0 1 0 1 0 1
 1 1 1 0 1 0 0 0 1 1 0 1 1 0 0 0 1 0 0 1 1 0 1 1 1 1 0 1 1 0 1 1 0 1 1 0 1
 0 0 0 1 1 0 1 1 0 0 1 1 0 1 1 0 0 0 1 1 0 1 0 0 1 1 0 0 1 1 0 0 1 1 0 1 1]",7
146,4,gad7,9,PCA,kNN,2,0.3366336633663366,0.3963963963963964,17,27,32,35,"[1 0 0 0 0 0 0 1 0 0 0 0 0 0 0 0 0 0 1 0 0 0 0 1 1 0 1 1 1 0 1 1 0 0 0 0 0
 1 0 1 0 0 0 1 1 0 1 1 1 1 1 0 0 1 1 0 1 1 0 0 1 1 0 1 0 1 0 0 1 0 1 1 0 1
 0 1 0 1 1 1 1 0 0 0 0 1 1 1 1 0 1 0 1 1 0 1 0 0 0 0 1 1 0 1 0 0 1 1 0 0 0]",7
147,4,gad7,9,PCA,RF,2,0.36170212765957444,0.4594594594594595,17,34,25,35,"[0 1 0 0 1 1 0 1 0 0 0 0 0 1 0 0 0 1 0 0 0 0 0 1 0 0 0 0 1 1 0 0 0 0 0 0 1
 1 0 1 1 0 0 0 0 1 0 0 1 1 0 0 0 1 1 1 1 0 0 0 1 0 0 0 0 1 1 0 0 1 1 1 0 0
 0 0 0 1 1 1 1 0 0 0 1 0 1 0 0 0 0 0 0 1 0 1 1 0 1 1 0 1 1 1 0 0 1 0 0 0 1]",7
148,4,gad7,9,PCA,LR,2,0.4,0.5405405405405406,17,43,16,35,"[0 1 1 0 1 1 1 1 1 0 0 0 0 0 0 0 0 0 0 0 0 0 0 0 0 0 0 1 0 0 1 0 0 0 0 0 1
 1 0 1 0 1 0 0 0 1 0 0 1 1 0 0 0 0 0 0 0 1 0 1 0 0 1 0 0 1 0 0 0 0 0 0 0 1
 0 0 0 0 0 0 0 1 0 0 0 0 0 0 1 0 0 1 1 1 1 1 0 0 1 0 0 0 1 1 0 0 1 1 0 0 0]",7
149,4,gad7,9,PCA,XG,2,0.44897959183673475,0.5135135135135135,22,35,24,30,"[0 1 0 0 1 1 0 0 0 0 0 0 0 1 0 0 0 1 0 0 0 0 0 1 0 0 0 0 1 1 0 1 0 0 0 0 1
 1 0 1 0 1 0 0 0 0 1 0 1 0 0 0 0 1 1 1 1 0 0 0 1 0 0 0 0 1 1 0 0 1 1 1 0 1
 0 0 0 1 1 1 1 0 0 0 1 0 1 1 1 1 0 0 0 1 0 1 1 0 0 1 0 1 1 1 0 1 1 1 0 0 1]",7
150,4,gad7,9,PCA,SVC,3,0.4752475247524753,0.5225225225225225,24,34,25,28,"[0 1 0 0 1 1 1 1 1 0 0 0 0 0 0 0 0 0 0 1 0 0 0 1 0 0 0 1 1 0 1 1 1 0 0 0 1
 1 0 1 0 1 0 0 0 1 1 0 1 1 0 0 0 0 0 0 1 0 1 1 0 1 1 0 1 1 0 0 1 0 1 1 0 1
 0 0 0 1 1 0 0 1 0 0 1 1 0 1 0 0 0 0 1 1 0 1 0 0 1 1 0 0 1 1 0 0 1 1 0 1 1]",7
151,4,gad7,9,PCA,kNN,3,0.3695652173913044,0.4774774774774775,17,36,23,35,"[0 1 0 0 0 0 0 1 1 0 0 0 0 0 0 0 0 0 0 0 0 0 0 1 0 0 1 0 1 0 0 1 0 1 1 1 0
 1 0 0 0 0 1 0 0 0 1 0 1 1 0 0 0 1 0 0 1 0 1 1 1 1 0 0 1 1 0 0 0 1 1 1 0 0
 0 0 0 1 1 1 0 1 0 0 0 1 1 0 0 0 0 0 1 1 0 1 0 0 0 1 0 1 1 1 0 0 1 0 0 0 0]",7
152,4,gad7,9,PCA,RF,3,0.2857142857142857,0.4594594594594595,12,39,20,40,"[0 0 0 0 0 0 0 0 1 0 0 0 0 1 0 0 0 0 0 0 0 0 0 1 0 0 0 0 1 1 0 1 0 0 0 0 1
 0 0 1 1 0 0 0 0 0 0 0 1 1 0 0 0 1 1 0 1 0 0 0 1 0 1 0 0 0 0 0 1 1 0 1 0 0
 0 0 0 0 1 1 1 0 0 0 1 1 1 0 0 0 0 0 0 1 0 1 1 0 0 1 0 1 0 1 0 0 1 0 0 0 0]",7
153,4,gad7,9,PCA,LR,3,0.4666666666666667,0.42342342342342343,28,19,40,24,"[1 1 0 0 0 0 1 1 1 0 0 0 1 0 0 0 0 1 1 1 0 0 0 1 0 0 0 0 1 0 1 1 1 1 0 1 1
 0 1 1 0 1 0 0 1 1 1 1 1 1 1 0 0 0 0 0 1 1 1 1 1 1 1 1 1 1 1 1 1 0 1 1 0 0
 1 1 0 1 1 0 1 1 1 0 1 1 0 1 0 0 1 1 0 1 1 1 0 0 1 1 1 0 1 1 1 1 1 1 0 1 1]",7
154,4,gad7,9,PCA,XG,3,0.39560439560439564,0.5045045045045045,18,38,21,34,"[0 1 0 0 1 0 1 0 0 0 0 0 0 1 0 0 0 0 0 0 0 0 0 1 0 0 0 0 1 1 0 1 0 0 0 0 0
 1 0 1 1 0 0 0 0 0 1 0 1 1 0 0 0 1 1 0 1 0 0 0 1 0 0 0 0 0 1 0 0 1 1 1 0 1
 0 0 0 1 1 1 0 0 0 0 1 1 1 0 1 1 0 1 0 1 0 1 0 0 0 1 0 1 0 1 0 0 1 0 0 0 1]",7
155,4,gad7,9,PCA,SVC,4,0.43999999999999995,0.4954954954954955,22,33,26,30,"[0 1 0 0 1 1 1 1 1 0 0 0 0 0 0 0 0 0 0 1 0 0 0 1 0 0 0 1 1 0 1 1 1 0 0 0 1
 1 1 1 0 1 0 0 0 1 0 0 1 1 0 0 0 0 0 0 1 1 1 1 0 0 1 0 1 1 0 0 0 0 1 1 0 1
 0 0 0 1 1 0 0 1 0 0 1 0 0 1 1 0 0 0 1 1 0 1 0 0 1 1 0 0 1 1 0 0 1 1 0 1 1]",7
156,4,gad7,9,PCA,kNN,4,0.346938775510204,0.42342342342342343,17,30,29,35,"[0 0 0 0 0 0 0 1 1 0 0 0 0 1 0 0 1 1 0 0 1 0 0 1 0 0 0 0 0 1 1 1 1 1 0 1 0
 1 0 0 0 0 0 1 0 0 0 0 1 1 0 1 1 1 1 1 1 1 1 1 1 0 0 0 1 1 0 0 0 1 0 1 0 1
 0 0 0 0 0 1 0 0 1 0 0 0 1 0 0 0 0 0 1 1 0 1 0 0 0 1 0 1 1 1 0 0 1 1 0 1 1]",7
157,4,gad7,9,PCA,RF,4,0.2469135802469136,0.45045045045045046,10,40,19,42,"[0 0 0 0 0 0 0 1 1 0 0 0 0 0 0 0 0 0 0 0 0 0 0 1 0 0 0 0 0 1 0 0 0 1 0 0 0
 0 0 0 1 0 0 1 0 1 0 0 1 1 0 0 0 1 0 0 1 0 0 0 1 0 1 0 0 0 0 0 0 1 0 1 0 1
 0 0 0 0 1 1 0 0 0 0 1 0 1 0 0 0 0 0 0 1 0 1 1 0 1 1 0 1 0 1 0 0 1 0 0 0 0]",7
158,4,gad7,9,PCA,LR,4,0.43636363636363634,0.44144144144144143,24,25,34,28,"[1 1 0 0 0 0 1 1 1 0 0 0 1 1 0 0 1 1 0 1 0 0 0 1 0 0 0 0 1 0 1 0 1 1 0 1 1
 0 1 0 0 1 0 0 0 1 1 0 1 1 0 0 1 1 0 0 1 1 0 1 1 1 1 0 1 1 1 1 1 0 1 1 0 0
 0 0 0 1 1 0 1 1 1 0 1 1 0 1 0 0 0 1 0 1 0 1 0 0 1 1 0 0 1 1 1 1 1 0 0 1 1]",7
159,4,gad7,9,PCA,XG,4,0.2439024390243902,0.44144144144144143,10,39,20,42,"[0 0 0 0 0 0 0 0 0 0 0 0 0 0 0 0 0 1 0 0 0 0 0 1 0 0 0 0 0 0 0 0 1 1 0 1 0
 0 0 0 1 0 0 0 0 1 0 0 1 0 0 0 0 1 0 0 1 0 0 1 1 0 1 0 0 0 0 0 0 0 1 1 0 1
 0 0 0 1 0 0 0 0 0 0 1 0 1 1 1 0 0 0 0 1 0 1 1 0 0 1 0 1 1 1 0 0 1 0 0 0 1]",7
160,4,gad7,9,PCA,SVC,1,0.33333333333333337,0.42342342342342343,16,31,28,36,"[0 0 1 0 0 0 0 1 0 1 0 1 1 0 1 0 1 0 0 0 0 0 0 1 0 0 0 0 1 1 0 0 1 0 1 1 1
 0 0 1 0 0 0 0 0 0 1 1 1 1 1 0 0 0 0 1 0 0 0 1 0 1 0 0 0 0 0 0 0 0 1 0 0 1
 1 0 1 1 0 1 1 0 0 0 1 0 0 1 1 1 1 1 0 1 0 1 1 0 1 0 0 0 1 1 0 0 1 0 1 0 0]",8
161,4,gad7,9,PCA,kNN,1,0.45045045045045046,0.45045045045045046,25,25,34,27,"[0 0 0 0 0 1 0 1 1 1 1 0 1 0 1 0 0 0 1 1 0 1 0 0 0 1 0 0 1 1 0 0 1 0 1 1 0
 1 0 1 0 1 0 1 1 0 1 1 1 1 0 0 0 1 1 0 1 1 1 0 0 1 1 1 1 0 0 1 1 1 0 1 0 1
 1 1 1 1 1 1 0 0 1 0 1 0 0 0 1 0 1 0 1 1 0 1 1 1 1 0 0 1 1 0 0 0 1 0 1 0 0]",8
162,4,gad7,9,PCA,RF,1,0.4210526315789474,0.5045045045045045,20,36,23,32,"[0 1 0 0 1 0 0 1 0 1 1 0 1 0 0 0 0 0 1 0 0 1 0 0 0 1 0 0 1 1 0 1 0 0 1 0 0
 0 0 0 0 1 0 1 0 0 1 0 1 0 0 0 0 0 1 1 1 1 0 0 0 1 1 0 1 1 0 1 0 0 0 0 0 1
 0 1 1 1 1 1 0 0 1 0 0 0 0 0 1 0 1 0 1 0 0 1 1 1 1 0 0 1 0 1 0 0 0 0 1 0 0]",8
163,4,gad7,9,PCA,LR,1,0.4959999999999999,0.43243243243243246,31,17,42,21,"[0 1 1 0 0 0 1 1 0 1 1 1 1 1 1 1 1 0 1 0 0 1 0 1 1 1 1 0 1 1 1 0 1 1 1 1 0
 1 0 1 0 0 1 0 0 0 1 1 1 1 0 1 0 1 0 1 1 1 0 1 1 1 1 1 1 0 0 0 0 1 1 1 1 1
 1 1 1 1 0 1 1 1 0 0 1 0 1 1 0 0 1 1 1 1 1 1 1 1 0 1 0 0 1 1 0 1 1 1 0 1 0]",8
164,4,gad7,9,PCA,XG,1,0.3913043478260869,0.4954954954954955,18,37,22,34,"[0 1 0 0 1 0 0 1 0 1 1 0 1 0 0 0 0 0 0 0 0 1 0 0 0 1 0 0 1 1 0 1 0 0 1 0 0
 0 0 0 0 1 0 1 0 0 1 0 1 0 0 0 0 0 1 1 1 0 0 0 0 1 1 0 0 0 0 1 0 0 0 0 0 1
 0 1 1 1 1 1 0 0 1 0 1 0 0 0 1 0 1 0 1 0 0 1 1 1 1 0 0 1 0 1 0 0 0 0 1 0 0]",8
165,4,gad7,9,PCA,SVC,2,0.3010752688172043,0.4144144144144144,14,32,27,38,"[0 0 0 0 0 1 0 1 1 1 0 1 0 0 1 1 0 0 0 0 0 0 0 1 0 0 0 0 0 0 0 0 0 0 1 1 1
 0 0 1 0 1 0 1 0 0 1 0 1 0 0 0 0 0 1 1 0 0 1 0 1 1 0 0 0 1 1 0 1 0 1 0 0 1
 0 0 1 1 0 1 1 0 0 1 0 1 1 1 1 0 0 0 0 1 0 0 0 0 0 0 0 1 1 0 1 0 0 0 1 1 0]",8
166,4,gad7,9,PCA,kNN,2,0.46153846153846156,0.4954954954954955,24,31,28,28,"[0 1 0 0 0 1 1 1 0 1 1 1 0 0 1 0 0 0 0 0 0 1 0 1 0 1 0 0 0 0 0 0 1 0 1 1 0
 0 0 1 0 1 1 1 1 0 0 1 1 1 0 1 0 0 1 1 0 1 0 0 0 1 0 0 0 1 1 0 1 1 1 1 0 1
 0 0 1 1 0 1 1 0 1 1 0 1 0 1 1 0 0 1 0 1 1 0 0 1 0 0 0 1 1 1 0 0 0 0 1 1 0]",8
167,4,gad7,9,PCA,RF,2,0.505050505050505,0.5585585585585585,25,37,22,27,"[1 0 0 0 0 0 0 1 1 0 1 1 0 0 1 0 0 0 0 1 0 1 0 0 0 0 0 0 1 0 0 0 0 0 1 1 0
 0 0 1 0 1 0 1 1 0 1 0 1 0 0 0 0 0 0 1 0 1 1 1 0 1 0 0 0 1 1 1 1 1 1 0 1 1
 0 0 0 1 1 1 1 0 1 1 0 0 0 1 1 0 1 0 0 1 1 1 0 1 0 0 0 1 1 0 0 0 1 0 1 0 0]",8
168,4,gad7,9,PCA,LR,2,0.2650602409638554,0.45045045045045046,11,39,20,41,"[0 0 0 0 0 0 0 1 0 1 0 1 0 0 1 1 0 0 0 0 0 0 0 1 0 0 0 0 0 0 0 0 0 0 1 1 1
 0 0 1 0 0 0 0 0 0 1 0 1 0 0 0 0 0 0 1 0 0 0 0 1 1 0 0 0 1 1 0 0 0 1 0 0 1
 0 0 1 1 0 1 1 0 0 0 0 0 1 1 1 1 0 0 0 1 0 0 0 0 0 0 0 0 1 0 0 0 0 0 1 1 0]",8
169,4,gad7,9,PCA,XG,2,0.509433962264151,0.5315315315315315,27,32,27,25,"[1 1 1 0 0 0 0 1 1 0 1 1 1 0 1 0 0 0 1 1 0 1 0 0 0 0 0 0 1 1 1 0 1 0 1 1 0
 0 0 1 0 1 0 1 1 1 1 1 1 1 0 0 0 0 0 1 0 1 1 0 0 1 0 0 0 0 0 1 1 0 0 0 1 1
 0 0 1 1 1 1 0 0 1 1 1 0 0 1 1 0 1 0 0 1 1 1 1 1 0 0 0 1 1 0 0 0 1 0 1 0 0]",8
170,4,gad7,9,PCA,SVC,3,0.40404040404040403,0.46846846846846846,20,32,27,32,"[0 0 1 0 0 1 0 1 1 1 0 1 0 0 1 1 0 0 0 0 0 0 0 1 0 0 0 0 0 0 0 0 0 0 1 1 0
 0 0 1 0 1 0 1 0 0 1 0 1 0 0 0 0 0 1 1 0 0 1 1 1 1 0 0 0 1 1 1 1 0 1 0 0 1
 0 0 1 1 1 1 1 0 1 1 0 1 1 1 1 0 0 1 0 1 0 0 0 0 0 0 0 1 1 1 1 0 0 0 1 1 0]",8
171,4,gad7,9,PCA,kNN,3,0.49090909090909085,0.4954954954954955,27,28,31,25,"[1 1 0 0 0 1 1 1 0 1 1 1 0 0 0 0 0 0 0 0 0 1 0 1 0 1 0 0 1 0 1 0 1 0 0 1 0
 0 0 1 0 0 0 1 0 0 1 1 1 0 1 0 0 1 1 1 0 1 1 1 0 1 0 0 0 0 1 1 1 1 1 1 0 1
 0 0 1 1 1 1 1 0 1 1 0 1 1 1 1 0 1 1 1 1 1 1 0 0 1 0 0 1 1 1 0 0 0 0 1 1 0]",8
172,4,gad7,9,PCA,RF,3,0.4631578947368421,0.5405405405405406,22,38,21,30,"[1 0 1 0 0 0 0 1 0 0 1 1 0 0 1 0 0 0 0 0 0 1 0 0 0 1 0 0 1 0 1 0 0 0 1 1 0
 0 0 1 0 1 0 1 1 0 1 1 1 0 0 0 0 0 1 1 0 1 0 1 0 1 0 0 0 0 0 1 0 1 1 0 0 1
 0 0 1 1 1 1 0 0 1 0 0 0 0 1 1 0 1 1 0 0 1 1 1 0 0 0 0 1 1 0 0 0 0 0 1 0 0]",8
173,4,gad7,9,PCA,LR,3,0.4158415841584159,0.46846846846846846,21,31,28,31,"[0 0 1 0 0 1 0 1 1 1 0 1 0 0 1 1 0 0 0 0 0 0 0 1 0 0 0 0 0 0 0 0 0 0 1 1 1
 0 0 1 0 1 0 1 0 0 1 0 1 0 0 0 0 0 1 1 0 0 1 1 1 1 0 0 0 1 1 1 1 0 1 0 0 1
 0 0 1 1 1 1 1 0 1 1 0 1 1 1 1 1 0 1 0 1 0 0 0 0 0 0 0 1 1 1 1 0 0 0 1 1 0]",8
174,4,gad7,9,PCA,XG,3,0.4791666666666667,0.5495495495495496,23,38,21,29,"[1 1 0 0 0 0 0 1 0 0 1 1 1 0 1 0 0 0 0 1 0 1 0 0 0 0 0 0 1 1 0 0 1 0 1 1 0
 0 0 0 0 0 0 1 1 1 1 1 1 1 0 0 0 1 0 1 0 1 0 0 0 1 0 0 0 0 0 1 0 1 1 0 0 1
 0 0 1 1 1 1 0 0 0 0 1 0 0 1 1 0 1 1 0 0 1 1 0 1 0 0 0 1 0 0 0 0 0 0 1 0 1]",8
175,4,gad7,9,PCA,SVC,4,0.3877551020408163,0.4594594594594595,19,32,27,33,"[0 0 1 0 0 1 0 1 1 1 0 1 0 0 1 1 0 0 0 0 0 0 0 1 0 0 0 0 0 0 0 0 0 0 1 1 0
 0 0 1 0 1 0 1 0 0 1 0 1 0 0 0 0 0 1 1 0 0 1 1 1 1 0 0 0 0 1 1 1 0 1 0 0 1
 0 0 1 1 1 1 1 0 1 1 0 1 1 1 1 0 0 1 0 1 0 0 0 0 0 0 0 1 1 1 1 0 0 0 1 1 0]",8
176,4,gad7,9,PCA,kNN,4,0.4761904761904762,0.5045045045045045,25,31,28,27,"[1 0 1 0 0 1 0 1 0 1 1 1 0 0 1 0 0 0 0 0 0 1 0 1 0 1 1 0 0 0 1 0 0 0 1 1 0
 0 0 1 0 1 0 1 0 1 1 0 1 1 0 0 0 1 1 1 0 0 0 0 0 0 0 0 0 1 0 1 1 1 1 1 0 1
 0 0 1 1 1 1 1 0 1 1 1 1 0 1 1 0 0 1 1 1 1 0 0 0 1 0 0 1 1 1 0 0 0 0 1 1 0]",8
177,4,gad7,9,PCA,RF,4,0.49019607843137253,0.5315315315315315,25,34,25,27,"[1 0 1 0 0 0 0 1 1 0 1 1 0 1 1 0 0 0 0 1 0 1 0 0 0 1 0 0 1 0 0 0 0 0 1 1 0
 0 0 1 0 1 0 1 1 1 1 0 1 1 0 0 0 1 1 1 0 1 1 0 0 1 0 0 1 0 0 1 0 1 1 0 0 1
 0 0 1 1 1 1 0 0 1 0 1 0 0 1 1 0 1 1 0 1 1 1 0 1 0 0 0 1 1 0 0 0 0 0 1 0 0]",8
178,4,gad7,9,PCA,LR,4,0.4158415841584159,0.46846846846846846,21,31,28,31,"[0 0 1 0 0 1 0 1 1 1 0 1 0 0 1 1 0 0 0 0 0 0 0 1 0 0 0 0 0 0 0 0 0 0 1 1 1
 0 0 1 0 1 0 1 0 0 1 0 1 0 0 0 0 0 1 1 0 0 1 1 1 1 0 0 0 1 1 1 1 0 1 0 0 1
 0 0 1 1 1 1 1 0 1 1 0 1 1 1 1 1 0 1 0 1 0 0 0 0 0 0 0 1 1 1 1 0 0 0 1 1 0]",8
179,4,gad7,9,PCA,XG,4,0.4375,0.5135135135135135,21,36,23,31,"[1 0 1 0 0 0 0 1 1 0 0 1 1 0 1 1 0 0 0 1 0 1 0 0 0 1 0 0 1 0 1 0 0 0 1 1 0
 0 0 1 0 0 0 1 1 1 1 1 1 1 0 0 0 0 1 1 0 0 1 0 0 1 0 0 1 0 0 0 0 0 1 0 0 1
 0 0 1 1 0 1 0 0 1 0 1 0 0 1 1 0 1 1 0 0 1 1 0 0 0 0 0 1 1 0 0 0 0 0 1 0 0]",8
180,4,gad7,9,PCA,SVC,1,0.22535211267605634,0.5045045045045045,8,48,11,44,"[0 0 0 0 0 0 1 1 0 0 0 1 0 0 0 0 1 0 0 0 0 0 0 0 0 0 0 0 0 0 1 0 0 0 0 0 0
 1 0 0 0 0 0 0 0 1 0 1 1 0 0 0 0 1 0 0 0 0 0 1 0 0 0 0 0 0 1 1 0 0 0 0 0 1
 1 0 0 0 0 0 0 0 0 0 0 1 0 0 0 1 0 0 0 0 0 0 0 0 0 1 0 0 0 0 0 0 1 0 0 0 0]",9
181,4,gad7,9,PCA,kNN,1,0.39560439560439564,0.5045045045045045,18,38,21,34,"[0 1 0 1 1 1 0 1 1 0 0 0 0 0 0 0 0 0 0 0 1 1 0 0 1 1 0 1 1 1 0 0 1 0 1 0 1
 0 0 0 1 0 1 0 0 0 1 0 0 0 1 1 0 0 1 1 0 0 1 0 0 1 1 0 0 0 1 1 1 0 0 0 0 0
 0 0 1 0 0 1 0 0 0 0 0 0 1 1 0 0 0 0 0 1 0 0 1 0 0 0 0 0 0 0 0 0 1 1 0 1 1]",9
182,4,gad7,9,PCA,RF,1,0.4772727272727273,0.5855855855855856,21,44,15,31,"[0 1 0 0 0 1 0 0 1 0 0 0 1 0 0 1 0 0 0 0 1 0 0 0 1 1 0 0 0 0 0 0 0 1 1 0 0
 0 0 0 0 0 0 1 1 0 1 0 0 0 1 1 0 0 1 1 0 0 0 0 0 1 1 1 0 0 0 1 1 1 0 0 0 0
 1 1 0 0 0 1 0 0 0 0 0 0 1 1 0 0 0 0 1 0 0 1 1 0 0 0 0 0 1 0 0 1 1 0 0 1 1]",9
183,4,gad7,9,PCA,LR,1,0.5161290322580646,0.4594594594594595,32,19,40,20,"[1 1 1 1 1 1 1 1 1 0 0 1 1 0 0 1 0 1 0 1 1 1 1 1 0 1 0 0 1 1 1 1 1 1 1 0 1
 1 1 0 1 0 0 1 1 1 0 1 1 0 1 0 1 0 1 1 0 0 1 0 1 1 0 1 0 0 1 1 1 1 1 0 1 1
 1 1 1 1 1 0 1 0 0 1 0 1 0 0 1 1 0 0 1 1 1 1 0 1 0 1 1 1 0 1 1 1 0 0 1 0 0]",9
184,4,gad7,9,PCA,XG,1,0.41379310344827586,0.5405405405405406,18,42,17,34,"[0 1 0 0 0 1 0 0 1 0 0 0 1 0 0 0 0 0 0 0 1 0 0 0 1 1 0 0 0 1 0 0 0 1 1 0 0
 0 0 0 1 0 1 0 1 0 1 0 0 0 1 1 0 0 1 1 0 0 0 0 0 1 1 0 0 0 0 1 1 1 0 0 0 0
 0 1 0 0 0 1 0 0 0 0 0 0 1 1 0 0 0 0 1 0 0 1 1 0 0 0 0 0 1 0 0 0 1 1 0 1 1]",9
185,4,gad7,9,PCA,SVC,2,0.39534883720930236,0.5315315315315315,17,42,17,35,"[0 0 1 0 1 0 1 1 1 0 0 1 1 0 0 0 0 1 0 0 0 0 1 0 0 1 0 0 1 1 1 1 1 0 1 0 0
 0 1 0 0 0 0 0 0 1 0 0 1 0 0 0 0 0 0 1 0 0 1 0 0 0 1 0 0 0 0 1 0 0 0 0 0 1
 1 0 1 0 1 0 0 0 0 1 0 1 0 0 0 0 0 0 0 1 0 1 0 0 0 0 0 1 0 0 1 1 0 0 0 0 0]",9
186,4,gad7,9,PCA,kNN,2,0.3695652173913044,0.4774774774774775,17,36,23,35,"[1 1 0 0 1 1 0 0 0 0 0 0 0 1 0 0 0 1 0 0 1 0 0 0 0 0 0 0 1 0 0 1 0 0 1 0 1
 0 0 0 0 0 1 1 1 1 0 1 0 0 1 1 1 0 1 1 0 0 1 0 1 1 1 0 0 0 0 0 0 1 0 0 0 1
 1 0 0 0 1 0 0 0 0 1 0 1 0 1 0 0 0 0 1 1 0 1 1 0 0 0 0 1 1 0 0 0 1 0 0 0 1]",9
187,4,gad7,9,PCA,RF,2,0.3636363636363637,0.4954954954954955,16,39,20,36,"[0 0 0 0 1 1 1 0 0 0 0 0 1 0 1 0 0 0 0 0 1 0 0 1 0 0 0 0 0 0 0 1 0 0 1 0 1
 0 1 0 0 0 1 0 1 1 0 1 1 0 1 1 0 0 0 1 0 0 1 0 0 0 1 0 0 0 0 0 0 0 1 0 0 1
 1 0 1 0 0 1 0 0 0 1 0 1 0 0 0 0 0 0 1 0 0 1 1 0 0 0 0 1 1 0 0 0 1 0 1 0 1]",9
188,4,gad7,9,PCA,LR,2,0.41379310344827586,0.5405405405405406,18,42,17,34,"[0 0 1 0 1 0 1 1 1 0 0 1 1 0 0 0 0 1 0 0 0 0 1 0 0 1 0 0 1 1 1 1 1 0 1 0 0
 0 1 0 1 0 0 0 0 1 0 0 1 0 0 0 0 0 0 1 0 0 1 0 0 0 1 0 0 0 0 1 0 0 0 0 0 1
 1 0 1 0 1 0 0 0 0 1 0 1 0 0 0 0 0 0 0 1 0 1 0 0 0 0 0 1 0 0 1 1 0 0 0 0 0]",9
189,4,gad7,9,PCA,XG,2,0.32941176470588235,0.4864864864864865,14,40,19,38,"[0 0 0 0 1 1 0 0 0 0 0 0 1 0 1 0 0 0 0 0 1 0 0 1 0 0 0 0 0 0 0 1 0 0 1 0 1
 0 0 0 0 0 1 0 1 1 1 0 1 0 1 1 0 0 1 1 0 0 1 0 0 0 1 0 0 0 0 0 0 0 0 0 0 1
 1 0 1 0 1 1 0 0 0 1 0 1 0 0 0 0 0 0 1 0 0 0 1 0 0 0 0 0 1 0 0 0 1 0 1 0 1]",9
190,4,gad7,9,PCA,SVC,3,0.5,0.5495495495495496,25,36,23,27,"[0 0 1 0 1 0 1 1 1 0 1 1 1 1 0 0 0 1 0 0 0 0 1 0 1 1 1 1 1 1 1 1 1 0 1 1 0
 0 1 0 0 1 0 0 0 1 0 0 1 0 0 0 0 0 0 1 0 1 1 0 0 0 1 0 1 1 0 1 0 0 0 0 0 1
 1 0 1 0 1 0 0 1 0 1 0 1 1 0 0 0 0 0 0 1 0 1 1 0 0 0 0 1 0 0 1 1 0 0 0 1 0]",9
191,4,gad7,9,PCA,kNN,3,0.3373493975903614,0.5045045045045045,14,42,17,38,"[1 0 1 0 0 0 0 0 1 0 0 1 1 0 1 0 0 0 0 0 0 0 0 0 0 0 1 0 0 0 0 1 0 0 0 0 0
 0 0 0 1 0 1 1 0 1 0 1 0 0 0 0 1 0 1 1 0 0 0 0 0 1 1 0 0 0 1 0 0 0 0 0 0 1
 1 0 0 0 0 0 0 0 0 1 0 0 0 1 0 0 0 0 0 1 0 1 1 0 0 0 0 1 1 0 1 0 0 0 0 1 1]",9
192,4,gad7,9,PCA,RF,3,0.3488372093023256,0.4954954954954955,15,40,19,37,"[1 0 0 0 1 0 0 0 1 0 0 0 1 0 0 0 0 0 0 0 1 0 0 1 1 0 0 0 0 0 0 1 0 0 1 0 1
 1 0 0 0 0 1 0 0 1 0 0 1 1 1 1 0 0 0 1 0 0 1 0 0 0 1 0 0 0 0 0 0 0 0 0 0 1
 1 0 1 0 0 1 0 0 0 1 0 1 0 0 0 0 0 0 1 0 0 1 1 0 0 0 0 0 1 0 1 0 1 0 1 0 1]",9
193,4,gad7,9,PCA,LR,3,0.41379310344827586,0.5405405405405406,18,42,17,34,"[0 0 1 0 1 0 1 1 1 0 0 1 1 0 0 0 0 1 0 0 0 0 1 0 0 1 0 0 1 1 1 1 1 0 1 0 0
 0 1 0 1 0 0 0 0 1 0 0 1 0 0 0 0 0 0 1 0 0 1 0 0 0 1 0 0 0 0 1 0 0 0 0 0 1
 1 0 1 0 1 0 0 0 0 1 0 1 0 0 0 0 0 0 0 1 0 1 0 0 0 0 0 1 0 0 1 1 0 0 0 0 0]",9
194,4,gad7,9,PCA,XG,3,0.2439024390243902,0.44144144144144143,10,39,20,42,"[1 1 0 1 1 0 0 0 1 0 0 0 0 0 0 0 0 0 0 0 1 0 1 1 0 0 0 0 0 1 0 0 0 0 1 0 1
 1 0 0 1 0 1 0 0 1 0 0 0 0 1 0 0 0 0 0 0 0 1 0 0 0 1 0 0 0 0 0 1 0 0 0 0 1
 1 0 0 0 1 1 0 0 0 1 0 0 0 0 0 0 0 0 1 0 0 0 1 0 0 0 0 0 1 0 0 0 1 0 1 0 1]",9
195,4,gad7,9,PCA,SVC,4,0.5185185185185186,0.5315315315315315,28,31,28,24,"[0 0 1 0 1 1 1 1 1 0 1 1 1 1 1 0 0 1 0 0 0 0 1 0 1 1 1 1 1 1 1 1 1 0 1 1 0
 0 1 0 0 1 1 0 0 1 0 0 1 0 0 0 1 0 1 1 0 1 1 0 0 0 1 0 1 1 1 1 0 0 0 0 0 1
 1 0 1 0 1 0 0 1 0 1 0 1 1 0 0 0 0 0 0 1 0 1 1 0 0 0 0 1 1 0 1 1 0 0 0 1 1]",9
196,4,gad7,9,PCA,kNN,4,0.33707865168539325,0.46846846846846846,15,37,22,37,"[0 0 0 0 0 1 0 0 1 0 0 1 1 0 1 0 0 1 0 0 1 0 0 0 0 0 0 0 0 1 0 0 1 0 1 0 1
 0 0 0 1 0 1 1 0 1 0 1 0 0 1 0 1 0 1 1 0 0 0 0 0 1 1 0 0 0 0 0 0 0 0 0 0 1
 1 0 0 0 0 0 1 0 0 1 0 1 0 1 0 0 0 0 1 1 0 1 1 0 0 0 1 1 1 0 1 1 0 0 0 0 0]",9
197,4,gad7,9,PCA,RF,4,0.372093023255814,0.5135135135135135,16,41,18,36,"[0 0 1 0 0 1 0 1 1 0 0 0 1 0 0 0 0 0 0 0 1 0 0 1 1 0 0 0 0 1 0 0 0 0 1 0 1
 0 0 0 0 0 1 1 1 1 0 1 1 1 0 0 0 0 0 0 0 0 0 0 1 0 1 0 0 0 0 0 1 0 0 0 0 1
 1 0 1 0 0 1 1 0 0 1 0 0 0 1 0 0 0 0 1 0 0 0 1 0 0 0 0 0 1 0 1 0 1 0 0 0 1]",9
198,4,gad7,9,PCA,LR,4,0.41379310344827586,0.5405405405405406,18,42,17,34,"[0 0 1 0 1 0 1 1 1 0 0 1 1 0 0 0 0 1 0 0 0 0 1 0 0 1 0 0 1 1 1 1 1 0 1 0 0
 0 1 0 1 0 0 0 0 1 0 0 1 0 0 0 0 0 0 1 0 0 1 0 0 0 1 0 0 0 0 1 0 0 0 0 0 1
 1 0 1 0 1 0 0 0 0 1 0 1 0 0 0 0 0 0 0 1 0 1 0 0 0 0 0 1 0 0 1 1 0 0 0 0 0]",9
199,4,gad7,9,PCA,XG,4,0.17721518987341772,0.4144144144144144,7,39,20,45,"[1 1 1 0 1 0 0 0 1 0 0 0 1 0 0 0 0 0 0 0 1 0 0 1 0 0 0 1 0 1 0 0 0 0 1 0 1
 0 0 0 0 0 1 0 0 1 0 0 0 0 0 0 0 0 0 0 0 0 0 0 0 0 1 0 0 0 0 0 1 0 0 0 0 1
 1 0 1 0 1 1 1 0 0 1 0 0 0 0 0 0 0 0 1 0 0 0 1 0 0 0 0 0 0 0 1 0 0 1 0 0 0]",9
200,4,gad7,9,PCA,SVC,1,0.5289256198347106,0.4864864864864865,32,22,37,20,"[0 0 0 1 1 1 1 1 0 1 1 1 1 1 1 0 1 0 1 1 1 0 1 0 0 1 1 0 1 0 1 1 0 1 0 0 1
 1 1 1 1 1 0 0 0 1 1 1 0 1 0 1 0 1 0 1 0 1 0 1 0 1 1 1 0 1 0 0 1 0 1 1 0 1
 0 0 1 1 1 1 0 1 0 1 1 1 1 1 1 1 0 1 0 1 1 0 0 0 1 1 1 0 0 1 1 1 0 1 1 0 1]",10
201,4,gad7,9,PCA,kNN,1,0.39603960396039606,0.45045045045045046,20,30,29,32,"[0 1 1 0 1 1 1 0 0 1 1 0 1 1 0 0 1 0 0 0 1 0 1 1 0 1 0 0 1 0 0 1 0 0 0 0 1
 0 0 1 1 0 1 0 0 0 0 1 0 1 1 1 1 0 1 1 0 0 0 0 0 0 0 1 1 0 0 0 1 1 1 0 1 0
 0 0 0 0 1 1 1 1 0 1 1 0 1 1 0 0 0 1 0 1 0 0 0 0 1 1 0 0 0 1 1 1 0 0 1 0 0]",10
202,4,gad7,9,PCA,RF,1,0.32608695652173914,0.44144144144144143,15,34,25,37,"[0 1 1 0 0 1 0 0 0 1 1 0 1 0 0 0 1 0 0 0 1 0 1 1 0 1 0 0 0 0 0 1 0 0 1 1 0
 0 0 1 0 0 1 0 0 0 0 1 0 1 1 1 1 0 0 1 0 0 1 0 0 0 0 0 0 0 1 0 1 0 0 0 0 0
 0 0 1 0 1 1 1 0 0 1 0 0 1 1 0 0 0 0 1 0 1 0 1 0 1 1 0 0 0 0 1 1 0 0 0 1 0]",10
203,4,gad7,9,PCA,LR,1,0.4347826086956522,0.5315315315315315,20,39,20,32,"[0 0 0 0 1 1 1 1 0 0 0 0 1 0 1 1 0 1 0 0 1 1 0 0 0 0 0 0 1 0 1 0 0 0 1 0 0
 0 0 0 0 1 0 0 0 1 1 1 1 0 1 0 0 1 0 1 0 0 1 0 1 0 1 0 1 0 0 0 1 0 0 0 0 1
 0 0 0 0 0 1 0 0 0 1 1 0 0 1 1 0 0 0 1 0 1 0 1 0 1 0 0 0 0 1 0 1 0 0 1 1 0]",10
204,4,gad7,9,PCA,XG,1,0.2790697674418605,0.44144144144144143,12,37,22,40,"[0 1 1 0 0 1 0 0 0 1 1 0 1 0 0 0 1 0 0 0 1 0 1 1 0 1 0 0 0 0 0 1 0 0 0 0 0
 0 0 1 0 0 1 0 0 0 0 1 0 1 1 1 1 0 0 1 0 0 1 0 0 0 0 0 0 0 0 0 0 1 0 0 1 0
 0 0 1 0 1 1 1 0 0 1 0 0 1 1 0 0 0 0 0 0 1 0 0 0 1 1 0 0 0 0 1 0 0 0 0 0 0]",10
205,4,gad7,9,PCA,SVC,2,0.47058823529411764,0.5135135135135135,24,33,26,28,"[0 0 1 0 1 1 1 1 0 1 1 1 1 0 1 0 0 0 0 1 1 0 0 0 1 0 1 1 1 0 1 0 0 1 0 1 0
 0 0 0 1 0 0 1 0 1 1 1 0 0 0 1 0 1 0 1 0 0 0 0 0 1 1 0 0 0 0 0 1 0 1 0 0 1
 1 0 1 1 0 1 0 0 0 1 1 1 1 1 0 0 0 0 0 0 0 1 0 0 1 1 1 0 0 1 0 1 0 1 1 0 1]",10
206,4,gad7,9,PCA,kNN,2,0.42553191489361697,0.5135135135135135,20,37,22,32,"[0 1 0 0 0 1 1 0 1 1 1 1 1 0 0 0 0 1 0 1 1 0 0 1 0 0 1 0 1 1 0 1 1 0 1 0 0
 0 0 0 1 0 0 0 0 0 0 0 0 0 0 1 0 0 0 1 0 0 0 0 0 0 0 0 0 0 1 0 0 1 0 0 1 0
 0 0 1 1 0 1 1 1 0 1 1 1 1 1 0 0 0 0 1 0 0 0 0 0 1 0 1 0 0 1 0 1 0 1 0 1 1]",10
207,4,gad7,9,PCA,RF,2,0.4044943820224719,0.5225225225225225,18,40,19,34,"[0 1 1 0 0 0 0 0 0 1 1 1 1 0 0 0 1 0 0 0 1 0 0 1 1 0 1 0 0 1 0 1 1 0 1 0 0
 0 1 0 0 0 0 1 0 0 0 0 0 0 0 1 0 0 0 1 0 0 1 0 0 0 0 0 0 0 1 0 0 1 1 0 1 0
 0 0 1 1 1 1 1 0 0 1 0 0 1 1 0 0 0 0 1 0 0 0 0 0 1 0 1 0 0 0 0 1 0 1 0 0 0]",10
208,4,gad7,9,PCA,LR,2,0.5438596491228069,0.5315315315315315,31,28,31,21,"[0 0 1 0 1 1 1 1 1 1 1 1 1 0 1 1 0 1 0 1 1 0 0 0 1 0 1 1 1 0 1 0 1 1 1 1 0
 0 0 0 1 1 0 1 0 1 1 1 0 0 0 1 0 1 0 1 0 0 0 0 0 1 1 0 1 0 0 0 1 0 1 0 0 1
 1 0 1 1 0 1 0 0 0 1 1 1 1 1 1 0 0 0 1 0 1 1 1 0 1 1 1 0 0 1 0 1 0 1 1 1 1]",10
209,4,gad7,9,PCA,XG,2,0.30952380952380953,0.4774774774774775,13,40,19,39,"[0 1 1 0 0 0 0 0 0 0 1 1 1 0 0 0 0 0 0 0 0 0 0 1 1 0 1 0 0 1 0 1 1 0 1 0 0
 0 0 0 0 0 0 1 0 0 0 0 0 0 0 1 0 0 0 0 0 0 1 0 0 0 0 0 0 1 1 0 0 1 1 0 1 0
 0 0 1 1 1 1 1 1 0 0 0 0 0 1 0 0 0 0 1 0 1 0 0 0 1 0 0 0 0 0 0 1 0 1 0 0 0]",10
210,4,gad7,9,PCA,SVC,3,0.4742268041237113,0.5405405405405406,23,37,22,29,"[0 0 1 0 1 1 1 1 0 1 1 1 1 0 1 0 0 0 0 1 1 0 0 0 1 0 1 0 1 0 1 0 0 1 0 0 0
 0 0 0 1 0 0 1 0 1 1 1 0 0 0 1 0 1 0 1 0 0 0 0 0 0 1 0 0 0 0 0 1 0 1 0 0 1
 0 0 1 1 0 1 0 0 0 1 1 1 1 1 0 0 0 0 0 0 0 0 0 0 1 1 1 0 0 1 0 1 0 1 1 0 1]",10
211,4,gad7,9,PCA,kNN,3,0.4175824175824176,0.5225225225225225,19,39,20,33,"[0 1 0 0 0 1 0 0 0 1 1 1 1 1 0 0 0 0 0 1 1 0 0 1 1 0 1 0 1 1 0 0 0 1 0 0 1
 1 0 1 1 0 1 0 0 0 0 0 0 0 0 1 0 0 0 1 1 0 0 0 0 0 0 0 0 0 1 0 0 1 0 0 1 0
 0 0 0 0 0 1 1 0 0 1 1 1 1 1 0 0 0 0 1 0 0 0 0 0 1 0 1 0 0 1 0 1 0 0 0 1 0]",10
212,4,gad7,9,PCA,RF,3,0.325,0.5135135135135135,13,44,15,39,"[0 1 0 0 0 1 1 0 0 1 1 0 1 0 0 0 0 0 0 0 1 0 0 1 1 0 1 0 0 0 0 0 1 1 0 0 0
 0 0 0 1 0 0 0 0 0 0 0 0 0 0 1 0 0 0 1 0 0 1 0 0 0 0 0 0 0 1 0 0 1 1 0 1 0
 0 0 0 0 0 1 1 0 0 1 0 0 0 1 0 0 0 0 1 0 0 0 0 0 1 0 1 0 0 0 0 0 0 1 0 0 0]",10
213,4,gad7,9,PCA,LR,3,0.5272727272727272,0.5315315315315315,29,30,29,23,"[0 0 1 0 1 1 1 1 1 1 1 1 1 0 1 0 0 0 0 1 1 0 0 0 1 0 1 1 1 0 1 0 1 1 1 1 0
 0 0 0 1 1 0 1 0 1 1 1 0 0 0 1 0 1 0 1 0 0 0 0 0 1 1 0 0 0 0 0 1 0 1 0 0 1
 1 0 1 1 0 1 0 0 0 1 1 1 1 1 1 0 0 0 1 0 1 1 0 0 1 1 1 0 0 1 0 1 0 1 1 1 1]",10
214,4,gad7,9,PCA,XG,3,0.35443037974683544,0.5405405405405406,14,46,13,38,"[0 1 0 0 0 0 1 0 0 1 1 0 1 0 0 0 0 0 0 1 1 0 0 1 0 0 1 0 0 0 0 0 1 1 0 0 0
 0 0 0 0 0 0 1 0 0 0 0 1 0 0 1 0 0 0 1 0 0 1 0 0 0 0 0 0 0 0 0 0 0 1 0 1 0
 0 0 0 0 0 1 1 0 0 1 0 0 0 1 0 0 0 0 1 0 1 0 0 0 1 0 1 0 0 0 0 0 0 1 0 0 0]",10
215,4,gad7,9,PCA,SVC,4,0.4897959183673469,0.5495495495495496,24,37,22,28,"[0 0 1 0 1 1 1 1 0 1 1 1 1 0 1 0 0 0 0 1 1 0 0 0 1 0 1 0 1 0 1 0 0 1 0 0 0
 0 0 0 1 0 0 1 0 1 1 1 0 0 0 1 0 1 0 1 0 0 0 0 0 1 1 0 0 0 0 0 1 0 1 0 0 1
 0 0 1 1 0 1 0 0 0 1 1 1 1 1 0 0 0 0 0 0 0 0 0 0 1 1 1 0 0 1 0 1 0 1 1 0 1]",10
216,4,gad7,9,PCA,kNN,4,0.4742268041237113,0.5405405405405406,23,37,22,29,"[0 0 0 0 1 1 1 0 1 1 0 0 1 0 1 0 0 0 0 1 1 0 0 1 0 0 1 0 1 0 1 0 0 1 0 0 0
 0 0 1 1 0 0 0 0 1 0 1 0 1 0 1 0 1 0 1 1 0 0 0 0 1 1 0 0 0 0 0 0 1 1 0 1 1
 0 0 0 0 0 1 1 0 0 1 1 1 1 1 0 1 1 0 0 0 0 0 0 0 1 0 1 0 1 1 0 1 0 1 0 0 1]",10
217,4,gad7,9,PCA,RF,4,0.36585365853658536,0.5315315315315315,15,44,15,37,"[0 1 0 0 0 0 1 0 0 1 1 0 1 0 0 0 0 1 0 1 1 0 0 1 1 0 1 0 0 1 0 0 0 1 0 0 0
 0 0 1 1 0 0 0 0 0 0 0 0 0 0 1 0 0 0 1 0 0 1 0 0 0 0 0 0 0 0 0 0 0 1 0 1 0
 0 0 0 1 0 1 1 0 0 1 0 1 0 1 0 0 0 0 1 0 0 0 0 0 1 0 1 0 0 0 0 1 0 0 0 0 0]",10
218,4,gad7,9,PCA,LR,4,0.5454545454545454,0.5495495495495496,30,31,28,22,"[0 0 1 0 1 1 1 1 1 1 1 1 1 0 1 0 0 0 0 1 1 0 0 0 1 0 1 1 1 0 1 0 1 1 1 1 0
 0 0 0 1 1 0 1 0 1 1 1 0 0 0 1 0 1 0 1 0 0 0 0 0 1 1 0 0 0 0 0 1 0 1 0 0 1
 1 0 1 1 0 1 0 0 0 1 1 1 1 1 1 1 0 0 0 0 1 1 0 0 1 1 1 0 0 1 0 1 0 1 1 1 1]",10
219,4,gad7,9,PCA,XG,4,0.3846153846153846,0.5675675675675675,15,48,11,37,"[0 0 0 0 0 1 1 0 0 1 1 0 1 0 0 0 0 0 0 1 1 0 0 1 1 0 1 0 0 0 0 0 1 1 0 0 0
 0 0 1 0 0 0 0 0 0 0 0 0 0 0 1 0 0 0 1 0 0 1 0 0 0 0 0 0 0 0 0 0 0 1 0 1 0
 0 0 0 0 0 1 1 0 0 1 0 0 0 1 0 1 0 0 1 0 0 0 0 0 1 0 0 0 0 0 0 1 0 0 0 0 0]",10
220,4,gad7,9,PCA,SVC,1,0.37974683544303794,0.5585585585585585,15,47,12,37,"[0 0 0 1 0 0 1 0 1 0 0 0 0 0 0 1 1 0 0 0 0 0 0 1 0 0 0 0 0 0 0 0 0 0 0 0 0
 0 1 1 1 0 0 0 1 0 0 0 0 0 0 0 1 0 0 0 0 0 1 1 0 0 1 1 0 0 0 0 0 0 0 1 1 0
 1 0 1 0 0 1 1 0 0 0 0 0 0 1 0 1 0 0 0 1 0 0 1 0 0 0 0 0 0 0 0 1 0 1 0 0 0]",11
221,4,gad7,9,PCA,kNN,1,0.4130434782608696,0.5135135135135135,19,38,21,33,"[0 0 0 1 1 0 0 1 0 0 0 1 0 1 0 0 0 0 1 0 1 0 0 0 0 1 0 1 0 1 0 0 1 0 0 1 0
 0 0 1 0 1 1 0 0 1 1 0 1 1 1 0 0 0 0 1 0 1 1 0 0 0 1 1 0 0 1 0 0 0 1 0 0 1
 0 0 0 0 0 0 0 1 0 1 1 0 1 0 0 1 0 1 0 1 0 0 1 0 0 0 0 0 0 1 1 0 0 1 1 0 0]",11
222,4,gad7,9,PCA,RF,1,0.4545454545454546,0.5675675675675675,20,43,16,32,"[0 0 0 0 0 1 0 0 0 0 1 0 1 1 0 0 0 1 0 0 1 0 0 1 0 0 0 1 1 1 0 0 1 0 0 0 0
 0 1 1 1 0 0 0 0 1 1 0 1 0 0 0 1 0 0 1 0 1 1 0 0 0 1 1 0 0 1 0 0 0 0 0 0 0
 0 0 0 0 0 0 0 1 0 1 0 1 1 1 1 0 0 1 1 0 0 0 1 0 0 0 0 0 0 1 1 0 0 1 0 0 0]",11
223,4,gad7,9,PCA,LR,1,0.5507246376811594,0.44144144144144143,38,11,48,14,"[1 1 1 1 0 1 1 1 1 1 0 0 0 1 0 1 1 1 1 1 1 1 1 1 1 0 0 0 1 1 1 1 1 1 1 0 1
 1 1 1 1 0 1 1 1 1 1 0 0 1 1 1 1 1 1 0 1 1 1 1 0 1 1 0 1 1 1 1 1 1 1 1 1 1
 1 1 1 1 1 1 1 1 1 1 0 1 0 1 0 1 1 0 1 1 1 1 0 1 1 1 1 1 0 1 1 1 0 0 0 1 0]",11
224,4,gad7,9,PCA,XG,1,0.41379310344827586,0.5405405405405406,18,42,17,34,"[0 0 0 0 0 0 0 0 0 0 1 0 1 1 0 0 0 0 0 0 1 0 0 1 0 0 0 1 1 1 0 0 1 0 0 0 0
 0 1 1 1 0 0 0 0 1 1 0 1 1 1 0 1 0 0 1 0 1 1 0 0 0 1 1 0 0 1 0 0 0 1 0 0 0
 0 0 0 0 0 0 0 1 0 1 0 0 1 1 1 0 0 1 0 0 0 0 1 0 0 0 0 0 0 1 1 0 0 1 0 0 0]",11
225,4,gad7,9,PCA,SVC,2,0.4421052631578947,0.5225225225225225,21,37,22,31,"[0 0 1 1 1 0 1 1 0 0 1 1 0 0 1 1 0 0 1 0 0 0 0 0 0 0 0 0 1 0 1 0 0 0 1 0 0
 1 1 0 0 1 0 0 1 0 1 0 1 0 0 0 1 1 0 0 1 0 0 1 1 1 1 1 0 0 0 0 0 0 0 0 1 0
 1 0 1 0 1 1 1 0 0 0 0 0 0 0 0 1 1 1 1 0 1 0 1 0 0 0 0 0 1 0 1 1 0 0 0 0 1]",11
226,4,gad7,9,PCA,kNN,2,0.5252525252525252,0.5765765765765766,26,38,21,26,"[0 0 0 0 1 1 1 0 0 0 1 1 1 0 1 0 0 1 0 0 0 1 0 0 1 1 0 0 0 1 0 1 0 0 0 1 0
 0 0 1 0 0 0 0 0 1 1 0 1 1 0 0 1 0 0 1 0 1 0 1 1 0 1 1 0 0 0 0 0 0 1 0 0 0
 0 0 0 0 0 1 1 0 0 1 1 1 1 0 0 1 0 1 1 1 1 1 1 1 0 0 0 0 1 0 1 1 0 1 1 1 0]",11
227,4,gad7,9,PCA,RF,2,0.30769230769230776,0.5135135135135135,12,45,14,40,"[1 0 0 0 0 0 0 0 0 0 0 0 0 0 0 0 0 0 0 0 0 0 0 0 1 0 0 1 0 1 0 0 0 0 0 0 0
 0 0 0 0 0 0 0 0 0 1 0 1 1 0 0 0 0 0 0 0 1 0 0 0 0 1 1 0 0 1 0 1 0 1 0 0 1
 0 0 0 0 0 1 0 0 0 1 1 1 1 0 0 1 0 0 1 0 0 0 0 0 0 1 0 0 0 1 1 1 0 0 1 0 0]",11
228,4,gad7,9,PCA,LR,2,0.39534883720930236,0.5315315315315315,17,42,17,35,"[0 0 1 1 0 0 1 1 0 0 0 0 0 0 0 1 0 0 1 0 0 0 0 0 0 0 0 0 1 0 1 0 0 0 1 0 0
 1 1 0 0 0 0 0 1 0 1 0 0 0 0 0 1 1 0 0 1 0 0 1 0 1 1 0 0 0 0 0 0 0 0 0 1 0
 1 0 1 0 1 1 1 0 0 0 0 0 0 0 1 1 1 0 1 1 1 0 0 0 0 0 0 0 0 0 1 1 0 1 0 0 0]",11
229,4,gad7,9,PCA,XG,2,0.441860465116279,0.5675675675675675,19,44,15,33,"[1 0 0 1 0 1 0 0 0 0 0 0 0 1 0 0 0 1 0 0 1 0 0 0 1 0 0 1 1 1 0 0 0 0 1 0 0
 0 0 0 0 0 0 0 0 0 1 0 1 1 1 0 1 0 0 0 1 1 0 0 0 0 1 1 0 0 1 0 0 0 0 0 1 0
 0 0 1 0 0 1 1 0 0 1 1 0 1 0 0 1 0 0 0 0 0 0 1 0 0 0 0 0 0 1 1 0 0 1 1 0 0]",11
230,4,gad7,9,PCA,SVC,3,0.505050505050505,0.5585585585585585,25,37,22,27,"[0 0 1 1 1 0 1 1 0 0 1 1 0 0 0 1 0 0 1 0 0 0 0 0 0 1 0 0 1 0 1 0 0 0 1 1 0
 1 1 0 0 1 0 0 1 0 1 0 1 0 0 0 1 1 0 1 1 0 0 1 1 1 1 0 0 0 0 0 0 0 0 0 1 0
 1 0 1 0 1 1 1 0 0 0 1 0 0 0 0 1 1 1 1 1 1 0 1 0 0 0 0 0 1 0 1 1 1 0 0 0 1]",11
231,4,gad7,9,PCA,kNN,3,0.4672897196261683,0.4864864864864865,25,29,30,27,"[0 1 1 1 1 1 1 0 0 0 1 1 1 0 0 1 0 1 1 0 1 0 1 0 0 1 0 0 0 1 0 1 0 0 0 1 1
 0 0 1 0 1 1 0 0 0 1 0 0 0 1 0 1 0 0 1 0 0 0 1 1 1 1 1 0 0 1 0 0 1 0 1 1 0
 1 0 0 0 1 1 1 0 0 0 1 1 1 0 0 0 0 1 1 1 1 1 0 0 1 1 0 0 0 0 1 1 0 1 1 1 1]",11
232,4,gad7,9,PCA,RF,3,0.30588235294117644,0.46846846846846846,13,39,20,39,"[0 1 1 0 0 1 0 0 0 0 0 0 0 0 0 0 0 1 0 0 0 0 0 0 0 0 0 1 0 1 0 1 0 0 0 0 0
 0 0 0 0 0 0 0 0 0 1 0 0 0 1 1 1 0 0 0 0 1 0 1 1 1 1 1 0 0 1 0 1 1 0 0 0 0
 0 0 0 0 0 0 0 0 0 0 1 1 1 0 0 1 0 0 1 0 0 0 1 0 0 1 0 0 0 0 1 1 0 1 1 1 1]",11
233,4,gad7,9,PCA,LR,3,0.39534883720930236,0.5315315315315315,17,42,17,35,"[0 0 1 1 0 0 1 1 0 0 0 0 0 0 0 1 0 0 1 0 0 0 0 0 0 0 0 0 1 0 1 0 0 0 1 0 0
 1 1 0 0 0 0 0 1 0 1 0 0 0 0 0 1 1 0 0 1 0 0 1 0 1 1 0 0 0 0 0 0 0 0 0 1 0
 1 0 1 0 1 1 1 0 0 0 0 0 0 0 1 1 1 0 1 1 1 0 0 0 0 0 0 0 0 0 1 1 0 1 0 0 0]",11
234,4,gad7,9,PCA,XG,3,0.36781609195402304,0.5045045045045045,16,40,19,36,"[0 1 1 0 0 1 1 1 0 1 0 0 1 0 0 0 0 1 0 0 0 0 1 1 0 0 0 1 0 1 0 1 0 0 0 0 0
 0 0 0 0 0 0 0 0 0 1 0 0 0 1 0 1 0 0 0 0 0 0 0 0 1 1 1 0 0 1 0 1 1 0 0 1 0
 0 0 1 0 0 0 0 0 1 0 1 0 1 0 0 1 0 0 1 0 0 0 0 0 0 1 0 0 0 0 1 1 0 1 1 0 1]",11
235,4,gad7,9,PCA,SVC,4,0.4897959183673469,0.5495495495495496,24,37,22,28,"[0 0 1 1 1 0 1 1 0 0 1 1 0 0 0 1 0 0 1 0 0 0 0 0 0 1 0 0 1 0 1 0 0 0 1 1 0
 1 1 0 0 1 0 0 1 0 1 0 1 0 0 0 1 1 0 1 1 0 0 1 1 1 1 0 0 0 0 0 0 0 0 0 1 0
 1 0 1 0 1 1 1 0 0 0 1 0 0 0 0 1 1 1 1 0 1 0 1 0 0 0 0 0 1 0 1 1 1 0 0 0 1]",11
236,4,gad7,9,PCA,kNN,4,0.45999999999999996,0.5135135135135135,23,34,25,29,"[0 1 0 0 1 0 1 0 0 1 1 1 1 0 0 0 0 1 1 0 1 0 0 0 0 1 0 0 0 0 0 1 0 0 0 1 1
 1 1 1 0 1 1 0 0 0 1 0 1 0 1 1 1 0 1 1 0 1 0 0 0 1 0 1 0 0 1 0 0 0 0 0 1 0
 1 1 1 0 0 1 1 0 0 1 1 0 1 1 0 1 0 1 1 0 1 0 0 0 0 1 0 0 0 0 1 1 0 1 0 0 0]",11
237,4,gad7,9,PCA,RF,4,0.380952380952381,0.5315315315315315,16,43,16,36,"[0 1 1 0 0 1 0 0 0 1 0 1 0 0 0 0 0 1 0 0 1 0 0 0 0 0 0 1 0 0 0 1 0 0 0 0 1
 0 0 1 0 0 0 0 0 0 1 0 0 0 1 0 1 0 0 0 0 0 0 1 0 0 1 1 0 0 1 0 1 0 0 0 0 1
 0 0 1 0 0 0 0 0 0 0 1 0 1 0 0 0 0 0 1 1 0 1 1 0 0 1 0 0 0 1 1 1 0 0 0 1 0]",11
238,4,gad7,9,PCA,LR,4,0.5663716814159292,0.5585585585585585,32,30,29,20,"[0 1 1 1 1 0 1 1 0 1 1 1 0 0 0 1 0 1 1 0 1 1 1 0 1 0 0 1 1 0 1 1 1 0 1 0 0
 1 1 0 0 1 1 0 1 0 1 0 1 0 1 0 1 1 0 1 1 0 0 1 1 1 1 0 1 0 0 1 1 1 0 0 1 0
 1 0 1 0 1 1 1 0 1 0 0 0 0 0 1 1 1 1 1 1 1 0 0 0 0 0 1 0 1 0 1 1 0 1 0 0 0]",11
239,4,gad7,9,PCA,XG,4,0.380952380952381,0.5315315315315315,16,43,16,36,"[0 0 1 0 1 0 1 1 0 1 0 0 0 0 0 0 0 0 0 0 1 0 0 0 0 0 0 1 0 0 0 1 0 0 0 0 1
 0 1 0 0 1 0 0 0 0 1 0 0 0 1 0 1 0 0 0 0 0 0 0 1 1 1 1 0 0 0 0 1 0 0 0 0 0
 0 0 1 0 0 0 0 0 1 0 1 1 1 1 0 1 0 0 1 0 0 0 0 0 0 1 0 0 0 0 1 1 0 1 0 0 1]",11
240,4,gad7,9,PCA,SVC,1,0.18918918918918917,0.4594594594594595,7,44,15,45,"[0 1 0 0 0 0 0 0 0 0 0 0 1 1 0 0 0 0 0 0 0 0 0 1 0 0 0 0 0 1 0 0 0 0 0 0 1
 0 0 1 0 0 0 0 0 0 0 1 0 1 1 0 0 0 1 0 0 1 0 0 0 0 0 0 0 0 0 1 0 1 0 1 1 1
 0 0 0 0 0 0 0 0 0 1 0 0 0 0 0 0 0 0 0 0 0 0 0 0 0 0 0 0 0 0 1 0 1 1 1 0 0]",12
241,4,gad7,9,PCA,kNN,1,0.4716981132075472,0.4954954954954955,25,30,29,27,"[1 1 0 1 1 0 1 0 1 0 1 1 1 1 0 0 0 0 1 1 0 1 0 1 0 1 0 0 0 0 0 0 1 0 0 0 1
 1 0 1 0 1 1 0 1 0 0 1 0 1 1 0 0 0 1 1 0 1 0 1 0 0 0 0 0 0 0 1 0 1 1 1 1 1
 1 1 1 1 1 1 0 0 1 1 1 0 0 0 1 0 0 0 0 0 0 1 1 0 0 0 1 0 1 0 1 0 1 1 1 1 0]",12
242,4,gad7,9,PCA,RF,1,0.41666666666666663,0.4954954954954955,20,35,24,32,"[0 1 0 1 0 0 1 1 1 0 0 1 1 0 0 0 0 0 0 0 0 0 0 1 0 1 0 0 0 0 1 0 1 0 0 0 1
 1 0 1 0 0 0 0 1 0 0 1 1 1 1 0 0 0 1 1 0 0 1 1 0 0 0 0 0 0 0 1 1 0 0 1 1 1
 1 1 1 1 1 0 0 0 1 0 0 0 1 1 0 0 1 1 0 0 0 0 1 0 0 0 0 0 1 0 1 0 1 0 0 1 1]",12
243,4,gad7,9,PCA,LR,1,0.5116279069767441,0.43243243243243246,33,15,44,19,"[1 0 1 0 0 1 1 1 0 1 0 0 1 1 1 1 0 1 1 1 0 0 0 0 0 1 1 1 1 0 1 1 1 0 1 1 1
 1 1 1 1 1 1 1 1 1 1 1 0 1 1 0 0 1 0 1 1 1 1 1 0 0 0 0 1 1 1 0 1 1 1 0 0 1
 1 1 1 1 1 1 1 1 1 1 1 1 1 1 1 1 0 1 1 1 0 0 1 1 1 0 1 0 1 1 0 1 1 0 0 1 0]",12
244,4,gad7,9,PCA,XG,1,0.4130434782608696,0.5135135135135135,19,38,21,33,"[0 1 0 1 0 0 1 1 1 0 0 1 1 1 0 0 0 0 0 0 0 0 0 1 0 1 0 0 0 0 0 0 1 0 0 0 1
 1 0 1 0 0 0 0 1 0 0 1 1 1 1 0 0 0 1 1 0 0 0 1 0 0 0 0 0 0 0 1 0 0 0 1 1 1
 1 1 1 1 1 0 0 0 1 0 0 0 1 1 0 0 1 1 0 0 0 0 1 0 0 0 0 0 0 0 1 0 1 0 0 1 0]",12
245,4,gad7,9,PCA,SVC,2,0.43298969072164945,0.5045045045045045,21,35,24,31,"[0 1 0 0 1 1 1 0 0 1 0 0 1 1 0 0 0 0 0 0 0 0 0 1 0 0 0 0 1 1 0 0 1 0 1 1 1
 0 0 1 0 0 1 0 1 0 1 1 0 0 1 0 0 0 1 0 1 1 0 0 0 0 0 0 0 0 0 1 0 0 1 1 1 1
 0 1 1 0 1 0 0 0 1 1 0 0 1 1 1 0 0 0 0 1 0 1 0 0 1 0 1 0 1 0 1 0 0 1 1 1 0]",12
246,4,gad7,9,PCA,kNN,2,0.42222222222222217,0.5315315315315315,19,40,19,33,"[1 1 0 0 0 0 0 0 0 0 0 0 1 0 0 1 0 0 1 0 0 0 0 0 0 0 0 0 0 0 0 0 0 1 0 1 1
 0 1 1 0 0 1 0 0 0 0 1 0 0 1 0 0 0 1 0 0 1 0 1 0 0 0 1 1 1 0 0 0 0 0 1 1 0
 1 0 1 1 0 0 0 0 0 1 1 0 0 1 1 1 0 0 1 0 1 0 1 1 0 0 1 0 1 0 1 0 0 1 1 0 0]",12
247,4,gad7,9,PCA,RF,2,0.40860215053763443,0.5045045045045045,19,37,22,33,"[1 1 0 0 0 0 0 1 0 1 0 1 1 0 0 0 0 0 1 1 0 0 0 0 0 0 0 0 0 0 1 0 0 0 0 0 1
 0 0 1 0 0 1 0 1 1 0 1 0 0 1 0 0 0 1 1 1 1 0 1 0 0 0 0 0 0 0 0 0 0 1 1 1 0
 1 0 1 1 1 1 0 0 1 1 0 0 0 0 1 0 1 1 1 1 0 0 0 1 0 0 1 0 0 0 1 0 0 0 1 0 1]",12
248,4,gad7,9,PCA,LR,2,0.40476190476190477,0.5495495495495496,17,44,15,35,"[0 0 0 0 1 1 1 0 0 1 0 0 1 1 0 0 0 1 0 0 0 0 0 0 0 0 0 0 1 0 0 0 1 0 1 1 1
 0 0 1 0 0 1 0 1 0 1 1 0 0 1 0 0 0 0 0 1 1 0 0 0 0 0 0 0 0 0 0 0 0 1 0 0 0
 0 1 0 0 1 0 0 0 0 1 0 0 1 0 1 0 0 0 0 1 0 1 0 0 1 0 1 0 0 0 0 0 0 1 0 1 0]",12
249,4,gad7,9,PCA,XG,2,0.46666666666666673,0.5675675675675675,21,42,17,31,"[1 1 0 0 0 0 0 0 1 1 0 1 1 0 0 0 0 0 0 0 0 0 0 0 0 0 0 0 0 0 1 0 0 0 0 0 0
 1 0 1 0 0 1 0 1 1 0 1 0 0 1 0 0 0 1 1 1 1 0 1 0 0 0 0 0 1 0 0 0 0 0 1 0 0
 1 0 1 1 1 1 0 0 1 1 0 0 0 1 1 1 1 0 1 1 0 0 0 0 0 0 1 0 0 0 1 0 0 1 1 0 0]",12
250,4,gad7,9,PCA,SVC,3,0.2758620689655173,0.43243243243243246,12,36,23,40,"[0 1 0 0 1 1 0 0 0 0 0 0 1 1 0 0 0 0 0 0 0 0 0 1 0 0 0 0 0 1 0 0 0 0 0 1 1
 0 0 1 0 0 1 0 1 0 1 1 0 0 1 0 0 0 1 0 0 1 0 0 0 0 0 0 0 0 0 1 0 0 1 1 1 1
 0 0 1 0 0 0 0 0 1 1 0 0 0 0 1 0 0 0 0 1 0 1 0 1 1 0 1 0 1 0 1 0 0 1 1 0 0]",12
251,4,gad7,9,PCA,kNN,3,0.5544554455445544,0.5945945945945946,28,38,21,24,"[0 1 0 0 0 1 1 1 1 0 1 0 1 0 0 0 0 0 1 0 0 0 0 0 1 0 0 0 0 0 1 0 0 1 1 1 1
 1 1 1 0 0 1 0 0 0 1 1 0 0 0 0 0 1 1 0 1 1 0 1 0 0 0 1 0 1 1 1 0 0 0 1 1 0
 1 0 0 1 1 1 1 0 0 1 1 0 0 1 1 0 0 1 1 1 0 0 1 1 1 0 1 0 0 0 1 0 0 1 0 0 0]",12
252,4,gad7,9,PCA,RF,3,0.46666666666666673,0.5675675675675675,21,42,17,31,"[1 1 0 0 1 0 1 0 0 1 0 0 1 0 0 0 0 0 1 0 0 0 0 0 0 0 0 0 0 0 1 0 0 0 1 0 1
 0 0 1 0 0 1 0 1 0 0 1 0 0 1 0 0 0 1 0 0 1 0 1 0 0 0 1 0 1 0 1 0 0 0 1 1 0
 1 1 0 1 1 1 0 0 0 1 0 0 0 1 1 0 1 0 1 0 0 1 1 0 0 0 1 0 0 0 1 0 0 1 0 0 0]",12
253,4,gad7,9,PCA,LR,3,0.40909090909090906,0.5315315315315315,18,41,18,34,"[0 1 0 0 1 1 1 0 0 1 0 0 1 1 0 0 0 1 0 0 0 0 0 0 0 0 0 0 1 0 0 0 1 0 1 1 1
 0 0 1 0 0 1 0 1 0 1 1 0 0 1 0 0 0 1 0 1 1 0 0 0 0 0 0 0 0 0 0 0 0 1 0 0 0
 0 1 0 0 1 0 0 0 0 1 0 0 1 0 1 0 0 0 0 1 0 1 0 1 1 0 1 0 0 0 1 0 0 1 0 1 0]",12
254,4,gad7,9,PCA,XG,3,0.5054945054945056,0.5945945945945946,23,43,16,29,"[0 1 0 0 0 0 1 0 1 1 0 0 1 0 0 0 0 0 1 0 0 0 0 0 0 0 0 0 0 0 0 0 0 0 0 1 1
 1 0 1 0 0 1 0 0 1 0 1 0 0 1 0 0 0 1 1 1 1 0 1 0 0 0 0 0 1 0 0 0 0 1 1 0 0
 1 1 1 1 1 1 0 0 1 1 0 0 0 1 1 1 1 0 1 0 0 1 1 0 0 0 1 0 0 0 0 1 0 0 0 0 0]",12
255,4,gad7,9,PCA,SVC,4,0.2988505747126437,0.45045045045045046,13,37,22,39,"[0 1 0 0 1 1 0 0 0 0 0 0 1 1 0 0 0 0 0 0 0 0 0 1 0 0 0 0 0 1 0 0 0 0 0 1 1
 0 0 1 0 0 1 0 1 0 1 1 0 0 1 0 0 0 1 0 0 1 0 0 0 0 0 0 0 0 0 1 0 0 1 1 1 1
 0 0 1 0 1 0 0 0 1 1 0 0 0 1 1 0 0 0 0 1 0 1 0 1 1 0 0 0 0 0 1 0 0 1 1 0 0]",12
256,4,gad7,9,PCA,kNN,4,0.52,0.5675675675675675,26,37,22,26,"[0 1 0 0 0 1 1 1 0 1 1 1 1 0 0 0 0 0 0 0 0 0 0 1 1 0 0 0 0 0 0 0 0 1 1 1 1
 0 1 1 0 0 0 0 0 0 1 1 0 0 0 0 0 0 1 1 0 1 0 1 0 0 0 1 0 1 1 1 0 0 1 1 1 1
 1 0 0 1 1 0 0 0 0 1 1 0 0 1 1 0 0 1 0 1 1 0 0 1 1 0 0 0 0 1 1 1 0 1 1 1 0]",12
257,4,gad7,9,PCA,RF,4,0.48351648351648346,0.5765765765765766,22,42,17,30,"[1 1 0 0 0 0 1 0 0 1 0 0 1 0 0 1 0 0 1 0 0 0 0 0 0 0 0 0 0 0 1 0 0 1 1 0 1
 0 0 1 0 0 1 0 0 0 1 1 0 0 1 0 0 0 1 1 0 1 0 1 0 0 0 1 0 1 0 0 0 0 1 1 1 0
 1 1 0 1 1 1 0 0 0 1 0 0 0 1 1 0 1 0 0 0 0 1 0 0 0 0 1 0 0 0 1 0 0 1 1 0 0]",12
258,4,gad7,9,PCA,LR,4,0.4130434782608696,0.5135135135135135,19,38,21,33,"[0 0 0 0 1 1 1 0 0 1 0 0 1 1 0 0 0 1 0 0 0 0 0 0 0 0 0 0 1 1 0 0 1 0 1 1 1
 0 0 1 0 0 1 0 1 0 1 1 0 0 1 0 0 0 1 0 1 1 0 0 0 0 0 0 0 0 0 0 0 0 1 0 0 1
 0 1 1 0 1 0 0 0 1 1 1 0 1 0 1 0 0 0 0 1 0 1 0 0 1 0 1 0 1 0 1 0 0 1 0 1 0]",12
259,4,gad7,9,PCA,XG,4,0.5591397849462365,0.6306306306306306,26,44,15,26,"[1 1 0 0 0 1 1 0 0 1 0 0 0 0 1 1 1 0 1 0 0 1 0 0 0 0 0 0 0 0 1 0 0 1 1 0 1
 1 0 1 0 0 0 0 0 0 1 1 0 0 1 0 0 0 1 0 0 1 1 1 0 0 0 1 0 1 0 0 0 0 1 1 0 0
 1 0 0 1 1 1 0 0 0 0 0 0 0 1 1 0 1 0 0 1 1 1 0 0 0 0 1 0 0 0 0 0 0 1 1 1 0]",12
260,4,gad7,9,PCA,SVC,1,0.5,0.4594594594594595,30,21,38,22,"[1 1 1 0 1 0 0 1 0 0 0 1 1 1 0 1 1 1 1 0 0 1 1 0 0 1 1 1 1 1 0 1 0 0 0 1 1
 1 1 1 1 0 0 0 0 1 0 0 0 1 0 1 0 1 1 1 1 1 0 1 1 0 0 1 1 1 1 0 1 1 1 1 1 0
 1 0 1 0 1 1 0 0 0 1 1 1 0 0 1 1 0 0 1 1 1 1 1 0 1 1 1 1 0 0 1 0 1 1 1 1 0]",13
261,4,gad7,9,PCA,kNN,1,0.3838383838383838,0.45045045045045046,19,31,28,33,"[0 0 0 1 0 0 1 0 0 1 1 0 1 1 1 1 0 1 1 0 1 0 0 0 0 0 0 1 1 1 1 0 1 0 0 1 0
 0 0 0 0 1 1 1 1 0 0 0 0 1 0 0 1 0 0 1 0 0 0 0 0 0 1 0 0 0 1 1 1 1 1 1 1 1
 1 0 0 1 0 0 1 1 0 0 0 1 0 0 1 1 1 0 0 1 0 0 0 0 1 1 0 0 1 0 0 0 1 0 0 0 1]",13
262,4,gad7,9,PCA,RF,1,0.4130434782608696,0.5135135135135135,19,38,21,33,"[0 1 1 1 1 0 0 0 0 0 1 0 0 1 1 0 0 0 0 0 0 0 1 0 0 1 1 1 0 1 0 0 1 1 0 1 0
 0 0 0 0 0 1 0 0 0 0 0 0 0 0 0 0 0 1 1 0 0 0 1 1 0 1 0 0 0 0 1 0 1 1 1 1 1
 0 0 1 0 0 0 0 1 0 1 0 0 0 1 0 1 1 0 0 1 0 0 0 0 1 0 0 0 1 1 0 0 1 0 1 0 1]",13
263,4,gad7,9,PCA,LR,1,0.4959999999999999,0.43243243243243246,31,17,42,21,"[0 1 0 0 1 0 0 1 1 0 1 1 1 1 0 1 1 1 1 0 0 1 1 1 0 0 1 0 1 1 0 1 0 0 1 1 0
 1 0 1 1 1 1 1 1 0 1 0 0 1 1 0 1 1 1 1 1 1 1 1 0 1 1 0 1 1 1 0 1 1 1 1 1 0
 1 1 0 1 1 1 0 1 0 1 0 1 1 1 0 1 0 0 1 1 1 0 1 0 1 1 1 1 0 1 1 1 1 0 1 0 0]",13
264,4,gad7,9,PCA,XG,1,0.3870967741935483,0.4864864864864865,18,36,23,34,"[0 1 1 1 1 0 0 0 0 0 0 0 0 1 1 1 0 0 0 0 0 0 1 0 0 1 1 1 0 1 0 0 1 0 0 1 0
 0 0 0 0 0 1 0 0 0 0 0 0 0 0 0 0 0 1 1 0 0 0 1 1 0 1 0 0 0 0 1 0 1 1 1 1 1
 1 0 1 0 0 0 1 1 0 1 0 0 0 0 0 1 1 0 0 1 0 0 0 0 1 1 0 0 1 1 0 0 1 0 1 0 1]",13
265,4,gad7,9,PCA,SVC,2,0.4873949579831933,0.45045045045045046,29,21,38,23,"[1 1 1 0 0 0 0 1 1 1 1 1 0 0 0 1 1 1 1 0 0 1 1 0 0 1 1 1 1 1 0 0 0 0 0 1 1
 1 1 1 1 0 1 0 0 1 0 0 0 0 1 1 1 0 1 1 0 0 1 1 1 0 1 1 1 1 1 0 1 1 1 1 1 0
 1 1 1 0 1 1 0 0 0 1 0 1 1 1 1 0 0 0 1 1 0 0 0 0 1 1 1 1 0 0 1 1 1 1 1 1 0]",13
266,4,gad7,9,PCA,kNN,2,0.32967032967032966,0.45045045045045046,15,35,24,37,"[0 1 0 0 0 0 1 0 0 1 1 0 0 0 1 1 0 0 1 0 1 0 0 0 0 0 0 1 1 1 0 1 0 0 0 1 0
 1 1 0 1 0 1 0 0 1 0 0 0 1 1 0 0 0 1 0 0 0 0 1 0 0 1 0 0 0 0 1 0 0 0 1 1 1
 1 1 1 0 0 0 1 0 0 0 0 0 0 0 1 0 0 0 0 0 0 0 0 0 1 0 1 0 0 0 0 1 1 1 0 1 1]",13
267,4,gad7,9,PCA,RF,2,0.48837209302325585,0.6036036036036037,21,46,13,31,"[0 0 0 1 1 0 0 0 0 0 0 0 0 1 1 0 0 0 1 0 0 0 0 0 0 0 1 1 0 0 1 0 0 0 0 1 0
 1 1 0 1 0 1 1 0 1 0 0 0 0 1 0 1 0 0 0 0 0 0 0 0 0 1 0 0 0 0 1 1 0 1 0 1 1
 1 1 1 0 0 0 0 0 0 0 0 0 0 0 1 1 0 0 0 0 0 0 0 0 1 0 0 0 0 0 1 1 1 1 0 0 1]",13
268,4,gad7,9,PCA,LR,2,0.37974683544303794,0.5585585585585585,15,47,12,37,"[0 0 0 0 0 0 0 0 1 0 1 1 0 0 0 0 0 1 0 0 0 0 0 0 0 0 0 0 0 0 0 0 0 0 0 0 0
 1 1 0 1 0 1 0 0 1 0 0 0 0 1 0 1 0 1 1 0 0 1 0 0 0 1 0 0 0 0 0 0 0 0 0 0 0
 0 1 0 0 0 0 0 0 0 0 1 1 1 1 1 0 0 0 0 0 0 1 0 0 0 0 1 0 0 0 1 1 0 1 1 0 0]",13
269,4,gad7,9,PCA,XG,2,0.4235294117647059,0.5585585585585585,18,44,15,34,"[0 0 0 1 1 0 0 0 0 0 0 0 0 1 1 0 0 0 1 0 0 0 0 0 0 1 0 1 1 0 0 0 1 0 0 1 0
 1 1 0 0 0 1 1 0 1 0 0 0 0 0 0 0 0 0 0 0 0 0 1 0 0 1 0 0 0 0 1 1 0 1 0 0 1
 1 0 1 1 0 0 0 0 0 0 0 0 0 0 1 1 1 0 1 1 0 0 0 0 1 0 0 0 1 0 0 0 0 1 0 0 1]",13
270,4,gad7,9,PCA,SVC,3,0.5384615384615384,0.4594594594594595,35,16,43,17,"[1 1 1 1 0 0 1 1 1 1 1 1 0 0 1 1 1 1 1 0 1 1 1 0 0 0 1 1 1 1 1 0 1 1 0 1 1
 1 1 1 1 0 1 0 0 1 0 0 0 0 1 1 1 0 1 1 0 0 1 1 1 0 1 0 1 1 1 1 1 1 1 1 1 1
 1 1 1 0 1 1 1 0 0 1 0 1 1 1 1 0 1 0 1 1 0 0 0 0 1 1 1 1 1 0 1 1 1 1 1 1 1]",13
271,4,gad7,9,PCA,kNN,3,0.5,0.5315315315315315,26,33,26,26,"[0 0 1 0 1 0 1 1 1 0 1 1 1 0 1 1 1 0 1 0 1 1 0 1 0 0 0 1 1 1 1 0 1 0 0 1 0
 0 1 1 0 0 0 0 1 1 0 0 0 0 1 1 1 1 1 1 0 0 0 0 0 0 1 0 0 0 1 1 0 1 1 1 0 1
 0 1 1 0 0 0 1 0 0 0 0 0 1 0 1 0 1 0 1 1 0 0 0 0 0 0 1 0 1 0 1 1 0 1 0 0 1]",13
272,4,gad7,9,PCA,RF,3,0.41860465116279066,0.5495495495495496,18,43,16,34,"[0 0 0 0 0 0 0 1 0 0 1 0 0 0 1 1 0 0 1 0 0 0 0 0 0 0 0 1 0 0 0 0 1 0 0 1 0
 1 1 0 0 0 0 0 0 1 0 0 0 0 1 1 1 0 1 1 0 0 0 1 0 0 1 0 0 0 1 1 0 0 1 0 0 1
 1 1 0 0 0 0 1 0 0 0 0 0 1 0 0 0 1 0 0 0 0 0 0 0 1 0 1 0 1 0 1 0 0 1 1 0 1]",13
273,4,gad7,9,PCA,LR,3,0.40476190476190477,0.5495495495495496,17,44,15,35,"[0 0 0 1 0 0 0 0 1 1 1 1 0 0 0 0 0 1 0 0 1 0 0 0 0 0 0 0 0 0 0 0 0 0 0 0 0
 1 1 0 1 0 1 0 0 1 0 0 0 0 1 0 1 0 1 1 0 0 1 0 0 0 1 0 0 0 0 0 0 0 0 0 0 0
 0 1 0 0 0 0 0 0 0 0 1 1 1 1 1 0 1 0 0 0 0 1 0 0 0 0 1 0 0 0 1 1 0 1 1 0 1]",13
274,4,gad7,9,PCA,XG,3,0.3855421686746988,0.5405405405405406,16,44,15,36,"[0 0 1 0 0 0 0 0 0 0 0 0 0 1 1 1 0 0 1 0 0 0 0 0 0 0 0 0 0 0 0 0 1 1 0 1 0
 0 0 1 0 0 0 0 0 1 0 0 0 0 0 0 0 1 0 1 0 0 0 1 0 0 1 0 0 0 1 1 0 1 1 0 1 1
 1 1 0 0 0 0 1 0 0 0 0 0 0 0 1 1 1 0 0 1 0 0 0 0 0 1 0 1 0 0 0 0 0 1 0 0 1]",13
275,4,gad7,9,PCA,SVC,4,0.5040650406504065,0.45045045045045046,31,19,40,21,"[0 1 1 1 0 0 1 1 0 1 1 1 0 0 1 1 0 1 1 0 1 1 1 0 0 0 0 1 1 1 1 0 1 1 0 1 1
 1 1 1 1 0 1 0 0 1 0 0 0 0 1 1 1 0 1 1 0 0 1 1 0 0 1 0 1 1 1 1 0 1 1 1 1 1
 1 1 1 0 1 1 1 0 0 1 0 1 1 1 1 0 1 0 1 1 0 0 0 0 1 1 1 0 1 0 1 1 1 1 1 1 1]",13
276,4,gad7,9,PCA,kNN,4,0.4842105263157894,0.5585585585585585,23,39,20,29,"[0 0 1 0 0 0 1 1 1 1 0 1 0 0 1 0 0 0 1 0 1 1 0 0 0 0 0 1 0 1 0 0 1 0 0 1 1
 0 1 1 0 0 0 0 0 1 1 0 0 0 1 1 1 0 0 1 0 0 0 1 0 0 0 0 0 0 0 1 0 1 0 1 0 1
 0 0 1 0 1 0 1 1 0 0 1 0 1 0 1 0 1 0 0 0 0 0 0 0 0 1 0 0 1 0 1 1 0 1 1 0 1]",13
277,4,gad7,9,PCA,RF,4,0.3448275862068965,0.4864864864864865,15,39,20,37,"[0 0 0 0 0 0 1 1 0 0 0 1 0 0 0 1 0 1 0 0 1 1 0 0 0 0 0 1 1 0 0 0 1 0 0 1 1
 1 0 1 0 0 0 0 0 0 0 0 0 0 1 0 1 0 0 0 0 1 0 1 0 0 1 0 0 0 1 1 1 0 0 0 0 1
 0 0 1 0 1 0 1 0 0 0 0 0 0 0 1 0 1 0 0 0 0 0 0 0 0 0 1 1 1 0 0 1 0 0 1 1 1]",13
278,4,gad7,9,PCA,LR,4,0.48214285714285715,0.4774774774774775,27,26,33,25,"[0 1 1 1 0 0 1 0 1 1 1 0 0 1 1 0 0 1 1 0 1 0 1 0 0 0 0 1 1 1 1 0 1 1 0 1 1
 0 1 1 0 0 1 0 0 1 0 0 0 0 0 0 0 0 1 1 1 1 1 0 0 0 1 0 1 1 1 1 0 1 1 1 1 1
 1 1 1 0 1 0 1 1 0 0 0 1 1 1 0 0 1 0 0 0 0 1 0 0 1 0 1 0 1 0 1 0 1 1 1 1 1]",13
279,4,gad7,9,PCA,XG,4,0.3595505617977528,0.4864864864864865,16,38,21,36,"[0 0 1 0 0 0 1 1 0 0 0 1 0 1 0 1 0 1 1 0 1 0 0 0 0 0 0 1 1 1 0 0 1 1 0 1 1
 0 0 1 1 0 0 0 0 0 0 0 0 0 1 0 1 0 0 0 0 1 0 1 0 0 0 0 0 0 1 1 0 1 1 1 0 1
 0 0 1 0 1 0 1 0 0 0 0 0 0 0 1 0 1 0 0 1 0 0 0 0 0 0 0 1 0 0 0 0 0 0 0 1 1]",13
280,4,gad7,9,PCA,SVC,1,0.4444444444444444,0.5495495495495496,20,41,18,32,"[0 1 1 0 1 1 0 1 0 0 0 0 0 0 0 0 1 1 0 0 1 0 0 0 0 0 0 0 1 0 1 1 0 0 0 1 0
 1 1 0 1 0 1 0 0 0 1 1 1 0 1 0 0 0 0 0 1 0 1 0 0 0 0 0 0 0 0 0 1 1 0 0 0 0
 0 1 1 0 0 0 1 1 0 0 0 0 0 1 0 0 0 1 0 1 0 0 1 1 0 1 0 1 0 1 1 0 0 0 0 1 0]",14
281,4,gad7,9,PCA,kNN,1,0.40404040404040403,0.46846846846846846,20,32,27,32,"[1 1 1 0 1 0 0 1 0 1 0 1 1 0 0 1 0 0 0 1 0 0 0 0 0 0 1 0 0 0 0 0 0 1 0 1 0
 1 0 0 1 0 1 0 0 0 0 0 1 1 1 0 1 0 1 1 0 0 1 0 1 1 1 0 0 1 0 0 1 0 1 0 0 0
 1 0 1 1 0 1 1 0 0 0 1 1 1 1 0 0 0 0 0 0 0 1 1 1 0 0 0 1 1 1 0 1 0 0 0 1 1]",14
282,4,gad7,9,PCA,RF,1,0.33707865168539325,0.46846846846846846,15,37,22,37,"[1 0 1 0 0 0 0 1 1 1 0 0 0 0 1 1 0 0 1 0 1 0 0 0 0 0 1 0 0 1 1 0 0 1 0 1 0
 1 0 0 0 0 1 0 0 0 0 0 1 1 1 0 0 1 1 0 0 0 1 0 0 1 1 0 0 0 0 0 0 0 0 0 0 0
 0 0 0 0 1 0 0 0 0 0 1 0 1 0 0 0 0 0 0 1 0 1 1 1 0 1 0 1 1 0 0 1 1 0 0 0 1]",14
283,4,gad7,9,PCA,LR,1,0.4958677685950413,0.45045045045045046,30,20,39,22,"[1 1 1 0 1 1 0 1 0 0 0 1 0 0 0 1 1 1 1 1 1 0 0 1 0 0 1 1 1 0 1 1 1 0 1 1 0
 1 1 1 1 0 1 1 0 0 1 1 1 1 1 0 1 0 1 1 1 0 1 0 1 1 1 0 1 1 1 1 1 1 1 0 0 1
 0 1 1 1 1 0 1 1 0 0 0 1 0 1 0 1 1 1 0 1 0 0 1 1 0 1 0 1 1 1 1 0 0 0 0 1 0]",14
284,4,gad7,9,PCA,XG,1,0.3170731707317073,0.4954954954954955,13,42,17,39,"[1 0 1 0 0 0 0 1 0 1 0 0 0 0 1 1 0 0 0 0 0 0 0 0 0 0 1 0 0 1 0 0 0 1 0 1 0
 1 0 0 0 0 1 0 0 0 0 0 1 1 1 0 0 0 1 0 0 0 1 0 0 1 1 0 0 0 0 0 0 0 0 0 0 0
 0 0 0 0 0 0 0 0 0 0 1 0 1 1 0 0 0 0 0 0 0 1 1 1 0 0 0 1 1 1 0 1 0 0 0 0 1]",14
285,4,gad7,9,PCA,SVC,2,0.3466666666666667,0.5585585585585585,13,49,10,39,"[0 1 0 0 1 1 0 0 0 0 0 0 0 0 0 0 1 0 1 0 0 0 0 1 0 0 0 0 0 0 0 0 0 0 0 1 0
 0 1 0 0 0 1 0 0 0 1 0 0 0 0 0 1 1 0 0 0 0 1 0 1 0 0 0 1 0 0 0 0 1 0 0 0 0
 0 1 1 0 0 0 0 0 0 0 0 1 0 0 0 0 0 0 0 0 0 0 1 0 0 1 0 0 0 1 1 0 0 0 0 0 0]",14
286,4,gad7,9,PCA,kNN,2,0.5192307692307693,0.5495495495495496,27,34,25,25,"[1 1 1 0 0 1 0 0 0 1 0 1 0 0 1 1 1 0 1 1 0 0 0 0 1 0 0 0 1 0 0 0 0 1 1 1 1
 0 1 0 1 1 1 0 0 0 1 0 0 1 1 0 0 1 1 1 1 0 0 0 0 0 1 0 1 0 0 1 1 1 0 0 0 1
 1 1 1 1 0 1 0 0 0 0 1 0 1 1 0 0 1 0 0 0 1 1 1 1 0 0 0 1 1 1 1 0 0 0 0 1 0]",14
287,4,gad7,9,PCA,RF,2,0.42696629213483145,0.5405405405405406,19,41,18,33,"[1 1 1 0 0 0 0 0 0 0 0 1 0 0 0 0 1 0 0 0 0 0 0 0 1 0 1 1 0 0 0 0 0 1 0 1 0
 0 0 0 1 1 1 0 0 0 0 0 0 0 1 0 0 1 0 0 1 0 1 0 0 0 1 0 1 0 0 0 0 1 0 0 0 0
 1 1 1 0 0 1 0 0 0 0 0 0 1 0 0 0 0 1 1 0 0 1 1 1 0 0 0 1 0 1 1 1 0 1 0 1 1]",14
288,4,gad7,9,PCA,LR,2,0.39506172839506176,0.5585585585585585,16,46,13,36,"[0 1 0 0 1 1 0 0 0 0 0 0 0 0 0 0 1 0 1 0 0 0 0 1 0 0 0 0 0 0 0 0 0 0 0 1 0
 0 1 0 0 1 1 0 0 0 1 0 0 0 0 0 1 1 0 0 0 0 1 0 1 0 0 1 1 0 0 0 0 1 0 0 0 0
 0 1 1 0 0 0 0 0 0 1 1 1 1 0 0 0 0 0 0 0 1 0 1 0 0 1 0 0 0 1 1 0 0 0 0 0 0]",14
289,4,gad7,9,PCA,XG,2,0.47191011235955055,0.5765765765765766,21,43,16,31,"[1 1 1 0 0 0 0 1 0 0 0 1 0 0 0 1 1 0 0 0 0 0 0 0 1 1 1 0 0 0 0 0 0 0 0 1 0
 0 0 0 1 1 1 0 0 1 0 0 0 0 1 0 0 1 1 0 1 0 1 0 0 0 1 0 1 0 0 0 0 1 0 0 0 0
 1 1 1 0 0 1 0 0 0 0 0 0 1 0 0 0 0 0 1 0 0 1 0 1 0 0 0 1 0 1 0 1 0 1 0 1 1]",14
290,4,gad7,9,PCA,SVC,3,0.3684210526315789,0.5675675675675675,14,49,10,38,"[0 1 0 0 1 1 0 0 0 0 0 0 0 0 0 0 1 0 1 0 0 0 0 1 0 0 0 0 0 0 0 0 0 0 0 1 0
 0 1 0 0 1 1 0 0 0 1 0 0 0 0 0 1 1 0 0 0 0 1 0 1 0 0 0 1 0 0 0 0 1 0 0 0 0
 0 1 1 0 0 0 0 0 0 0 0 1 0 0 0 0 0 0 0 0 0 0 1 0 0 1 0 0 0 1 1 0 0 0 0 0 0]",14
291,4,gad7,9,PCA,kNN,3,0.4158415841584159,0.46846846846846846,21,31,28,31,"[1 1 1 0 0 0 0 0 1 1 1 0 0 1 0 0 0 0 1 1 0 0 0 0 0 0 1 0 1 0 0 0 0 1 1 0 1
 0 1 0 1 1 0 0 1 1 1 0 0 1 0 0 0 1 1 1 1 1 0 0 0 1 1 0 1 0 0 1 0 1 1 0 0 0
 1 1 1 1 0 1 0 0 1 0 0 1 1 0 0 1 0 0 0 0 0 1 0 1 0 0 1 1 0 1 1 1 0 0 0 1 0]",14
292,4,gad7,9,PCA,RF,3,0.40909090909090906,0.5315315315315315,18,41,18,34,"[1 0 0 0 0 0 0 0 0 0 0 0 0 0 0 1 1 0 0 1 0 0 0 0 1 0 1 0 1 1 0 0 0 1 0 1 0
 0 1 0 1 1 1 0 0 0 0 0 0 0 1 0 0 0 0 0 1 0 0 0 0 1 1 0 1 0 0 0 0 1 0 0 0 0
 1 0 1 1 0 1 0 0 0 0 0 1 1 0 0 0 0 1 1 0 0 1 0 1 0 0 0 1 0 1 1 1 0 1 0 0 1]",14
293,4,gad7,9,PCA,LR,3,0.4044943820224719,0.5225225225225225,18,40,19,34,"[0 1 0 0 1 1 0 1 0 0 0 0 0 0 0 0 1 1 1 0 1 0 0 1 0 0 0 0 0 0 1 1 0 0 0 1 0
 0 1 0 0 1 1 0 0 0 1 0 0 0 0 0 1 1 0 0 0 0 1 0 1 0 0 1 0 0 0 0 1 1 0 0 0 0
 0 1 1 0 0 0 1 0 0 1 1 1 1 0 0 0 0 1 0 1 1 0 1 0 0 1 0 0 0 1 1 0 0 0 0 0 0]",14
294,4,gad7,9,PCA,XG,3,0.38636363636363635,0.5135135135135135,17,40,19,35,"[1 1 0 0 0 0 0 1 0 0 0 0 0 0 0 1 0 0 0 1 0 0 0 0 0 0 1 0 1 1 0 0 0 1 0 1 0
 0 0 0 1 0 1 0 0 1 0 0 0 0 0 0 0 1 0 0 1 0 1 0 0 1 1 1 1 0 1 0 0 1 0 0 0 0
 1 0 0 1 0 1 0 0 0 1 1 1 0 0 0 0 0 0 0 0 0 0 1 1 0 0 0 1 1 1 1 1 0 0 0 0 1]",14
295,4,gad7,9,PCA,SVC,4,0.5,0.5855855855855856,23,42,17,29,"[0 1 0 1 1 1 1 0 1 1 1 0 0 1 0 0 1 0 1 0 0 0 0 1 0 0 0 0 0 0 0 0 0 1 0 1 0
 0 1 0 0 1 1 0 1 0 1 0 0 0 0 0 1 1 0 0 0 1 1 0 1 0 0 0 1 0 0 0 1 1 0 0 0 0
 1 1 1 0 0 1 0 0 1 0 0 1 0 0 0 0 0 0 0 0 0 0 1 0 0 1 1 0 0 1 1 1 0 0 0 0 1]",14
296,4,gad7,9,PCA,kNN,4,0.4421052631578947,0.5225225225225225,21,37,22,31,"[0 0 1 0 0 0 0 0 0 1 1 0 0 1 1 0 0 0 1 1 0 0 0 0 0 0 1 0 1 0 0 0 0 1 1 0 0
 0 0 0 1 1 0 1 1 0 1 0 1 0 1 0 0 1 0 1 1 1 0 0 0 0 0 0 1 0 0 1 0 1 1 0 0 0
 1 1 1 0 0 1 1 0 1 0 0 0 1 0 0 1 1 0 0 0 0 1 0 1 0 0 1 1 0 1 1 1 0 0 0 1 0]",14
297,4,gad7,9,PCA,RF,4,0.325,0.5135135135135135,13,44,15,39,"[1 0 0 0 0 0 0 0 0 0 0 0 0 0 0 0 1 0 1 1 0 0 0 0 1 0 0 0 1 0 0 0 0 1 0 0 0
 0 0 0 1 0 1 0 0 0 1 0 1 0 1 0 0 1 0 0 0 0 0 0 0 1 1 0 1 1 0 0 0 1 0 0 0 0
 1 0 0 1 0 1 0 0 0 0 0 0 1 0 0 0 0 0 0 0 0 0 1 1 0 0 0 1 0 1 1 0 0 0 0 0 1]",14
298,4,gad7,9,PCA,LR,4,0.43956043956043955,0.5405405405405406,20,40,19,32,"[0 1 0 0 1 1 0 1 0 0 0 0 0 0 0 0 1 1 1 0 1 0 0 1 0 0 0 0 0 0 1 1 0 0 0 1 0
 1 1 0 0 1 1 0 0 0 1 0 1 0 0 0 1 1 0 0 0 0 1 0 1 0 0 1 0 0 0 0 0 1 0 0 0 0
 0 1 1 0 0 0 1 1 0 1 1 1 1 0 0 0 0 1 0 1 1 0 1 0 0 1 0 0 0 1 1 0 0 0 0 0 0]",14
299,4,gad7,9,PCA,XG,4,0.3529411764705882,0.5045045045045045,15,41,18,37,"[1 0 1 0 0 0 0 0 0 0 0 0 0 0 0 1 0 0 1 1 0 0 0 0 0 1 1 0 1 0 0 0 0 1 0 1 0
 0 1 0 1 0 1 0 0 0 0 0 1 0 1 0 0 1 0 0 0 0 0 0 0 1 1 0 1 1 0 1 0 1 0 0 0 0
 1 0 0 1 0 1 0 1 0 0 0 0 1 0 0 0 0 0 0 0 0 0 1 1 0 0 0 1 0 1 1 0 0 0 0 0 1]",14
300,4,gad7,9,PCA,SVC,1,0.36363636363636365,0.43243243243243246,18,30,29,34,"[1 0 0 0 0 1 1 1 0 1 1 0 0 0 0 0 1 0 1 1 0 0 1 1 0 0 1 0 0 0 0 1 1 0 1 0 1
 1 1 0 1 1 0 0 1 0 0 0 0 0 0 1 0 0 0 1 0 0 0 0 1 0 0 1 1 1 0 1 0 1 1 1 1 0
 1 1 0 0 0 0 0 0 0 0 0 0 1 1 0 0 1 0 0 1 0 1 1 0 1 0 0 0 0 1 1 1 0 0 1 1 1]",15
301,4,gad7,9,PCA,kNN,1,0.4123711340206186,0.4864864864864865,20,34,25,32,"[0 0 0 1 0 1 0 1 0 1 1 1 0 0 0 1 0 0 1 1 1 0 1 1 0 1 0 1 0 1 0 1 1 1 1 1 0
 0 1 0 1 0 0 0 1 0 1 0 0 0 0 1 0 0 0 1 0 0 0 1 0 0 0 1 0 0 0 1 0 1 0 1 0 0
 0 1 0 1 0 0 1 1 0 0 0 0 1 1 0 0 0 0 0 0 0 0 0 1 0 1 0 0 0 1 1 0 1 0 1 1 1]",15
302,4,gad7,9,PCA,RF,1,0.43956043956043955,0.5405405405405406,20,40,19,32,"[1 0 0 0 0 1 0 0 0 1 1 1 1 0 0 1 0 0 0 1 1 0 1 1 0 0 1 1 0 1 0 0 1 0 0 1 0
 0 0 0 0 1 0 0 0 0 0 0 0 0 1 1 0 0 0 0 0 0 1 0 0 0 0 0 0 1 0 0 1 1 0 1 1 0
 0 1 0 1 0 1 1 0 0 1 0 1 0 1 0 0 0 0 0 0 0 1 0 0 1 1 0 0 0 1 1 0 0 0 0 1 1]",15
303,4,gad7,9,PCA,LR,1,0.33333333333333337,0.4954954954954955,14,41,18,38,"[0 0 0 0 0 1 1 1 0 1 0 0 0 0 0 0 1 0 1 0 0 0 1 1 0 0 0 0 0 0 0 0 0 0 1 0 0
 0 1 0 1 1 0 0 1 0 0 0 0 0 0 1 0 0 0 1 0 0 0 0 1 0 0 1 1 1 0 1 0 1 0 1 1 0
 0 0 0 0 0 0 0 0 0 0 0 0 1 0 0 0 1 0 0 1 0 1 1 0 1 0 0 0 0 1 0 0 0 0 1 0 1]",15
304,4,gad7,9,PCA,XG,1,0.4421052631578947,0.5225225225225225,21,37,22,31,"[0 0 0 0 0 1 0 0 0 1 1 1 0 0 0 1 0 0 0 1 1 0 1 1 0 0 1 1 0 1 0 0 1 0 1 1 0
 0 0 0 0 1 0 0 1 0 0 0 0 0 0 1 0 1 0 0 0 0 1 0 0 0 0 0 0 1 0 1 1 1 1 1 1 0
 0 1 0 1 0 1 1 0 0 1 1 1 1 1 0 0 0 0 0 0 0 1 0 0 1 1 0 0 0 1 1 0 0 0 0 1 1]",15
305,4,gad7,9,PCA,SVC,2,0.5438596491228069,0.5315315315315315,31,28,31,21,"[1 0 0 0 1 1 1 1 0 1 1 1 0 1 0 1 1 0 0 1 0 0 1 1 0 0 0 0 1 0 0 0 1 0 1 1 1
 0 1 0 0 1 0 0 1 0 1 1 0 0 1 1 1 0 0 1 1 0 0 1 1 1 0 0 1 1 0 1 0 1 1 1 1 0
 0 1 0 1 0 0 1 0 0 0 1 1 1 1 1 0 1 0 0 1 1 1 1 1 1 0 1 0 0 1 1 1 0 1 1 1 1]",15
306,4,gad7,9,PCA,kNN,2,0.39175257731958757,0.46846846846846846,19,33,26,33,"[1 0 0 1 1 1 0 0 0 0 0 0 0 0 0 0 0 0 1 1 0 0 1 1 1 0 1 0 1 0 0 1 1 0 1 1 0
 1 0 0 1 0 0 0 1 0 1 0 0 0 0 1 1 1 0 1 0 0 0 0 1 1 0 1 1 0 0 1 0 0 0 1 0 0
 1 1 0 1 0 0 0 0 1 0 0 1 1 1 0 0 0 1 0 1 0 0 0 0 0 0 1 0 1 1 1 1 0 1 0 1 0]",15
307,4,gad7,9,PCA,RF,2,0.3146067415730337,0.45045045045045046,14,36,23,38,"[1 0 0 0 1 1 0 0 0 1 0 1 0 0 0 1 0 0 0 0 0 0 0 1 0 0 1 0 0 0 0 1 0 0 1 0 0
 0 1 0 0 0 0 0 1 0 1 0 0 0 1 1 1 0 0 0 0 0 1 0 1 1 0 0 1 0 0 1 0 0 0 1 0 0
 1 1 1 0 0 0 0 1 1 1 0 1 0 1 0 0 0 0 0 0 0 1 0 0 1 0 0 0 1 1 1 0 0 1 0 0 1]",15
308,4,gad7,9,PCA,LR,2,0.4950495049504951,0.5405405405405406,25,35,24,27,"[0 0 0 0 1 1 1 1 0 0 0 1 0 1 0 1 1 0 1 0 0 0 0 0 0 0 0 0 1 0 0 0 0 0 1 1 0
 0 1 0 1 0 0 0 1 0 1 1 0 0 1 1 1 0 0 0 1 0 0 1 1 1 0 1 1 1 0 1 0 0 1 1 0 0
 0 1 0 1 0 0 1 0 0 0 1 1 1 0 1 0 1 0 0 1 1 1 1 1 1 0 1 0 0 1 0 0 0 1 1 0 1]",15
309,4,gad7,9,PCA,XG,2,0.39534883720930236,0.5315315315315315,17,42,17,35,"[1 0 0 0 1 1 0 0 0 0 0 1 0 0 0 0 0 0 0 0 0 0 0 1 1 0 1 0 0 0 0 1 1 0 0 0 0
 1 0 0 0 0 0 0 1 0 0 0 0 0 1 1 1 0 0 0 0 1 1 0 0 1 0 0 0 0 0 1 0 0 0 1 0 0
 1 1 1 0 0 0 1 1 1 1 1 1 1 0 0 0 0 0 0 0 0 1 0 0 0 0 0 0 1 1 1 0 0 1 0 0 0]",15
310,4,gad7,9,PCA,SVC,3,0.4770642201834862,0.4864864864864865,26,28,31,26,"[1 0 0 0 1 1 0 1 0 1 1 1 0 1 0 1 0 0 0 1 0 0 1 1 0 0 1 0 1 0 0 1 1 0 1 1 0
 0 1 0 0 1 0 0 1 0 1 0 0 0 1 1 1 0 0 1 0 0 0 1 1 1 1 0 1 1 0 1 0 1 1 1 1 0
 0 1 0 1 0 0 0 0 0 0 1 1 1 1 1 0 0 0 0 1 1 1 0 1 1 0 1 0 0 1 1 1 0 1 1 1 1]",15
311,4,gad7,9,PCA,kNN,3,0.4285714285714286,0.4954954954954955,21,34,25,31,"[1 0 0 0 1 1 0 1 0 1 0 1 0 0 0 0 0 0 1 0 0 1 0 1 1 0 1 0 0 1 0 1 0 0 1 0 0
 1 1 0 1 1 0 0 1 0 1 0 0 0 0 1 1 1 0 0 0 0 0 1 1 1 0 1 1 1 0 1 0 1 0 1 1 0
 0 1 0 1 0 0 0 1 1 0 0 0 1 1 0 0 0 0 0 0 0 1 0 0 0 0 1 0 1 1 1 0 0 1 0 0 1]",15
312,4,gad7,9,PCA,RF,3,0.3736263736263737,0.4864864864864865,17,37,22,35,"[1 0 0 0 1 1 0 0 0 1 0 1 0 0 0 0 0 0 0 0 0 0 0 1 0 0 1 0 0 0 0 1 0 0 1 0 0
 1 1 0 0 0 0 0 1 0 1 0 0 0 0 1 1 1 0 1 0 0 1 1 1 1 0 0 1 1 0 1 0 0 0 1 0 0
 1 1 1 1 0 0 0 0 1 0 0 1 0 1 0 0 0 0 0 0 0 1 0 0 1 0 0 0 1 1 1 0 0 1 0 0 1]",15
313,4,gad7,9,PCA,LR,3,0.4950495049504951,0.5405405405405406,25,35,24,27,"[0 0 0 0 1 1 1 1 0 0 0 1 0 1 0 1 1 0 1 0 0 0 0 0 0 0 0 0 1 0 0 0 0 0 1 1 0
 0 1 0 1 0 0 0 1 0 1 1 0 0 1 1 1 0 0 0 1 0 0 1 1 1 0 1 1 1 0 1 0 0 1 1 0 0
 0 1 0 1 0 0 1 0 0 0 1 1 1 0 1 0 1 0 0 1 1 1 1 1 1 0 1 0 0 1 0 0 0 1 1 0 1]",15
314,4,gad7,9,PCA,XG,3,0.3409090909090909,0.4774774774774775,15,38,21,37,"[1 0 0 0 1 1 0 0 0 1 0 1 0 0 0 0 0 0 0 0 0 0 0 1 1 0 1 0 0 0 0 1 1 0 0 0 0
 0 0 0 0 0 0 0 1 0 1 0 0 0 1 1 1 0 0 0 0 1 1 1 1 0 0 0 1 0 0 1 0 0 0 0 0 0
 0 1 1 1 0 0 0 1 1 0 1 0 1 0 0 0 0 0 1 0 0 1 0 0 1 0 0 0 1 1 1 0 0 1 0 1 0]",15
315,4,gad7,9,PCA,SVC,4,0.4230769230769231,0.4594594594594595,22,29,30,30,"[1 0 0 0 1 1 0 1 0 1 1 0 0 0 0 1 1 0 0 1 0 0 1 1 1 0 1 0 1 0 0 1 1 0 1 1 1
 1 1 0 0 1 0 0 1 0 1 0 0 0 1 1 0 0 0 1 0 0 0 0 1 0 0 0 1 1 0 1 0 1 1 1 1 0
 1 1 0 0 0 0 0 0 0 0 1 1 1 1 0 0 0 1 0 1 1 1 0 0 1 0 0 0 0 1 1 1 0 0 1 1 1]",15
316,4,gad7,9,PCA,kNN,4,0.3495145631067962,0.3963963963963964,18,26,33,34,"[0 0 0 0 0 1 0 0 1 1 0 1 0 0 0 1 0 0 1 0 0 0 0 1 1 1 1 0 0 1 0 1 1 0 1 1 0
 1 1 0 1 1 0 0 1 0 1 0 0 1 0 1 1 0 0 0 0 1 0 1 1 1 0 1 1 1 0 1 0 0 1 1 0 0
 0 1 1 1 0 0 0 0 0 0 0 0 1 1 0 0 0 1 1 1 1 1 0 0 0 0 1 0 1 1 1 1 0 1 0 1 0]",15
317,4,gad7,9,PCA,RF,4,0.3695652173913044,0.4774774774774775,17,36,23,35,"[1 0 0 0 0 1 0 0 0 1 1 0 0 0 0 1 0 0 0 0 0 0 0 1 0 0 1 0 1 0 0 1 1 0 0 0 0
 0 1 0 0 1 0 0 1 0 1 1 0 0 0 1 1 0 0 1 1 0 0 1 0 1 0 0 1 0 0 1 0 0 1 1 0 0
 0 1 1 1 0 0 1 0 1 0 0 1 1 1 0 0 0 0 0 0 0 1 0 0 1 0 0 0 1 1 1 0 0 1 0 1 0]",15
318,4,gad7,9,PCA,LR,4,0.4752475247524753,0.5225225225225225,24,34,25,28,"[0 0 0 0 1 1 1 1 0 0 1 1 0 1 0 1 1 0 0 1 0 0 0 1 1 0 0 0 0 0 0 0 1 0 1 0 1
 1 1 0 0 1 0 0 1 0 1 0 0 0 1 1 1 0 0 1 0 0 0 1 1 1 0 0 1 1 0 1 0 0 0 1 0 0
 0 1 0 1 0 0 0 0 0 0 1 1 1 0 1 0 1 0 0 1 0 1 1 1 1 0 1 0 0 1 0 1 0 1 1 0 1]",15
319,4,gad7,9,PCA,XG,4,0.35555555555555557,0.4774774774774775,16,37,22,36,"[1 0 0 0 0 1 0 1 0 0 1 0 0 0 0 1 0 0 0 0 0 0 0 1 1 0 1 0 0 0 0 1 1 0 1 0 0
 1 0 0 0 1 0 0 1 1 0 0 0 0 0 1 0 0 0 1 1 1 0 1 0 0 0 0 1 0 0 1 0 0 0 0 0 0
 0 1 0 1 0 0 1 0 1 0 0 0 1 1 0 0 0 0 1 0 1 1 0 0 1 0 1 0 1 1 1 0 0 1 0 1 0]",15
320,4,gad7,9,PCA,SVC,1,0.35443037974683544,0.5405405405405406,14,46,13,38,"[0 0 0 0 0 1 0 0 0 0 1 0 0 0 1 0 0 0 0 0 1 0 1 0 1 1 0 1 1 1 1 0 0 0 0 1 1
 1 0 1 0 0 0 1 1 0 0 1 0 0 0 0 0 0 0 0 1 0 0 0 0 0 0 0 0 1 1 0 0 0 0 0 0 0
 0 1 0 0 0 1 0 0 0 0 0 0 0 0 0 0 0 0 0 0 0 1 0 0 0 0 0 0 1 0 0 1 0 0 1 0 0]",16
321,4,gad7,9,PCA,kNN,1,0.5294117647058824,0.5675675675675675,27,36,23,25,"[0 0 0 1 1 1 0 0 1 0 1 1 0 1 0 0 0 0 0 0 1 1 1 1 1 0 1 1 1 0 1 0 1 1 0 1 1
 1 0 1 1 1 0 1 0 1 0 1 0 0 1 1 0 0 0 0 1 0 0 0 0 1 0 1 0 1 1 0 0 0 1 1 0 1
 1 1 0 0 0 0 1 0 0 0 1 0 1 0 0 0 0 0 1 0 0 1 1 0 0 0 0 1 1 0 0 0 1 1 1 0 0]",16
322,4,gad7,9,PCA,RF,1,0.42696629213483145,0.5405405405405406,19,41,18,33,"[0 0 0 1 1 0 0 0 1 0 0 0 0 1 0 0 0 0 0 0 1 1 0 0 1 0 1 1 1 1 1 1 1 0 0 1 0
 1 0 1 1 1 0 1 0 1 0 0 0 0 0 1 0 1 0 0 1 0 0 0 0 1 0 1 0 1 1 0 0 0 0 1 1 1
 0 1 0 0 0 0 0 0 0 0 0 0 0 0 0 0 0 0 0 0 0 0 1 0 0 0 0 1 0 0 0 1 1 1 0 0 0]",16
323,4,gad7,9,PCA,LR,1,0.5692307692307692,0.4954954954954955,37,18,41,15,"[1 1 1 1 1 1 1 0 0 1 1 1 1 1 1 0 1 1 1 1 1 1 0 1 0 1 0 1 1 1 1 1 0 0 1 1 0
 1 1 0 1 1 1 1 1 1 0 1 0 1 0 1 0 1 1 1 0 1 1 1 0 0 0 1 0 1 0 1 1 1 0 1 1 1
 0 1 1 1 1 1 1 1 1 0 1 1 0 0 1 0 1 1 0 0 1 1 1 1 0 1 1 1 1 1 1 1 1 0 0 0 0]",16
324,4,gad7,9,PCA,XG,1,0.4893617021276596,0.5675675675675675,23,40,19,29,"[0 0 0 1 1 0 0 0 1 0 0 0 0 1 0 0 0 0 0 0 1 1 1 1 1 0 1 1 1 1 1 1 1 0 0 1 1
 1 0 1 1 1 0 1 0 1 0 0 0 0 0 1 0 1 0 0 1 0 0 0 0 1 0 1 0 1 1 0 0 0 0 1 1 1
 0 1 0 0 0 0 0 0 0 0 0 0 1 0 0 0 0 0 0 0 0 0 1 0 0 0 0 1 0 0 0 1 1 1 1 0 0]",16
325,4,gad7,9,PCA,SVC,2,0.4565217391304348,0.5495495495495496,21,40,19,31,"[0 1 1 1 0 0 0 0 0 0 1 1 0 0 1 0 1 0 1 1 0 0 1 0 0 1 0 0 0 0 1 0 0 0 1 1 1
 1 1 1 1 0 0 1 0 0 0 0 0 1 0 0 1 0 1 1 0 0 0 0 0 0 1 0 0 1 0 1 0 0 0 0 0 1
 0 0 0 0 0 1 1 1 0 0 1 0 0 0 1 0 1 1 0 0 0 1 1 0 0 0 0 0 0 0 1 1 0 0 1 0 0]",16
326,4,gad7,9,PCA,kNN,2,0.5420560747663552,0.5585585585585585,29,33,26,23,"[0 1 0 0 0 1 1 0 1 0 1 1 1 0 0 1 0 0 1 1 1 0 0 1 1 0 1 0 0 1 1 0 0 1 0 1 1
 1 0 1 0 1 1 1 0 0 1 0 0 1 0 0 1 1 0 0 1 1 0 1 1 1 1 0 0 1 1 1 1 0 1 1 0 1
 0 0 1 0 1 1 1 0 0 0 0 0 0 0 1 0 0 1 1 0 0 0 0 1 0 0 0 1 0 0 1 1 1 1 1 0 0]",16
327,4,gad7,9,PCA,RF,2,0.47058823529411764,0.5135135135135135,24,33,26,28,"[0 1 1 0 0 1 1 0 0 1 1 1 0 0 0 1 1 1 0 1 1 0 0 0 1 0 1 0 1 1 1 1 0 1 1 1 0
 1 1 1 1 1 0 1 0 0 0 0 0 1 0 0 1 0 1 0 1 0 0 0 0 1 0 1 0 1 0 1 1 0 0 1 0 1
 0 0 0 0 1 0 0 1 0 0 1 1 0 0 1 0 0 1 1 0 0 0 0 0 0 0 1 1 0 1 0 1 0 1 0 0 0]",16
328,4,gad7,9,PCA,LR,2,0.44943820224719105,0.5585585585585585,20,42,17,32,"[0 1 1 1 0 0 0 0 0 0 1 1 0 0 1 0 1 0 1 1 0 0 0 0 0 1 0 0 0 0 1 0 0 0 1 1 1
 1 1 0 1 0 0 1 0 0 0 0 0 1 0 0 0 0 1 1 0 0 0 0 0 0 1 0 0 1 0 1 0 0 0 0 0 1
 0 0 0 0 0 1 1 1 0 0 1 0 0 0 1 0 1 1 0 0 0 1 1 0 0 0 0 0 0 0 1 1 0 0 1 0 0]",16
329,4,gad7,9,PCA,XG,2,0.4693877551020408,0.5315315315315315,23,36,23,29,"[0 1 0 0 0 1 1 0 0 0 1 1 0 0 0 0 1 1 0 1 1 0 1 0 1 0 1 0 1 1 1 1 0 1 1 1 0
 1 0 1 1 1 0 1 0 0 0 0 0 0 0 1 1 0 1 0 1 0 0 0 0 1 0 1 0 0 0 0 1 0 0 1 0 1
 0 0 0 0 0 1 0 1 1 0 1 0 0 0 1 0 0 1 1 0 0 0 0 1 0 0 1 1 0 1 0 1 0 1 0 0 0]",16
330,4,gad7,9,PCA,SVC,3,0.4854368932038835,0.5225225225225225,25,33,26,27,"[0 1 1 1 0 0 0 0 1 0 1 1 0 0 1 1 1 0 1 1 0 0 0 0 0 1 1 0 0 0 1 0 0 1 1 1 1
 1 1 1 1 0 0 1 0 0 1 0 0 1 0 0 0 0 1 1 0 0 0 0 1 1 1 0 1 1 0 1 0 0 1 0 0 1
 1 0 0 0 0 1 1 1 0 0 1 0 1 0 1 0 1 1 1 0 0 1 1 0 0 0 0 0 0 0 1 1 0 1 1 0 0]",16
331,4,gad7,9,PCA,kNN,3,0.5,0.5315315315315315,26,33,26,26,"[1 1 0 1 1 1 0 0 0 0 1 1 1 1 1 1 0 0 0 0 0 0 0 0 1 0 1 0 0 0 1 0 0 1 1 1 1
 1 0 1 1 0 0 1 0 0 1 0 0 1 0 0 0 1 1 1 1 1 1 1 1 1 0 1 0 0 1 1 0 1 1 0 0 0
 0 0 1 0 1 0 0 0 1 0 1 0 0 0 1 0 0 1 0 0 1 0 0 1 0 1 0 1 0 0 1 1 0 1 1 0 0]",16
332,4,gad7,9,PCA,RF,3,0.43298969072164945,0.5045045045045045,21,35,24,31,"[1 0 0 1 0 1 1 0 0 0 1 1 0 0 1 1 1 0 0 1 0 0 0 0 1 0 1 0 0 1 1 0 1 1 1 0 1
 1 0 1 1 0 0 1 0 0 0 0 0 1 0 1 0 1 0 0 1 0 0 1 1 1 0 1 0 1 0 0 1 0 1 0 0 1
 0 0 0 0 1 0 0 1 0 0 0 0 0 0 0 0 0 1 0 0 0 0 1 0 0 1 1 1 0 1 0 1 0 1 1 0 0]",16
333,4,gad7,9,PCA,LR,3,0.44943820224719105,0.5585585585585585,20,42,17,32,"[0 1 1 1 0 0 0 0 0 0 1 1 0 0 1 0 1 0 1 1 0 0 0 0 0 1 0 0 0 0 1 0 0 0 1 1 1
 1 1 0 1 0 0 1 0 0 0 0 0 1 0 0 0 0 1 1 0 0 0 0 0 0 1 0 0 1 0 1 0 0 0 0 0 1
 0 0 0 0 0 1 1 1 0 0 1 0 0 0 1 0 1 1 0 0 0 1 1 0 0 0 0 0 0 0 1 1 0 0 1 0 0]",16
334,4,gad7,9,PCA,XG,3,0.4854368932038835,0.5225225225225225,25,33,26,27,"[1 0 0 1 0 1 1 0 0 0 1 1 0 0 1 1 0 0 0 1 1 0 0 0 1 0 1 0 1 1 1 0 1 1 1 0 1
 1 0 1 1 1 0 1 0 0 0 0 0 1 0 1 1 0 0 0 1 0 0 1 1 1 1 1 0 1 0 0 0 0 1 0 0 1
 0 0 0 0 1 1 1 1 0 1 0 1 0 0 0 0 1 1 0 0 0 0 0 0 0 1 1 1 0 1 0 1 0 1 1 0 0]",16
335,4,gad7,9,PCA,SVC,4,0.5046728971962617,0.5225225225225225,27,31,28,25,"[0 1 1 1 0 0 0 0 1 0 1 1 0 0 1 1 1 1 1 1 0 0 1 0 0 1 1 0 0 0 1 0 0 1 1 1 1
 1 1 1 1 0 0 1 0 0 1 0 0 1 1 0 0 0 1 1 0 0 0 0 1 1 1 0 1 1 1 1 0 0 1 0 0 1
 1 0 0 0 0 1 1 1 0 0 1 0 1 0 1 0 1 1 1 0 0 1 1 0 0 0 0 0 0 0 1 1 0 1 1 0 0]",16
336,4,gad7,9,PCA,kNN,4,0.4077669902912621,0.45045045045045046,21,29,30,31,"[0 1 0 1 1 1 0 0 0 0 1 1 0 1 0 1 1 1 0 0 0 0 0 0 1 0 1 0 0 0 1 0 1 1 1 1 1
 1 1 1 1 0 0 1 1 0 1 0 0 0 0 1 0 1 0 1 1 1 1 0 1 1 0 0 0 0 1 1 0 1 1 0 0 1
 0 0 1 0 1 0 1 0 1 0 1 0 0 0 1 0 0 1 0 0 0 1 0 0 0 1 0 0 0 1 0 1 0 1 1 0 0]",16
337,4,gad7,9,PCA,RF,4,0.33333333333333337,0.42342342342342343,16,31,28,36,"[1 1 0 1 0 0 0 0 0 0 1 1 0 0 1 1 1 0 0 0 1 0 0 0 1 0 1 0 0 1 1 0 0 1 1 0 0
 1 1 0 1 0 0 1 0 0 0 0 0 0 0 1 0 1 0 0 1 0 1 1 1 1 0 1 0 0 1 0 0 0 1 0 0 1
 0 0 1 0 1 0 0 1 1 0 0 0 0 0 1 0 0 1 0 0 0 1 0 0 0 1 1 0 0 1 0 1 0 1 1 1 0]",16
338,4,gad7,9,PCA,LR,4,0.44943820224719105,0.5585585585585585,20,42,17,32,"[0 1 1 1 0 0 0 0 0 0 1 1 0 0 1 0 1 0 1 1 0 0 0 0 0 1 0 0 0 0 1 0 0 0 1 1 1
 1 1 0 1 0 0 1 0 0 0 0 0 1 0 0 0 0 1 1 0 0 0 0 0 0 1 0 0 1 0 1 0 0 0 0 0 1
 0 0 0 0 0 1 1 1 0 0 1 0 0 0 1 0 1 1 0 0 0 1 1 0 0 0 0 0 0 0 1 1 0 0 1 0 0]",16
339,4,gad7,9,PCA,XG,4,0.39603960396039606,0.45045045045045046,20,30,29,32,"[1 1 0 1 0 1 0 0 0 0 1 1 0 0 1 1 1 0 0 0 0 0 0 0 1 0 1 0 0 1 1 1 1 1 1 0 1
 1 1 1 1 0 0 1 0 0 0 0 0 1 0 1 0 1 0 0 1 0 0 1 1 1 0 1 0 0 0 0 0 0 0 0 1 1
 0 0 1 0 1 1 0 1 1 1 0 0 0 0 1 0 0 0 0 1 0 1 0 0 0 1 1 0 0 0 0 1 0 1 1 1 1]",16
340,4,gad7,9,PCA,SVC,1,0.24657534246575344,0.5045045045045045,9,47,12,43,"[0 0 0 1 1 0 0 1 0 0 0 0 0 1 0 0 0 1 0 0 0 0 0 1 0 0 0 0 1 0 0 0 0 0 0 0 0
 0 0 0 0 0 0 0 1 0 0 0 1 0 1 1 0 0 0 0 0 0 0 0 0 0 0 0 0 0 0 0 1 0 1 1 0 0
 0 0 0 0 1 0 1 0 0 0 0 0 0 0 0 0 1 0 0 0 0 0 0 0 0 1 0 0 1 0 1 0 1 0 0 0 0]",17
341,4,gad7,9,PCA,kNN,1,0.3146067415730337,0.45045045045045046,14,36,23,38,"[0 0 0 1 1 1 0 0 0 1 0 0 0 1 0 1 0 0 1 1 0 0 0 1 1 0 0 0 1 0 0 1 0 1 1 0 0
 0 0 1 0 0 0 0 0 0 0 0 0 0 1 0 0 0 0 0 1 0 1 1 1 0 0 0 0 0 1 0 0 0 1 1 1 0
 0 0 0 0 1 0 1 0 0 1 0 0 0 0 0 0 0 0 0 0 1 0 0 1 1 0 0 1 1 1 1 1 1 0 1 0 0]",17
342,4,gad7,9,PCA,RF,1,0.4044943820224719,0.5225225225225225,18,40,19,34,"[1 0 1 0 0 1 0 0 0 1 1 0 1 0 0 0 0 0 1 0 0 0 1 0 1 0 1 0 1 1 0 1 0 1 0 0 0
 1 0 0 1 1 0 0 0 0 0 0 0 0 0 1 0 0 0 0 0 1 0 0 0 0 0 0 1 0 1 0 0 0 1 0 0 1
 0 0 0 0 1 1 1 0 0 0 0 0 0 0 0 1 0 0 0 0 1 0 0 0 1 1 0 1 0 1 1 0 1 0 1 1 1]",17
343,4,gad7,9,PCA,LR,1,0.5289256198347106,0.4864864864864865,32,22,37,20,"[1 0 1 0 0 1 0 1 1 0 1 1 1 0 0 1 0 1 1 1 1 1 1 0 0 1 0 0 0 0 1 1 1 1 1 0 1
 1 0 1 1 1 1 1 0 1 1 0 1 1 1 0 0 1 0 1 0 1 1 1 1 1 1 1 1 0 0 1 0 0 1 0 1 1
 1 1 1 1 1 0 1 1 1 1 1 0 0 0 1 1 0 0 1 1 1 1 0 0 0 0 0 1 1 1 1 0 0 1 1 0 0]",17
344,4,gad7,9,PCA,XG,1,0.4044943820224719,0.5225225225225225,18,40,19,34,"[1 0 1 0 0 1 0 0 0 1 1 0 0 0 0 0 0 0 1 0 0 0 0 1 1 0 1 0 1 1 0 1 0 1 0 0 0
 1 0 0 1 0 0 0 0 0 0 0 0 0 0 1 0 0 0 0 1 1 1 0 0 0 0 0 1 0 1 0 0 0 1 0 0 1
 0 0 0 0 1 1 1 0 0 0 0 0 0 0 0 1 0 0 0 0 1 0 0 0 1 1 0 1 0 1 1 0 1 0 1 1 1]",17
345,4,gad7,9,PCA,SVC,2,0.44943820224719105,0.5585585585585585,20,42,17,32,"[1 1 0 1 1 0 0 1 1 0 1 0 0 1 0 0 0 1 0 0 0 0 0 1 1 0 0 0 1 0 1 0 0 1 0 0 1
 0 0 1 0 0 1 0 1 0 0 0 0 1 1 0 0 0 0 0 0 0 0 0 0 1 1 0 0 0 0 0 0 0 1 1 0 0
 0 0 1 0 1 0 1 1 0 0 1 0 0 0 0 1 1 0 0 1 0 0 0 1 0 1 1 0 0 1 1 0 0 0 0 0 0]",17
346,4,gad7,9,PCA,kNN,2,0.36144578313253006,0.5225225225225225,15,43,16,37,"[0 1 0 0 1 1 0 0 0 0 0 0 0 0 0 1 0 0 1 0 0 0 0 1 1 0 0 0 0 0 0 1 1 1 0 0 1
 0 0 0 1 0 0 0 0 0 0 0 0 0 1 1 0 0 0 0 1 0 0 1 0 0 0 0 0 0 0 0 0 0 1 1 0 0
 0 0 1 0 1 1 1 1 0 1 0 0 0 0 0 0 0 0 0 1 0 0 0 0 1 1 1 0 0 1 0 1 0 0 1 0 0]",17
347,4,gad7,9,PCA,RF,2,0.4044943820224719,0.5225225225225225,18,40,19,34,"[1 0 0 1 1 1 0 1 0 1 0 0 0 0 0 1 1 0 1 0 0 0 0 1 1 1 0 0 1 0 0 1 0 1 1 0 0
 1 1 0 0 1 0 0 0 0 0 0 0 0 1 0 0 0 0 0 1 0 0 1 0 0 1 0 0 0 0 1 1 0 1 0 0 0
 0 0 1 0 1 0 1 1 0 1 1 0 0 0 0 0 0 0 0 0 1 0 0 0 1 1 0 0 0 1 1 0 0 0 0 0 0]",17
348,4,gad7,9,PCA,LR,2,0.46511627906976744,0.5855855855855856,20,45,14,32,"[0 0 0 0 0 0 0 1 1 1 1 0 0 0 0 0 0 1 0 1 0 0 0 0 0 0 0 0 0 0 1 1 0 1 0 0 0
 0 1 1 0 0 0 1 0 0 0 0 1 1 1 1 0 1 0 0 0 0 0 0 0 1 0 0 1 0 0 0 1 0 1 0 0 0
 0 0 1 0 1 0 1 1 1 0 1 0 0 0 1 1 0 0 0 1 0 0 0 0 0 0 0 0 0 1 1 0 1 1 0 0 0]",17
349,4,gad7,9,PCA,XG,2,0.4565217391304348,0.5495495495495496,21,40,19,31,"[0 1 0 1 0 1 0 0 1 1 1 0 0 0 0 1 0 0 1 0 1 0 0 1 1 1 0 0 0 0 0 1 0 1 1 0 0
 1 1 0 0 1 0 0 0 0 0 0 0 0 1 1 0 0 0 0 0 1 1 0 0 0 0 0 0 0 0 0 1 0 1 0 0 0
 0 0 1 0 1 1 1 1 0 1 1 0 0 0 0 1 0 0 0 1 0 0 0 0 1 1 0 1 0 1 1 0 1 0 1 0 0]",17
350,4,gad7,9,PCA,SVC,3,0.36781609195402304,0.5045045045045045,16,40,19,36,"[1 1 0 1 1 0 0 1 0 0 0 0 0 0 0 0 0 1 0 0 1 1 1 1 1 0 0 0 1 0 0 0 0 1 1 0 0
 0 0 0 1 0 1 0 0 0 0 0 0 1 1 0 0 0 0 1 0 0 0 0 0 0 1 0 0 0 0 0 0 0 1 1 0 1
 0 0 1 0 1 0 1 1 0 0 1 0 0 0 0 0 1 0 0 1 0 0 0 1 0 1 1 0 0 1 1 0 0 0 0 0 0]",17
351,4,gad7,9,PCA,kNN,3,0.4130434782608696,0.5135135135135135,19,38,21,33,"[1 1 1 0 1 1 0 1 1 0 1 0 0 0 0 1 0 1 1 0 0 0 0 1 0 0 0 0 1 0 0 1 0 0 1 0 1
 0 0 1 1 0 0 1 0 0 0 0 0 1 1 1 0 0 0 1 1 1 0 0 0 1 0 1 0 0 0 0 0 0 1 1 0 1
 0 0 1 0 1 0 1 0 0 1 0 0 0 0 0 0 1 0 0 0 1 0 0 0 0 0 0 0 0 1 0 1 0 0 1 1 0]",17
352,4,gad7,9,PCA,RF,3,0.29268292682926833,0.4774774774774775,12,41,18,40,"[0 0 0 1 1 1 0 0 1 1 1 0 0 0 0 1 0 0 0 0 0 0 0 1 0 0 0 0 1 0 0 1 0 1 1 0 0
 0 0 1 1 0 0 0 0 0 0 0 0 0 1 0 0 0 0 0 1 0 0 1 1 0 1 0 0 0 0 0 1 0 1 0 0 0
 0 0 1 0 1 0 1 1 0 1 0 0 0 0 0 0 1 0 0 0 0 0 0 0 0 1 0 0 0 1 1 0 0 0 0 0 0]",17
353,4,gad7,9,PCA,LR,3,0.5,0.5495495495495496,25,36,23,27,"[0 0 0 0 0 0 1 1 1 1 1 1 0 0 0 0 0 1 0 1 0 0 0 0 0 0 0 0 0 0 1 1 1 1 0 0 0
 0 1 1 0 1 0 1 0 1 1 0 1 1 1 1 0 1 0 0 0 1 0 1 1 1 0 0 1 0 0 1 1 0 1 0 0 0
 0 1 1 0 1 0 1 1 1 0 1 0 0 0 1 1 0 0 0 1 0 1 0 0 0 0 0 1 1 1 1 0 1 1 0 0 0]",17
354,4,gad7,9,PCA,XG,3,0.32941176470588235,0.4864864864864865,14,40,19,38,"[0 0 0 1 1 0 0 0 1 1 1 0 0 0 0 1 0 0 1 0 0 0 1 1 0 1 0 0 1 0 0 1 1 1 1 0 0
 0 0 1 1 0 0 0 0 0 0 0 0 0 1 1 0 0 0 0 1 0 0 0 0 0 1 0 0 0 0 0 1 0 1 0 0 0
 0 0 1 0 1 1 1 0 0 1 0 0 0 0 0 1 1 0 0 0 0 0 0 0 0 1 0 0 0 1 1 0 0 0 0 0 0]",17
355,4,gad7,9,PCA,SVC,4,0.2857142857142857,0.5045045045045045,11,45,14,41,"[1 0 0 1 0 0 0 1 0 0 0 0 0 0 0 0 0 1 0 0 0 1 1 1 1 0 0 0 1 0 0 0 0 1 1 0 0
 0 0 0 0 0 0 0 0 0 0 0 0 1 1 0 0 0 0 1 0 0 0 0 0 0 0 0 0 0 0 0 0 0 1 0 0 0
 0 0 1 0 1 0 1 1 0 0 1 0 0 0 0 0 0 0 0 0 0 0 0 1 0 1 1 0 0 1 1 0 0 0 0 0 0]",17
356,4,gad7,9,PCA,kNN,4,0.43956043956043955,0.5405405405405406,20,40,19,32,"[0 0 0 0 0 0 0 1 0 0 1 0 1 0 0 1 0 1 0 0 0 1 1 1 0 0 1 0 1 0 0 0 0 0 0 0 0
 0 0 1 0 1 0 1 0 0 0 0 1 1 1 1 0 1 0 1 1 0 0 1 1 0 1 1 0 0 0 0 1 0 1 0 0 1
 1 0 0 0 1 1 1 0 0 1 1 0 0 0 0 1 1 0 0 0 0 0 0 0 0 1 0 0 0 1 0 1 0 0 1 0 0]",17
357,4,gad7,9,PCA,RF,4,0.35714285714285715,0.5135135135135135,15,42,17,37,"[0 0 0 1 0 0 0 0 0 0 1 0 0 1 0 1 0 0 1 0 0 0 0 1 0 0 0 0 0 0 0 1 0 1 0 0 1
 0 0 1 0 1 0 0 0 0 0 0 0 0 1 1 0 0 0 0 1 0 0 0 1 0 1 1 0 0 1 0 0 0 1 0 0 1
 0 0 1 0 1 1 1 1 0 1 1 0 0 0 0 0 1 0 0 0 0 0 0 0 0 1 0 0 0 1 1 0 0 0 1 0 0]",17
358,4,gad7,9,PCA,LR,4,0.5504587155963302,0.5585585585585585,30,32,27,22,"[0 0 1 0 0 1 1 1 1 1 1 1 1 0 0 1 0 1 1 1 0 0 0 0 0 1 0 0 0 0 1 1 1 1 0 0 1
 1 1 1 0 1 0 0 0 1 1 0 1 1 1 1 0 1 0 0 0 1 0 1 1 1 0 0 1 0 0 1 0 0 1 0 1 0
 0 1 1 1 1 0 1 1 1 0 1 0 0 0 1 1 0 0 1 1 1 1 0 0 0 0 0 0 1 1 1 0 1 1 0 0 0]",17
359,4,gad7,9,PCA,XG,4,0.3908045977011494,0.5225225225225225,17,41,18,35,"[0 0 0 1 1 0 0 0 1 0 1 0 0 0 0 1 0 0 1 0 0 0 0 1 0 0 0 0 0 0 0 1 0 1 0 0 1
 0 0 1 0 0 0 0 0 0 0 0 0 0 1 1 0 1 0 0 1 1 1 0 1 0 1 1 0 0 1 0 1 0 1 0 0 1
 1 0 1 0 1 0 1 0 0 1 0 0 0 0 0 1 1 0 0 1 0 0 0 0 0 0 0 0 0 1 1 0 0 0 0 1 0]",17
360,4,gad7,9,PCA,SVC,1,0.35555555555555557,0.4774774774774775,16,37,22,36,"[1 1 1 0 1 0 0 1 1 0 0 0 0 0 0 0 0 0 0 0 1 0 1 0 0 1 0 1 1 0 1 1 1 0 0 1 1
 1 1 1 0 0 0 0 0 0 0 0 0 0 1 0 1 0 1 0 0 0 0 0 0 1 0 0 0 0 0 1 0 0 1 0 0 0
 0 0 0 0 0 1 0 0 1 1 0 1 1 0 1 1 0 0 1 0 0 0 0 1 0 0 0 0 0 0 1 0 1 0 1 0 1]",18
361,4,gad7,9,PCA,kNN,1,0.46601941747572817,0.5045045045045045,24,32,27,28,"[1 0 1 1 1 0 1 0 0 1 1 1 0 1 0 0 0 1 0 0 1 0 1 1 0 1 1 1 1 0 1 0 1 1 1 1 0
 1 1 0 1 0 0 0 0 1 0 1 0 0 0 0 0 0 0 0 0 0 1 0 1 0 0 1 1 1 1 1 1 0 0 1 0 0
 0 0 1 0 0 0 0 1 1 0 0 1 1 0 1 1 1 0 0 0 1 0 0 0 0 0 0 1 1 0 0 1 1 1 1 0 0]",18
362,4,gad7,9,PCA,RF,1,0.42424242424242425,0.4864864864864865,21,33,26,31,"[1 0 0 1 1 0 0 0 0 1 1 1 0 1 0 0 0 1 0 1 0 0 1 0 1 1 0 1 1 0 1 1 0 1 0 0 0
 1 0 0 1 0 1 0 0 1 0 0 1 0 0 0 0 0 0 1 0 1 0 0 1 0 0 1 1 1 1 1 0 0 0 1 0 0
 1 0 1 1 0 0 0 0 0 0 1 1 1 0 0 1 1 0 0 0 1 0 1 1 0 1 1 0 0 0 1 1 0 0 0 1 0]",18
363,4,gad7,9,PCA,LR,1,0.512,0.45045045045045046,32,18,41,20,"[1 1 1 0 1 0 0 1 1 1 1 1 1 1 0 1 0 0 0 1 1 1 1 1 1 1 0 1 1 0 1 1 1 0 0 1 1
 1 1 1 1 0 1 1 0 0 0 1 0 1 1 0 1 1 1 1 0 1 0 0 0 1 0 1 1 0 0 1 0 1 1 0 1 1
 1 0 1 1 1 1 1 1 1 1 0 1 1 1 1 1 0 0 1 0 0 1 0 1 0 0 1 0 1 1 1 0 1 1 1 0 1]",18
364,4,gad7,9,PCA,XG,1,0.36734693877551017,0.44144144144144143,18,31,28,34,"[1 0 1 1 1 0 0 0 0 1 1 1 0 1 0 0 0 1 0 0 1 0 0 0 1 1 0 1 0 0 1 1 0 1 0 0 0
 1 0 0 1 0 1 0 0 1 1 0 1 0 0 0 0 0 0 1 0 1 0 0 1 1 0 1 1 1 1 1 0 0 0 1 0 0
 1 0 1 0 0 0 0 0 1 0 1 1 1 0 0 0 1 0 0 0 1 0 1 1 0 1 0 0 0 0 1 1 0 0 0 1 0]",18
365,4,gad7,9,PCA,SVC,2,0.32911392405063294,0.5225225225225225,13,45,14,39,"[0 1 0 0 1 0 0 1 1 0 1 0 0 0 0 0 0 0 0 0 1 1 1 0 0 0 0 0 1 0 1 0 0 0 0 1 0
 0 0 1 0 0 0 1 0 0 0 0 0 0 1 0 1 1 1 0 0 0 0 0 0 1 0 0 0 0 0 1 0 0 0 0 0 0
 0 0 0 0 0 0 0 0 1 1 0 1 0 0 0 0 0 0 1 0 0 0 0 0 0 0 0 0 0 0 1 0 1 0 1 0 1]",18
366,4,gad7,9,PCA,kNN,2,0.34,0.40540540540540543,17,28,31,35,"[1 0 1 1 1 1 0 1 0 1 1 0 0 0 0 0 0 0 0 0 0 0 1 0 0 1 1 1 1 1 1 1 0 1 0 1 0
 0 0 0 1 0 0 0 0 0 0 0 0 0 1 0 1 1 0 1 0 0 1 0 0 1 0 0 0 1 0 0 0 1 0 1 0 1
 0 0 0 0 0 1 1 0 1 0 1 1 1 0 1 1 0 0 1 0 1 0 0 0 0 1 0 1 1 0 1 1 1 1 1 0 1]",18
367,4,gad7,9,PCA,RF,2,0.41666666666666663,0.4954954954954955,20,35,24,32,"[0 0 1 1 1 0 0 0 0 1 1 0 0 1 0 0 0 1 0 0 0 0 1 1 0 1 0 1 1 0 1 0 0 1 0 1 0
 0 1 0 1 0 0 1 0 1 1 0 1 0 0 0 0 0 0 0 0 0 1 0 1 0 0 1 1 1 0 1 1 0 0 0 0 1
 0 0 1 0 0 0 0 0 0 0 1 1 1 0 1 1 1 0 1 0 1 0 1 0 0 0 0 1 1 0 0 1 0 1 1 0 0]",18
368,4,gad7,9,PCA,LR,2,0.5161290322580646,0.4594594594594595,32,19,40,20,"[1 1 1 0 1 0 0 1 1 1 1 1 1 1 0 1 0 0 0 1 1 1 1 1 0 1 0 1 1 0 1 1 1 0 0 1 1
 1 1 1 1 0 1 1 0 0 0 1 0 1 1 0 1 1 1 1 0 1 0 0 1 1 1 1 1 0 0 1 0 1 1 0 1 1
 1 1 1 1 1 1 1 0 1 1 0 1 1 1 1 1 0 0 1 0 0 1 0 1 0 0 0 0 0 1 1 0 1 1 1 0 1]",18
369,4,gad7,9,PCA,XG,2,0.35416666666666663,0.44144144144144143,17,32,27,35,"[0 0 1 1 1 0 0 0 0 1 1 0 0 1 0 0 0 1 0 1 0 0 1 1 0 1 0 1 1 0 1 0 0 1 0 1 0
 0 1 0 1 0 0 0 0 1 1 0 1 0 0 0 0 0 0 1 0 0 0 0 1 0 0 1 1 1 0 1 1 0 0 1 0 1
 0 0 1 0 0 0 0 0 0 0 1 1 1 0 0 1 1 0 0 0 1 0 1 0 0 1 0 1 1 0 0 1 1 0 1 0 0]",18
370,4,gad7,9,PCA,SVC,3,0.44680851063829785,0.5315315315315315,21,38,21,31,"[0 1 0 1 1 0 1 1 1 0 0 0 0 0 0 0 0 0 0 0 1 0 1 0 0 1 1 0 1 0 1 0 1 0 1 1 0
 1 0 1 0 0 0 1 0 1 0 0 0 0 1 0 1 0 1 0 0 0 1 1 0 1 0 0 0 1 0 1 1 0 1 0 0 0
 0 0 0 0 0 0 0 0 1 1 1 1 0 0 1 1 1 0 1 0 0 0 0 1 0 0 0 1 0 0 1 1 0 0 1 0 0]",18
371,4,gad7,9,PCA,kNN,3,0.4752475247524753,0.5225225225225225,24,34,25,28,"[1 1 1 0 1 1 0 1 0 1 0 1 0 0 0 0 0 1 0 0 0 1 1 0 1 1 0 0 1 1 1 1 0 1 0 1 0
 0 1 0 0 0 0 1 0 1 1 0 1 1 0 1 1 1 1 0 0 0 1 1 0 1 0 0 0 1 1 0 0 1 0 0 0 0
 0 0 0 0 0 1 1 0 0 0 1 1 1 0 0 0 1 0 1 0 1 0 0 0 0 0 1 1 0 0 0 1 0 1 1 0 1]",18
372,4,gad7,9,PCA,RF,3,0.4536082474226804,0.5225225225225225,22,36,23,30,"[1 0 1 1 1 0 0 1 0 1 0 0 0 1 0 0 0 1 0 0 0 0 1 1 0 1 1 0 1 0 0 1 0 1 0 1 0
 0 0 0 0 0 0 1 0 1 1 0 1 1 1 0 1 1 1 0 0 0 1 0 0 0 0 1 0 1 1 0 0 0 0 0 0 0
 0 1 1 0 0 0 0 0 0 0 1 1 1 0 0 1 1 0 1 0 1 0 1 0 0 1 1 1 0 0 0 1 0 1 1 0 0]",18
373,4,gad7,9,PCA,LR,3,0.44897959183673475,0.5135135135135135,22,35,24,30,"[1 1 0 0 1 0 1 1 1 0 0 0 1 0 0 1 0 0 0 0 1 0 1 0 1 1 0 1 1 1 1 1 1 0 1 1 1
 1 0 1 0 0 0 1 0 0 0 0 0 1 1 0 1 0 1 0 0 0 0 0 0 1 0 0 0 0 0 1 0 1 1 0 0 0
 0 0 0 0 0 1 1 0 1 1 0 1 0 0 1 1 0 0 1 1 0 0 0 1 1 0 0 0 0 0 1 0 0 0 1 0 1]",18
374,4,gad7,9,PCA,XG,3,0.4285714285714286,0.4954954954954955,21,34,25,31,"[0 0 1 1 0 1 0 1 0 1 1 0 0 1 0 0 0 1 0 0 1 0 0 1 0 0 1 0 1 0 0 0 0 1 1 1 0
 0 0 0 1 0 0 1 0 1 1 0 1 1 0 0 1 1 1 1 0 0 1 0 1 0 0 1 0 1 0 0 0 0 0 0 0 0
 0 1 1 0 0 1 0 0 0 0 1 1 1 0 1 1 1 0 0 0 1 1 0 0 0 1 0 1 1 0 0 1 0 1 1 0 0]",18
375,4,gad7,9,PCA,SVC,4,0.4742268041237113,0.5405405405405406,23,37,22,29,"[0 1 0 1 1 0 1 1 1 0 0 0 0 0 0 0 0 0 0 0 1 0 1 0 1 0 1 1 1 0 1 0 1 0 1 1 0
 1 0 1 0 0 0 1 0 1 0 0 0 0 1 0 1 0 1 0 0 0 1 1 0 1 0 0 0 1 0 1 1 0 1 0 0 0
 0 0 0 0 0 1 0 0 1 1 1 1 0 0 1 1 1 0 1 0 0 0 0 1 0 0 0 1 0 0 1 1 0 0 1 1 0]",18
376,4,gad7,9,PCA,kNN,4,0.46153846153846156,0.4954954954954955,24,31,28,28,"[1 0 0 1 1 0 0 0 0 1 1 1 0 0 0 0 0 1 0 0 0 1 0 1 0 1 0 1 1 1 1 0 0 1 1 1 0
 0 1 1 0 0 0 1 0 1 0 1 0 1 1 1 1 1 1 0 0 0 1 1 1 0 0 0 0 1 1 0 0 1 0 0 0 0
 0 0 1 0 0 1 1 0 0 1 1 1 0 0 1 0 0 0 1 0 1 0 1 0 0 0 1 1 0 1 1 1 0 1 1 0 1]",18
377,4,gad7,9,PCA,RF,4,0.5106382978723405,0.5855855855855856,24,41,18,28,"[1 0 1 1 1 0 0 0 0 1 0 0 0 0 0 0 0 1 0 0 0 0 1 1 0 0 1 1 1 0 0 1 0 1 1 1 0
 0 1 0 1 0 0 1 0 1 1 0 1 1 1 1 1 0 0 0 0 0 1 0 1 0 0 0 0 1 0 0 1 0 0 0 0 0
 0 1 1 0 0 1 0 0 0 0 1 1 0 0 0 0 1 0 1 0 1 0 0 0 0 1 0 1 0 0 1 1 0 0 1 0 0]",18
378,4,gad7,9,PCA,LR,4,0.4301075268817205,0.5225225225225225,20,38,21,32,"[0 1 0 0 1 0 1 1 1 0 0 0 0 0 0 1 0 0 0 0 1 0 1 0 1 1 0 1 1 1 1 1 1 0 0 1 1
 1 0 1 0 0 0 1 0 0 0 0 0 0 1 0 1 0 1 0 0 0 0 0 0 1 0 0 0 0 0 1 0 0 1 0 0 0
 0 0 0 0 0 1 0 0 1 1 0 1 0 0 1 1 0 0 1 1 0 0 0 1 1 0 0 0 0 0 1 0 1 0 1 0 1]",18
379,4,gad7,9,PCA,XG,4,0.38636363636363635,0.5135135135135135,17,40,19,35,"[0 0 0 1 1 0 0 0 0 1 1 0 0 0 0 0 0 1 0 0 0 0 1 1 0 1 1 1 1 0 0 0 0 1 1 1 0
 0 0 0 1 0 0 1 0 1 1 0 1 1 0 0 0 0 1 0 0 0 1 0 1 0 0 0 0 1 1 0 0 0 0 0 0 0
 0 1 0 0 0 1 0 0 0 0 1 1 0 0 0 0 1 0 0 0 1 0 0 0 0 1 0 1 1 0 0 1 0 0 1 0 0]",18
380,4,gad7,9,PCA,SVC,1,0.3,0.4954954954954955,12,43,16,40,"[0 0 1 0 0 0 0 0 0 0 0 0 1 1 0 0 0 0 0 0 0 0 0 1 0 1 0 0 0 0 0 0 0 0 1 0 0
 0 0 1 0 1 1 1 0 0 0 0 0 0 0 0 0 1 0 0 1 1 0 0 0 1 0 1 1 1 0 0 0 1 0 0 1 0
 0 0 1 0 0 0 1 0 0 0 1 0 0 1 0 0 0 0 0 0 0 1 0 1 1 0 0 0 0 0 0 0 1 0 1 0 0]",19
381,4,gad7,9,PCA,kNN,1,0.4158415841584159,0.46846846846846846,21,31,28,31,"[0 0 0 1 0 1 1 1 0 0 0 0 0 0 0 0 0 0 0 0 1 0 0 1 1 1 1 0 1 1 0 0 1 1 1 0 1
 0 0 1 0 1 1 0 0 0 0 1 0 1 1 0 1 0 0 0 1 0 0 1 1 0 0 1 1 1 0 0 0 1 1 1 1 0
 0 0 0 0 0 0 1 0 0 1 1 0 0 1 1 0 1 0 0 1 1 0 0 1 1 1 1 0 0 1 0 1 1 0 1 0 1]",19
382,4,gad7,9,PCA,RF,1,0.26666666666666666,0.40540540540540543,12,33,26,40,"[0 0 0 0 0 1 1 1 0 0 0 0 0 0 0 1 0 0 0 0 0 0 1 0 1 1 0 1 0 0 0 0 1 0 0 0 0
 0 0 1 0 0 0 1 1 0 0 0 0 0 0 0 0 0 1 1 0 0 1 1 0 1 1 0 1 0 0 0 0 1 1 0 1 0
 0 0 0 0 0 0 0 0 0 1 0 0 1 0 1 0 0 1 1 1 1 0 0 1 1 1 1 1 0 1 0 1 1 0 0 0 1]",19
383,4,gad7,9,PCA,LR,1,0.5343511450381679,0.45045045045045046,35,15,44,17,"[1 1 1 0 1 0 0 0 0 1 1 1 1 1 1 1 1 1 0 1 1 1 1 1 0 1 1 0 1 1 1 1 0 1 1 1 1
 1 1 1 1 1 0 1 1 1 0 1 0 1 0 1 1 1 1 1 0 0 1 1 0 1 1 0 0 1 0 1 1 1 1 1 0 1
 1 1 1 1 1 1 1 1 1 1 0 1 1 1 0 1 0 0 1 0 1 1 1 1 0 1 1 1 0 0 1 0 1 0 0 1 0]",19
384,4,gad7,9,PCA,XG,1,0.2298850574712644,0.3963963963963964,10,34,25,42,"[0 0 1 0 0 1 1 1 0 0 0 0 0 0 0 1 0 0 0 0 0 0 0 0 1 1 0 1 0 0 0 0 1 0 0 0 1
 0 0 1 0 0 0 1 0 0 0 0 0 0 0 0 0 0 1 1 0 0 0 1 0 1 1 0 1 0 0 0 0 1 1 0 1 0
 0 0 0 0 0 0 0 0 0 1 0 0 0 0 1 0 1 1 0 1 1 0 0 1 1 1 1 0 0 1 0 1 1 0 0 0 1]",19
385,4,gad7,9,PCA,SVC,2,0.5599999999999999,0.6036036036036037,28,39,20,24,"[1 0 1 1 1 1 0 1 1 0 0 0 1 0 0 0 0 0 0 1 0 0 1 1 1 0 0 1 0 1 0 0 1 0 1 0 0
 0 0 0 0 1 0 0 0 1 1 1 0 0 0 0 0 1 0 0 1 1 1 0 1 1 0 1 1 1 1 0 0 0 1 0 1 0
 0 0 1 0 0 0 1 0 0 1 1 1 0 0 1 0 1 0 0 1 1 0 0 0 1 0 0 0 0 1 1 1 0 1 0 1 1]",19
386,4,gad7,9,PCA,kNN,2,0.4716981132075472,0.4954954954954955,25,30,29,27,"[0 1 1 0 0 1 1 1 0 0 1 0 1 1 1 1 0 0 0 0 1 1 0 1 1 1 0 1 0 0 1 0 1 0 1 0 0
 1 1 1 1 1 1 1 0 0 1 0 0 1 0 0 1 1 1 1 0 1 0 0 1 1 1 1 1 0 0 0 0 1 1 0 1 0
 1 0 1 0 0 1 1 0 0 1 0 0 0 0 1 0 0 0 0 1 0 0 0 1 0 0 1 0 0 1 0 0 1 1 0 1 0]",19
387,4,gad7,9,PCA,RF,2,0.41379310344827586,0.5405405405405406,18,42,17,34,"[1 0 1 0 0 1 1 1 0 0 0 0 0 0 1 0 0 0 0 1 1 1 0 0 1 1 0 1 0 0 1 0 1 0 1 0 0
 0 0 0 0 0 0 0 0 0 1 1 0 1 0 0 1 0 1 1 0 0 1 0 1 1 0 0 0 0 0 0 0 0 1 0 0 1
 0 0 1 0 0 1 0 0 0 1 0 1 0 0 0 0 0 0 0 1 0 0 0 0 0 0 1 0 0 1 1 0 0 1 0 0 0]",19
388,4,gad7,9,PCA,LR,2,0.4680851063829788,0.5495495495495496,22,39,20,30,"[1 0 1 0 1 0 0 0 0 0 0 0 1 1 0 0 0 0 0 1 0 0 1 1 0 0 0 0 0 1 0 0 0 0 1 0 1
 1 1 0 1 1 1 0 0 1 0 1 0 0 0 0 0 1 0 0 0 0 1 0 0 1 1 0 0 1 0 0 1 1 1 0 0 0
 0 0 1 0 0 0 1 0 0 1 0 1 1 0 0 1 0 0 1 0 1 1 0 1 0 1 1 0 0 0 1 0 1 0 1 1 0]",19
389,4,gad7,9,PCA,XG,2,0.43956043956043955,0.5405405405405406,20,40,19,32,"[1 0 1 0 0 1 1 1 0 0 1 0 1 0 1 1 0 0 0 1 1 1 1 0 1 1 0 1 0 0 1 0 1 0 0 0 0
 0 0 0 0 0 0 0 0 0 1 1 0 1 0 0 1 0 1 1 0 0 1 0 1 1 0 0 0 0 0 0 0 0 1 0 0 1
 0 0 1 0 0 1 1 0 0 1 0 0 0 0 1 0 0 0 0 1 0 0 0 0 0 0 1 0 0 1 1 0 0 1 0 0 0]",19
390,4,gad7,9,PCA,SVC,3,0.4791666666666667,0.5495495495495496,23,38,21,29,"[1 0 1 1 0 1 0 1 1 0 0 0 1 0 0 0 0 0 0 0 0 0 0 1 1 0 0 1 0 0 0 0 1 0 1 0 0
 0 0 1 0 1 0 1 0 1 1 1 0 0 0 0 0 1 0 0 1 1 0 0 1 1 0 1 1 1 1 0 0 0 1 0 1 0
 0 0 1 0 0 0 1 0 0 1 1 1 0 0 1 0 1 0 0 1 1 0 0 0 1 0 0 0 0 1 1 1 0 1 0 1 0]",19
391,4,gad7,9,PCA,kNN,3,0.4854368932038835,0.5225225225225225,25,33,26,27,"[1 1 0 0 0 1 1 1 0 0 1 1 1 0 1 1 0 0 0 0 1 1 1 0 1 0 0 1 0 0 1 0 1 1 1 0 0
 1 1 1 0 0 0 1 0 0 1 0 0 1 0 1 1 1 1 0 0 1 1 1 1 1 0 1 1 0 0 0 0 0 0 0 0 0
 1 0 1 0 0 1 0 0 0 0 1 0 0 1 1 0 0 0 0 1 1 0 0 1 1 0 1 0 0 1 1 0 0 1 0 1 0]",19
392,4,gad7,9,PCA,RF,3,0.3373493975903614,0.5045045045045045,14,42,17,38,"[1 1 1 0 0 1 1 1 0 0 0 0 0 0 0 1 0 0 0 0 0 1 1 0 1 0 0 0 0 0 1 0 1 0 0 0 0
 1 0 1 0 0 0 1 0 0 1 1 0 1 0 0 1 0 1 1 0 0 0 0 0 1 0 0 0 0 0 0 0 0 1 0 0 1
 0 0 1 0 0 1 0 0 0 0 0 0 0 0 1 0 0 0 0 1 0 0 0 0 0 0 0 0 0 1 1 0 0 1 0 0 0]",19
393,4,gad7,9,PCA,LR,3,0.46464646464646464,0.5225225225225225,23,35,24,29,"[1 0 1 0 1 0 0 0 0 0 0 0 1 1 0 0 0 0 0 1 0 0 1 1 0 1 0 0 0 1 0 0 0 0 1 0 1
 1 1 1 0 1 1 1 0 1 0 1 0 0 0 1 0 1 0 1 0 0 1 0 0 1 1 0 0 1 0 0 1 1 1 1 0 0
 0 0 1 0 1 0 1 0 0 1 0 1 0 1 0 1 0 0 1 0 1 1 0 1 0 1 0 0 0 0 1 0 1 0 1 1 0]",19
394,4,gad7,9,PCA,XG,3,0.3764705882352941,0.5225225225225225,16,42,17,36,"[1 1 0 0 1 1 1 1 0 1 0 0 0 1 0 1 0 0 0 0 0 1 1 0 0 0 0 0 0 0 1 0 1 0 1 0 0
 1 0 0 0 0 0 0 0 0 1 1 0 1 0 0 1 1 1 0 0 0 1 0 1 1 0 0 0 0 0 0 0 0 1 0 0 1
 0 0 1 0 0 1 0 0 0 0 0 1 0 0 0 0 0 0 0 1 0 0 0 0 0 0 0 0 0 1 1 0 0 1 0 0 0]",19
395,4,gad7,9,PCA,SVC,4,0.4175824175824176,0.5225225225225225,19,39,20,33,"[1 0 1 1 0 1 0 1 1 0 0 0 1 0 0 0 1 0 0 0 0 0 0 1 1 0 0 1 0 0 0 0 1 0 1 0 0
 0 0 0 0 1 0 1 0 0 1 1 0 0 1 0 0 1 0 0 0 1 0 0 1 1 0 1 1 1 1 0 0 0 1 0 1 0
 0 0 1 0 0 0 1 0 0 1 0 1 0 0 1 0 1 0 0 1 0 0 0 0 1 0 0 0 0 1 0 1 0 1 0 0 0]",19
396,4,gad7,9,PCA,kNN,4,0.4693877551020408,0.5315315315315315,23,36,23,29,"[0 1 0 1 0 1 1 1 0 0 1 0 1 0 1 0 1 0 0 0 1 0 0 0 1 0 1 0 0 0 1 0 1 0 1 0 0
 1 1 0 0 1 0 1 0 1 1 1 0 0 0 1 1 1 1 1 0 0 0 1 1 1 0 0 1 1 0 0 0 0 0 0 0 0
 1 0 1 0 0 1 0 0 0 0 1 0 0 1 1 0 0 0 0 1 1 0 0 1 0 0 1 0 0 1 1 0 0 1 0 1 0]",19
397,4,gad7,9,PCA,RF,4,0.3448275862068965,0.4864864864864865,15,39,20,37,"[1 1 0 0 1 1 0 1 0 1 0 0 0 0 1 0 0 0 0 0 0 1 0 0 0 0 0 0 0 0 1 0 1 0 1 0 0
 1 0 0 0 1 0 1 0 0 1 1 0 1 0 0 1 1 0 1 1 0 0 0 1 1 0 0 1 0 0 0 0 0 1 0 0 0
 0 0 1 0 0 1 0 0 0 0 1 0 0 1 1 0 0 0 0 1 0 0 0 0 0 0 1 0 0 1 0 0 0 1 0 1 0]",19
398,4,gad7,9,PCA,LR,4,0.45999999999999996,0.5135135135135135,23,34,25,29,"[1 0 1 0 1 0 0 0 0 0 0 0 1 1 0 0 0 0 0 1 0 0 1 1 0 1 0 0 0 1 0 0 0 0 1 0 1
 1 1 1 0 1 1 1 0 1 0 1 0 0 0 1 0 1 1 0 0 0 1 0 0 1 1 0 0 1 0 0 1 1 1 0 0 0
 0 1 1 0 1 0 1 0 0 1 0 1 0 1 0 1 0 1 1 0 1 1 0 1 0 1 0 0 0 0 1 0 1 0 1 1 0]",19
399,4,gad7,9,PCA,XG,4,0.3409090909090909,0.4774774774774775,15,38,21,37,"[1 1 0 0 1 1 1 1 0 1 0 0 1 0 1 0 0 0 0 1 0 1 1 0 0 0 0 0 0 0 1 0 1 0 1 0 1
 1 0 0 0 0 0 1 0 0 1 1 0 1 0 0 1 1 0 1 0 0 0 0 1 0 0 0 0 0 0 0 0 0 1 0 0 1
 0 0 1 0 0 1 0 0 0 1 0 0 0 1 1 0 0 0 0 1 0 0 0 0 1 0 1 0 0 1 0 0 0 0 0 0 0]",19
400,4,gad7,9,PCA,SVC,1,0.26666666666666666,0.5045045045045045,10,46,13,42,"[0 1 0 0 0 0 0 0 0 0 0 0 0 0 1 0 1 1 1 0 0 0 1 0 1 0 0 0 0 1 0 0 0 0 0 0 0
 0 0 0 1 0 0 1 0 0 1 1 0 0 0 0 0 0 0 0 0 0 0 0 0 1 1 0 0 1 0 1 0 0 0 0 0 0
 0 0 0 0 0 1 0 0 0 0 0 0 0 0 0 1 0 0 1 0 0 1 1 0 0 0 0 0 0 0 0 0 1 1 0 0 0]",20
401,4,gad7,9,PCA,kNN,1,0.39999999999999997,0.43243243243243246,21,27,32,31,"[1 1 1 1 0 0 1 0 1 0 1 1 1 0 1 0 1 1 0 0 0 1 0 1 1 0 1 0 1 1 0 0 0 1 0 0 1
 1 0 1 0 0 1 1 0 1 1 1 0 0 0 0 1 1 0 0 0 0 0 1 0 1 1 0 1 1 0 1 1 1 1 0 0 0
 1 0 0 0 0 1 0 0 0 1 0 0 0 0 0 0 0 0 1 0 0 0 1 1 1 1 0 1 0 1 1 0 1 1 0 1 1]",20
402,4,gad7,9,PCA,RF,1,0.4680851063829788,0.5495495495495496,22,39,20,30,"[1 1 1 1 0 0 1 0 0 0 0 0 1 0 0 0 0 0 0 0 0 1 0 1 0 1 0 0 1 1 0 1 0 0 0 0 1
 1 0 0 0 1 0 1 1 1 0 1 0 1 1 1 1 1 0 0 0 0 0 0 0 1 0 1 0 1 0 1 0 1 1 0 0 0
 1 0 0 0 1 1 0 0 0 0 0 1 0 0 0 1 0 0 0 1 0 0 1 0 1 0 0 1 0 0 0 0 0 1 1 1 0]",20
403,4,gad7,9,PCA,LR,1,0.512,0.45045045045045046,32,18,41,20,"[0 0 0 0 1 1 1 1 1 1 0 1 0 1 1 1 1 1 1 0 1 1 1 1 0 1 1 1 0 1 1 0 1 1 0 1 0
 1 1 1 1 1 1 1 1 1 0 1 0 1 0 0 1 1 1 0 1 1 0 1 1 0 1 1 1 0 1 0 1 1 1 0 1 1
 1 1 1 1 0 1 0 1 0 1 1 0 0 1 0 0 1 0 0 1 0 1 1 0 1 1 1 0 0 1 0 1 1 1 0 1 0]",20
404,4,gad7,9,PCA,XG,1,0.4693877551020408,0.5315315315315315,23,36,23,29,"[1 1 1 1 0 0 1 0 0 0 0 1 1 0 0 0 0 0 0 0 0 1 0 1 0 1 1 0 1 1 0 1 0 0 0 1 1
 1 0 0 0 1 0 1 1 1 0 1 0 1 1 1 1 1 0 0 0 0 0 1 0 1 1 1 0 1 0 1 0 1 1 0 0 0
 0 0 0 0 1 1 0 0 0 1 0 1 0 0 0 0 0 0 0 1 0 0 1 0 1 1 0 1 0 0 0 0 0 1 0 1 0]",20
405,4,gad7,9,PCA,SVC,2,0.36144578313253006,0.5225225225225225,15,43,16,37,"[0 0 0 1 0 1 0 1 1 0 0 0 0 1 1 0 1 1 0 0 0 0 0 0 0 1 0 0 0 1 0 0 1 0 0 0 0
 0 1 0 1 1 1 1 0 0 0 0 0 0 0 0 0 0 1 0 0 0 0 0 1 0 1 1 1 0 0 0 0 0 0 0 0 0
 0 0 0 0 0 1 0 0 0 0 0 0 0 0 1 1 1 0 1 0 0 1 0 1 0 1 1 0 0 0 0 0 0 1 0 0 0]",20
406,4,gad7,9,PCA,kNN,2,0.4485981308411215,0.46846846846846846,24,28,31,28,"[1 0 0 1 0 1 0 1 1 0 1 1 0 1 1 0 1 0 0 0 0 1 0 0 1 0 1 0 0 0 0 0 0 1 1 0 0
 1 1 1 1 1 0 1 0 0 0 0 0 0 0 0 1 1 1 1 1 1 1 1 1 0 1 0 1 0 1 0 0 1 1 0 1 1
 0 1 1 0 0 1 1 1 0 1 0 0 0 0 1 1 0 1 1 1 0 0 1 1 1 0 0 1 0 1 1 0 0 1 0 0 0]",20
407,4,gad7,9,PCA,RF,2,0.4130434782608696,0.5135135135135135,19,38,21,33,"[1 0 0 1 0 0 0 1 1 0 0 0 0 1 1 0 0 0 0 0 0 1 0 0 0 1 1 0 0 0 0 1 0 1 0 0 0
 1 1 1 0 1 1 1 1 0 0 0 0 0 0 0 0 1 0 1 0 0 0 0 1 0 1 0 1 0 1 0 0 1 1 0 0 1
 0 0 0 0 0 1 1 0 0 1 0 0 0 0 0 1 0 0 1 1 0 0 1 1 1 1 0 1 0 1 0 0 0 1 0 0 0]",20
408,4,gad7,9,PCA,LR,2,0.36144578313253006,0.5225225225225225,15,43,16,37,"[0 0 0 1 0 1 0 1 1 0 0 0 0 1 1 0 1 1 0 0 0 0 0 0 0 1 0 0 0 1 0 0 1 0 0 0 0
 0 1 0 1 1 1 1 0 0 0 0 0 0 0 0 0 0 1 0 0 0 0 0 1 0 1 1 1 0 0 0 0 0 0 0 0 0
 0 0 0 0 0 1 0 0 0 0 0 0 0 0 1 1 1 0 1 0 0 1 0 1 0 1 1 0 0 0 0 0 0 1 0 0 0]",20
409,4,gad7,9,PCA,XG,2,0.4731182795698925,0.5585585585585585,22,40,19,30,"[1 1 0 1 0 0 0 0 1 0 1 0 0 1 0 0 0 0 0 0 0 1 0 0 1 1 1 0 1 0 0 0 1 1 0 0 0
 0 1 1 0 1 1 1 1 1 0 0 0 0 0 0 0 1 0 1 0 0 0 0 0 1 1 0 1 1 1 0 0 1 1 0 1 0
 0 0 0 0 0 1 1 0 0 1 1 0 0 0 0 0 0 0 0 1 0 0 1 0 0 0 0 1 0 1 0 0 0 1 0 1 1]",20
410,4,gad7,9,PCA,SVC,3,0.36144578313253006,0.5225225225225225,15,43,16,37,"[0 0 0 1 0 1 0 1 1 0 0 0 0 1 1 0 1 1 0 0 0 0 0 0 0 1 0 0 0 1 0 0 1 0 0 0 0
 0 1 0 1 1 1 1 0 0 0 0 0 0 0 0 0 0 1 0 0 0 0 0 1 0 1 1 1 0 0 0 0 0 0 0 0 0
 0 0 0 0 0 1 0 0 0 0 0 0 0 0 1 1 1 0 1 0 0 1 0 1 0 1 1 0 0 0 0 0 0 1 0 0 0]",20
411,4,gad7,9,PCA,kNN,3,0.4158415841584159,0.46846846846846846,21,31,28,31,"[0 1 0 1 0 0 0 1 1 0 1 0 0 1 1 0 1 1 0 0 0 1 0 0 1 1 1 0 0 0 0 0 0 1 0 0 0
 0 1 1 1 1 0 1 0 1 0 0 0 0 0 0 1 0 1 1 0 1 0 0 0 1 0 0 1 1 1 1 0 1 1 1 0 0
 0 0 1 0 0 1 1 0 0 1 0 1 1 0 1 1 0 0 1 0 0 0 1 1 0 1 1 1 1 1 0 0 0 1 0 0 0]",20
412,4,gad7,9,PCA,RF,3,0.46153846153846156,0.5585585585585585,21,41,18,31,"[0 0 0 1 0 0 0 1 1 0 1 0 0 1 1 0 0 0 0 1 0 1 0 0 1 0 0 0 1 0 0 0 1 1 0 0 0
 0 1 1 0 1 0 1 1 1 0 0 0 0 0 0 1 1 0 1 0 0 0 0 0 0 0 0 0 0 1 0 0 1 1 0 1 0
 0 1 0 0 0 1 1 0 0 1 1 0 0 0 0 1 0 0 1 1 0 0 1 0 0 1 0 1 0 1 0 0 0 1 0 1 0]",20
413,4,gad7,9,PCA,LR,3,0.36144578313253006,0.5225225225225225,15,43,16,37,"[0 0 0 1 0 1 0 1 1 0 0 0 0 1 1 0 1 1 0 0 0 0 0 0 0 1 0 0 0 1 0 0 1 0 0 0 0
 0 1 0 1 1 1 1 0 0 0 0 0 0 0 0 0 0 1 0 0 0 0 0 1 0 1 1 1 0 0 0 0 0 0 0 0 0
 0 0 0 0 0 1 0 0 0 0 0 0 0 0 1 1 1 0 1 0 0 1 0 1 0 1 1 0 0 0 0 0 0 1 0 0 0]",20
414,4,gad7,9,PCA,XG,3,0.4375,0.5135135135135135,21,36,23,31,"[1 0 0 0 0 0 0 1 1 0 0 0 0 1 1 0 0 1 0 1 1 1 0 0 1 0 0 0 1 0 0 1 0 0 0 1 1
 0 1 1 1 0 0 1 0 1 0 0 0 0 0 1 1 1 0 1 1 0 0 0 0 0 1 0 1 0 1 0 0 1 1 0 1 0
 0 1 0 0 0 1 1 0 0 1 1 0 0 0 0 0 1 0 1 1 0 0 1 0 0 1 0 0 0 1 0 0 0 1 0 1 1]",20
415,4,gad7,9,PCA,SVC,4,0.36144578313253006,0.5225225225225225,15,43,16,37,"[0 0 0 1 0 1 0 1 1 0 0 0 0 1 1 0 1 1 0 0 0 0 0 0 0 1 0 0 0 1 0 0 1 0 0 0 0
 0 1 0 1 1 1 1 0 0 0 0 0 0 0 0 0 0 1 0 0 0 0 0 1 0 1 1 1 0 0 0 0 0 0 0 0 0
 0 0 0 0 0 1 0 0 0 0 0 0 0 0 1 1 1 0 1 0 0 1 0 1 0 1 1 0 0 0 0 0 0 1 0 0 0]",20
416,4,gad7,9,PCA,kNN,4,0.3913043478260869,0.4954954954954955,18,37,22,34,"[0 0 0 1 0 1 0 0 1 0 1 0 0 1 0 0 1 0 0 0 0 1 0 1 0 1 0 0 0 0 0 1 0 0 0 0 0
 0 0 1 1 1 0 1 0 0 1 0 0 0 0 0 0 0 0 1 0 1 1 1 0 0 1 0 1 0 0 0 0 1 1 0 1 0
 0 0 1 0 0 1 1 0 0 1 0 1 0 0 1 1 0 0 1 1 0 0 1 1 0 1 0 1 0 1 1 0 0 0 0 0 1]",20
417,4,gad7,9,PCA,RF,4,0.4044943820224719,0.5225225225225225,18,40,19,34,"[0 0 0 1 0 0 0 1 1 0 1 0 0 1 1 0 0 0 0 1 0 1 0 0 1 0 0 0 1 0 0 0 0 1 0 0 0
 0 1 1 0 1 0 1 0 1 1 0 0 0 0 0 1 1 0 1 0 0 0 0 0 0 0 0 0 0 1 0 0 1 1 0 1 1
 0 1 0 0 0 1 1 0 0 1 0 0 0 0 0 0 0 0 1 1 0 0 1 0 0 1 0 1 0 1 0 0 0 1 0 1 0]",20
418,4,gad7,9,PCA,LR,4,0.36144578313253006,0.5225225225225225,15,43,16,37,"[0 0 0 1 0 1 0 1 1 0 0 0 0 1 1 0 1 1 0 0 0 0 0 0 0 1 0 0 0 1 0 0 1 0 0 0 0
 0 1 0 1 1 1 1 0 0 0 0 0 0 0 0 0 0 1 0 0 0 0 0 1 0 1 1 1 0 0 0 0 0 0 0 0 0
 0 0 0 0 0 1 0 0 0 0 0 0 0 0 1 1 1 0 1 0 0 1 0 1 0 1 1 0 0 0 0 0 0 1 0 0 0]",20
419,4,gad7,9,PCA,XG,4,0.41860465116279066,0.5495495495495496,18,43,16,34,"[0 0 0 0 0 0 0 1 1 0 1 0 0 1 1 0 0 0 0 1 0 1 0 0 0 0 0 0 1 0 0 0 0 0 0 0 1
 1 1 1 0 1 0 1 0 1 1 0 0 0 0 0 1 1 0 1 0 0 0 0 0 0 0 0 0 0 1 0 0 1 1 0 0 1
 0 1 0 1 0 1 1 0 0 0 1 0 0 0 0 0 0 0 1 0 0 0 1 0 0 0 0 1 0 0 1 0 0 1 0 1 0]",20
420,4,gad7,9,PCA,SVC,1,0.5714285714285714,0.4594594594594595,40,11,48,12,"[1 1 1 1 1 1 1 1 0 1 1 1 1 1 1 1 1 0 1 0 1 0 1 1 1 0 1 1 1 0 1 1 1 1 0 1 1
 1 0 1 1 1 1 1 0 0 1 1 1 1 1 1 1 1 1 0 0 1 1 1 1 1 1 0 1 1 1 1 1 0 1 0 1 1
 1 1 1 1 1 1 1 0 1 0 1 1 1 0 1 1 1 0 1 1 1 1 0 1 0 1 1 1 0 1 1 1 1 1 1 1 0]",21
421,4,gad7,9,PCA,kNN,1,0.4077669902912621,0.45045045045045046,21,29,30,31,"[1 1 0 1 1 0 1 1 1 1 1 1 0 0 0 0 0 0 0 0 0 0 0 0 1 0 0 0 0 0 1 0 1 1 0 1 1
 0 0 1 0 0 1 0 0 1 1 1 0 1 0 1 0 0 0 0 1 1 0 0 1 0 0 0 0 1 1 0 1 1 0 0 0 1
 1 0 0 1 1 1 1 0 0 1 0 0 1 0 0 1 0 0 1 1 0 0 0 1 1 1 0 1 0 1 1 1 0 1 0 1 1]",21
422,4,gad7,9,PCA,RF,1,0.3695652173913044,0.4774774774774775,17,36,23,35,"[1 0 1 1 0 0 1 1 0 1 1 1 0 0 0 0 0 0 1 0 0 0 0 0 1 0 0 0 1 0 1 1 1 0 0 0 0
 0 0 0 0 0 1 0 0 0 0 0 0 1 0 1 0 1 1 0 1 1 0 0 1 0 0 0 0 0 1 0 1 1 0 0 0 0
 1 1 1 0 0 1 1 0 0 1 1 0 1 0 0 1 0 0 0 1 0 0 0 0 0 1 0 0 0 1 0 0 1 1 0 0 1]",21
423,4,gad7,9,PCA,LR,1,0.48,0.4144144144144144,30,16,43,22,"[0 1 1 1 1 1 1 1 0 1 1 1 1 1 1 1 1 0 1 0 1 0 0 1 0 0 1 1 1 0 1 1 0 1 0 1 1
 1 0 0 1 1 1 1 0 0 1 1 1 1 1 1 0 1 1 0 0 0 1 0 1 0 1 0 1 1 1 1 1 0 0 0 1 1
 1 1 1 1 1 1 0 0 1 0 1 1 0 0 1 1 1 0 1 1 1 1 0 1 0 1 1 1 0 1 0 1 1 1 0 0 0]",21
424,4,gad7,9,PCA,XG,1,0.39175257731958757,0.46846846846846846,19,33,26,33,"[1 0 0 1 0 0 1 1 1 1 1 1 0 0 0 0 0 0 1 0 0 0 0 0 1 0 0 0 1 1 1 1 1 0 0 0 0
 0 0 0 0 0 1 0 1 0 1 1 0 1 0 1 0 1 1 0 1 1 0 0 1 0 0 0 0 0 1 0 1 1 0 1 0 0
 1 0 0 1 1 1 1 1 0 1 1 0 1 0 0 1 0 0 0 1 0 0 0 0 0 1 0 0 0 1 0 0 0 1 0 0 1]",21
425,4,gad7,9,PCA,SVC,2,0.5172413793103449,0.4954954954954955,30,25,34,22,"[1 1 1 0 1 1 0 0 0 1 1 1 0 0 1 1 1 0 1 0 0 0 1 1 1 0 1 1 1 0 0 1 0 0 0 1 1
 1 0 1 1 1 0 1 0 0 1 1 1 0 0 0 0 1 1 0 0 1 1 1 0 1 1 0 1 0 1 1 1 0 1 0 1 0
 0 1 1 1 1 0 1 0 1 0 1 1 1 0 0 1 0 0 1 1 0 0 0 1 0 1 1 1 0 1 1 0 1 1 1 1 0]",21
426,4,gad7,9,PCA,kNN,2,0.3689320388349514,0.4144144144144144,19,27,32,33,"[0 1 1 1 1 0 1 1 0 0 1 1 0 0 1 0 1 0 0 0 0 0 0 1 1 0 0 0 0 0 1 0 1 0 0 1 1
 0 0 1 0 0 0 1 0 0 1 1 0 1 1 0 1 1 0 0 1 1 1 0 0 0 0 0 1 1 1 0 1 0 1 0 1 0
 0 0 0 0 1 0 1 0 1 0 0 1 1 0 1 1 0 0 1 1 1 1 0 1 1 1 1 0 0 1 0 0 0 1 0 0 1]",21
427,4,gad7,9,PCA,RF,2,0.3655913978494624,0.46846846846846846,17,35,24,35,"[1 1 1 0 1 0 1 0 0 0 1 1 0 0 0 0 0 0 0 0 0 0 0 1 1 0 0 0 0 1 1 0 0 0 0 1 1
 0 0 1 0 0 0 1 1 0 1 1 0 1 1 0 0 0 0 0 1 0 0 0 0 0 0 0 1 1 0 0 1 0 1 0 1 0
 0 0 0 1 1 1 1 0 1 0 0 0 1 0 1 1 0 0 0 1 0 0 0 0 1 1 1 0 0 1 0 0 0 0 0 1 1]",21
428,4,gad7,9,PCA,LR,2,0.3820224719101124,0.5045045045045045,17,39,20,35,"[0 1 1 0 1 1 0 0 0 0 1 1 0 0 0 0 0 0 1 0 0 0 0 0 0 0 1 0 0 0 0 0 0 0 0 1 1
 1 0 1 0 1 1 1 0 0 1 1 1 0 0 0 0 0 1 0 0 0 0 0 0 0 0 0 1 0 0 0 0 1 1 0 1 0
 0 1 0 1 1 1 0 0 1 1 1 1 1 1 0 1 0 0 0 1 0 0 0 0 0 0 1 0 0 0 0 0 1 0 0 0 0]",21
429,4,gad7,9,PCA,XG,2,0.42424242424242425,0.4864864864864865,21,33,26,31,"[0 1 1 0 1 0 1 0 0 0 1 1 0 0 0 1 0 0 0 0 0 0 0 1 1 0 0 0 0 1 1 0 0 0 0 1 1
 0 0 1 0 0 0 1 1 0 1 1 0 1 0 0 0 1 0 0 1 0 1 0 0 0 0 0 1 1 0 0 1 0 1 1 1 0
 0 1 1 1 0 1 1 0 1 1 0 1 1 0 1 1 0 0 0 1 0 0 0 0 1 1 1 0 0 1 1 0 0 1 0 0 1]",21
430,4,gad7,9,PCA,SVC,3,0.48387096774193544,0.42342342342342343,30,17,42,22,"[0 1 1 1 1 1 1 0 0 1 1 1 1 1 1 1 0 0 1 0 0 0 0 1 1 0 1 1 1 0 1 1 1 0 0 1 1
 1 0 1 1 1 0 1 0 0 1 1 1 1 1 0 0 1 1 0 0 1 1 0 0 1 1 0 1 1 1 1 1 0 1 0 1 1
 0 1 1 1 1 0 1 0 1 0 1 1 1 0 1 1 0 0 1 1 1 1 0 1 0 1 1 1 0 1 1 0 1 1 1 0 0]",21
431,4,gad7,9,PCA,kNN,3,0.4761904761904762,0.5045045045045045,25,31,28,27,"[1 1 1 1 1 1 1 0 0 1 1 1 1 1 1 1 0 0 0 0 0 0 0 1 1 0 0 0 0 1 1 0 1 0 0 0 1
 0 0 1 0 1 0 1 0 0 1 1 1 1 1 0 1 1 0 0 1 1 0 0 0 1 0 0 1 1 0 0 0 0 1 0 1 1
 0 0 0 0 1 0 1 0 1 0 0 0 1 0 1 1 0 0 1 1 0 1 0 1 0 0 1 1 0 1 0 0 0 0 0 1 1]",21
432,4,gad7,9,PCA,RF,3,0.3655913978494624,0.46846846846846846,17,35,24,35,"[1 1 0 0 1 0 1 0 0 0 1 1 0 0 0 0 1 0 0 0 0 0 0 1 1 0 0 0 0 0 1 0 0 0 0 1 1
 0 0 1 0 0 0 1 1 0 1 1 0 1 1 0 0 0 0 0 1 0 0 0 0 1 0 0 1 1 0 0 1 1 0 0 1 0
 0 0 0 0 1 1 1 1 0 1 0 0 1 0 1 1 0 0 0 1 0 0 0 1 1 0 1 0 0 1 0 0 0 1 0 0 1]",21
433,4,gad7,9,PCA,LR,3,0.3820224719101124,0.5045045045045045,17,39,20,35,"[0 1 1 0 1 1 0 0 0 0 1 1 0 0 0 0 0 0 1 0 0 0 0 0 0 0 1 0 0 0 0 0 0 0 0 1 1
 1 0 1 0 1 1 1 0 0 1 1 1 0 0 0 0 0 1 0 0 0 0 0 0 0 0 0 1 0 0 0 0 1 1 0 1 0
 0 1 0 1 1 1 0 0 1 1 1 1 1 1 0 1 0 0 0 1 0 0 0 0 0 0 1 0 0 0 0 0 1 0 0 0 0]",21
434,4,gad7,9,PCA,XG,3,0.37254901960784315,0.42342342342342343,19,28,31,33,"[1 1 1 0 1 0 1 0 0 1 1 1 0 0 0 0 1 0 0 0 0 0 0 1 1 0 1 0 0 1 1 0 0 0 0 1 1
 0 0 1 0 0 0 1 1 0 1 0 0 1 0 0 1 1 0 0 1 1 1 0 0 1 0 0 1 0 0 0 1 1 1 1 0 0
 0 0 1 0 1 1 1 0 1 1 1 0 1 0 1 1 0 0 0 1 0 0 0 1 1 1 1 0 0 1 0 0 0 1 0 0 1]",21
435,4,gad7,9,PCA,SVC,4,0.512,0.45045045045045046,32,18,41,20,"[0 1 1 1 1 1 1 0 0 1 1 1 1 1 1 1 1 0 1 0 1 0 0 1 1 0 1 1 1 0 1 1 1 1 0 1 1
 1 0 1 1 1 0 1 0 0 1 1 1 1 1 0 0 1 1 0 0 1 1 0 0 1 1 0 1 0 1 1 1 0 1 0 1 0
 0 1 1 1 1 0 1 0 1 0 1 1 1 0 1 1 0 0 1 1 1 1 0 1 0 1 1 1 0 1 1 0 1 1 1 0 0]",21
436,4,gad7,9,PCA,kNN,4,0.45999999999999996,0.5135135135135135,23,34,25,29,"[1 0 1 1 1 0 1 0 0 1 1 1 0 0 0 1 1 0 0 0 0 0 0 1 1 0 0 0 0 1 1 0 1 0 0 0 1
 0 0 1 1 1 0 1 1 0 1 1 1 1 1 1 0 0 0 0 1 1 0 0 0 1 1 0 1 1 0 0 1 0 1 1 1 0
 0 0 0 0 1 0 0 0 1 0 0 0 1 0 1 1 0 0 1 1 1 0 0 0 1 0 1 0 0 0 1 0 0 0 0 0 0]",21
437,4,gad7,9,PCA,RF,4,0.42000000000000004,0.4774774774774775,21,32,27,31,"[1 1 1 1 1 0 1 0 1 0 1 1 0 0 0 0 1 0 0 0 0 0 0 1 1 0 0 0 0 1 1 0 0 0 0 1 1
 0 0 1 0 0 0 1 1 1 1 0 0 1 1 0 0 0 0 0 1 0 0 0 0 1 0 0 1 1 0 0 1 1 0 1 1 0
 0 0 0 0 1 1 1 1 0 1 0 0 1 0 1 1 0 0 1 1 0 0 0 1 1 1 1 0 0 1 0 0 0 1 0 0 1]",21
438,4,gad7,9,PCA,LR,4,0.4423076923076923,0.4774774774774775,23,30,29,29,"[0 1 1 1 1 1 0 0 0 0 1 1 0 1 0 1 0 0 1 0 0 0 0 1 1 0 1 0 0 0 0 1 0 0 0 1 1
 1 0 1 0 1 0 1 0 0 1 1 1 0 0 1 0 1 1 0 0 0 0 0 0 1 0 0 1 1 1 0 1 0 1 0 1 0
 0 1 1 1 1 0 1 0 1 0 1 1 1 1 0 1 0 0 0 1 0 0 0 1 0 1 1 0 0 1 1 0 1 1 0 0 0]",21
439,4,gad7,9,PCA,XG,4,0.4444444444444444,0.5045045045045045,22,34,25,30,"[1 1 0 0 1 0 1 0 1 1 1 1 0 0 0 0 1 0 0 0 0 0 0 1 1 0 0 0 0 1 1 0 0 0 0 1 1
 0 0 1 1 0 0 1 1 1 1 0 0 1 1 0 1 0 0 0 1 0 0 0 0 1 0 0 1 1 0 0 1 0 1 1 1 0
 0 0 0 1 1 1 1 1 0 1 0 0 1 0 1 1 0 0 0 1 0 0 0 1 0 0 1 0 0 1 0 0 0 1 0 0 1]",21
440,4,gad7,9,PCA,SVC,1,0.21052631578947367,0.4594594594594595,8,43,16,44,"[0 0 0 1 1 0 0 0 1 0 0 1 0 1 0 1 0 0 0 0 0 0 0 0 0 0 0 0 1 0 0 0 0 0 0 0 0
 0 0 0 0 0 0 0 0 1 0 0 1 0 1 1 0 1 0 0 0 1 0 0 0 0 0 0 0 0 0 1 0 0 1 0 0 1
 0 0 0 0 0 1 0 1 0 0 0 1 0 0 0 1 0 0 0 0 0 0 0 0 0 1 0 0 0 0 0 1 1 1 0 0 0]",22
441,4,gad7,9,PCA,kNN,1,0.45999999999999996,0.5135135135135135,23,34,25,29,"[0 1 1 1 0 1 0 1 1 1 0 1 1 0 1 1 1 0 1 1 0 1 1 1 1 0 0 1 1 0 0 0 0 0 0 0 1
 0 0 0 0 0 1 0 1 0 0 1 1 0 0 1 1 0 0 0 0 0 0 1 0 1 0 0 0 0 0 1 1 0 1 0 0 1
 0 0 0 1 1 1 0 1 1 0 0 0 0 0 0 1 0 0 0 0 0 0 1 0 1 0 1 1 0 0 1 1 1 1 0 0 1]",22
442,4,gad7,9,PCA,RF,1,0.40404040404040403,0.46846846846846846,20,32,27,32,"[0 1 1 1 0 0 1 0 1 1 0 0 0 0 0 1 1 0 1 0 0 1 1 0 0 0 0 1 1 0 1 0 0 0 0 1 1
 0 0 0 0 0 1 0 0 1 0 0 1 0 0 0 1 0 1 0 0 1 0 1 0 0 1 0 1 0 1 1 1 1 1 0 1 1
 0 1 0 0 0 1 0 1 1 0 0 1 1 0 0 1 0 0 0 0 0 0 0 1 1 1 0 1 0 1 0 1 0 1 0 0 1]",22
443,4,gad7,9,PCA,LR,1,0.5481481481481482,0.45045045045045046,37,13,46,15,"[1 1 1 1 1 1 1 1 1 0 1 1 0 1 1 1 1 1 1 1 0 1 0 1 0 0 0 1 1 1 0 1 1 0 1 1 1
 0 1 0 1 1 1 0 1 1 1 1 1 0 1 1 0 1 1 1 0 1 1 1 0 1 1 1 1 1 1 1 1 1 1 0 1 1
 1 1 1 1 1 1 0 1 1 0 0 1 1 0 0 1 1 1 0 0 1 0 1 1 1 1 0 1 1 0 1 1 1 1 1 0 1]",22
444,4,gad7,9,PCA,XG,1,0.3636363636363637,0.4954954954954955,16,39,20,36,"[0 1 1 1 0 0 0 0 1 1 0 0 1 0 0 1 1 0 1 0 0 1 1 0 0 0 0 1 1 0 0 0 0 0 0 0 1
 0 0 0 0 0 1 0 0 1 0 0 1 0 0 0 1 0 1 0 0 1 0 1 0 0 0 0 0 0 0 1 1 0 1 0 0 1
 0 0 0 0 0 1 0 1 1 0 0 1 0 0 0 1 0 0 0 0 0 0 0 1 1 0 0 1 0 0 0 1 0 1 0 0 1]",22
445,4,gad7,9,PCA,SVC,2,0.2650602409638554,0.45045045045045046,11,39,20,41,"[0 1 0 1 1 1 0 0 0 0 0 1 0 1 1 1 0 0 0 1 0 0 0 0 0 0 0 0 1 0 0 0 0 0 0 0 1
 0 1 0 0 0 0 0 0 0 1 0 1 0 1 1 0 0 0 1 0 1 1 0 0 0 0 0 0 0 1 1 0 0 1 0 0 1
 0 1 1 1 0 0 0 0 1 0 0 1 1 0 0 0 0 0 0 0 1 0 0 0 0 1 0 0 0 0 0 0 0 0 0 0 0]",22
446,4,gad7,9,PCA,kNN,2,0.40860215053763443,0.5045045045045045,19,37,22,33,"[0 0 1 1 0 0 0 1 0 0 1 1 1 1 1 1 0 1 0 1 0 0 1 0 0 1 0 0 1 0 0 0 1 1 0 0 0
 0 0 0 0 0 1 0 0 1 1 1 1 0 1 1 1 0 0 0 0 1 0 0 0 0 0 1 0 0 0 1 0 0 1 0 0 1
 1 0 1 0 0 0 1 0 1 0 1 1 0 1 0 0 1 0 0 1 0 0 1 0 0 0 0 0 0 0 0 0 0 0 1 0 1]",22
447,4,gad7,9,PCA,RF,2,0.2619047619047619,0.44144144144144143,11,38,21,41,"[0 0 1 1 0 0 1 1 1 0 0 1 0 1 0 1 0 1 0 0 0 0 0 0 0 0 0 0 0 0 0 1 0 0 0 0 0
 0 0 0 0 0 1 0 0 1 1 0 1 0 0 1 1 0 0 0 1 1 0 0 0 0 0 0 0 0 0 1 0 0 1 0 0 1
 0 1 0 1 0 1 0 0 1 0 0 1 0 0 0 1 0 0 0 0 0 0 1 0 0 1 0 0 0 0 1 0 0 0 1 0 1]",22
448,4,gad7,9,PCA,LR,2,0.3655913978494624,0.46846846846846846,17,35,24,35,"[0 1 0 1 1 1 1 0 0 0 0 1 0 1 1 1 0 0 0 1 0 0 0 0 0 0 0 0 1 0 0 1 0 1 0 0 1
 0 1 0 0 0 0 1 0 0 1 0 1 0 1 1 0 0 1 1 1 1 1 0 0 0 0 0 0 0 1 1 0 0 1 0 0 1
 0 1 1 1 0 0 0 0 1 0 1 1 1 1 0 1 0 0 0 1 1 0 0 0 0 1 0 0 0 0 0 0 0 0 0 0 0]",22
449,4,gad7,9,PCA,XG,2,0.30952380952380953,0.4774774774774775,13,40,19,39,"[0 0 1 1 0 0 0 0 1 0 0 1 0 0 1 1 1 0 0 0 0 0 0 0 1 0 0 0 1 0 0 0 0 0 0 0 0
 1 1 0 0 0 1 0 0 0 0 0 1 1 1 0 0 0 0 0 1 1 0 0 0 0 0 0 1 0 1 1 0 0 0 0 0 1
 0 0 0 1 0 1 0 0 1 0 0 0 0 0 0 1 0 0 1 0 0 0 1 0 1 1 0 0 0 0 0 1 0 0 1 0 1]",22
450,4,gad7,9,PCA,SVC,3,0.3516483516483517,0.46846846846846846,16,36,23,36,"[0 1 0 1 1 1 1 0 0 1 0 1 1 1 1 1 0 0 0 1 0 0 0 0 0 0 0 0 1 0 0 1 0 0 0 0 1
 0 1 0 0 0 0 0 0 1 1 0 1 0 1 1 0 0 0 1 1 1 1 0 0 0 0 0 0 0 1 1 0 0 1 0 0 1
 0 1 1 1 0 0 0 0 1 0 0 1 1 0 0 1 0 0 0 0 1 0 0 0 0 1 1 0 0 0 0 0 0 0 0 0 0]",22
451,4,gad7,9,PCA,kNN,3,0.49019607843137253,0.5315315315315315,25,34,25,27,"[0 1 1 1 0 1 0 1 0 0 0 1 1 1 1 1 0 1 0 0 1 0 0 0 0 1 1 1 0 0 0 0 1 1 0 1 0
 0 0 1 0 0 0 0 0 1 1 1 1 0 1 1 0 0 0 0 0 1 0 1 0 1 0 0 0 0 1 1 0 0 1 1 0 1
 1 0 0 1 0 0 1 0 1 1 1 1 0 1 0 1 1 0 0 1 0 1 1 1 0 0 0 1 0 0 0 0 0 0 1 0 1]",22
452,4,gad7,9,PCA,RF,3,0.3448275862068965,0.4864864864864865,15,39,20,37,"[0 0 1 1 0 0 0 1 0 0 0 1 1 1 1 1 0 1 0 0 0 0 0 0 0 0 0 1 1 0 0 0 0 0 0 0 1
 0 1 0 0 0 0 0 0 1 0 0 1 1 0 1 1 0 0 0 0 1 0 1 0 0 1 0 0 0 1 1 0 0 0 0 0 1
 0 0 0 1 0 0 0 0 1 0 0 1 0 0 0 1 1 0 0 0 0 0 1 1 0 0 0 0 0 1 1 0 0 0 1 1 0]",22
453,4,gad7,9,PCA,LR,3,0.42000000000000004,0.4774774774774775,21,32,27,31,"[0 1 0 1 1 1 1 0 0 0 0 1 1 1 1 1 0 0 0 1 0 0 0 1 0 0 0 0 1 0 0 1 0 1 0 0 1
 0 1 0 0 0 0 1 0 1 1 0 1 0 1 1 0 1 0 1 1 1 1 0 0 0 0 0 1 0 1 1 0 0 1 0 0 1
 0 1 1 1 0 0 0 1 1 0 1 1 1 1 0 1 0 0 0 1 1 0 0 0 0 1 0 0 0 0 0 0 1 1 0 0 0]",22
454,4,gad7,9,PCA,XG,3,0.4175824175824176,0.5225225225225225,19,39,20,33,"[1 0 1 1 0 0 0 1 1 0 0 1 1 0 1 1 0 1 0 0 0 0 0 0 0 0 0 1 1 0 0 0 0 0 0 0 1
 0 1 0 0 0 1 0 0 0 0 0 1 1 1 1 1 0 0 1 0 1 0 1 0 0 1 0 0 0 1 1 0 0 0 0 1 1
 0 0 0 1 0 0 0 0 1 0 0 0 0 0 0 1 1 0 1 0 0 0 1 0 0 0 0 1 0 1 0 0 0 0 1 1 1]",22
455,4,gad7,9,PCA,SVC,4,0.34782608695652173,0.4594594594594595,16,35,24,36,"[0 1 0 1 1 1 1 0 0 1 0 1 1 1 1 1 0 0 0 1 0 0 0 0 0 0 0 1 1 0 0 1 0 0 0 0 1
 0 1 0 0 0 0 0 0 1 1 0 1 0 1 1 0 0 0 1 1 1 1 0 0 0 0 0 0 0 1 1 0 0 1 0 0 1
 0 1 1 1 0 0 0 0 1 0 0 1 1 0 0 1 0 0 0 0 1 0 0 0 0 1 1 0 0 0 0 0 0 0 0 0 0]",22
456,4,gad7,9,PCA,kNN,4,0.4587155963302752,0.46846846846846846,25,27,32,27,"[0 1 1 1 1 1 0 1 0 0 0 1 1 1 0 1 0 1 0 0 1 0 0 0 0 1 1 1 1 1 0 0 0 1 0 1 0
 0 0 1 1 0 0 0 1 1 0 1 1 1 1 1 0 1 0 0 0 1 0 0 0 0 0 1 0 0 1 1 1 0 1 1 0 1
 1 0 1 1 1 1 1 0 1 1 1 1 0 1 0 0 1 1 0 0 0 1 1 1 0 0 0 1 0 0 0 1 0 0 1 0 1]",22
457,4,gad7,9,PCA,RF,4,0.29268292682926833,0.4774774774774775,12,41,18,40,"[0 0 1 1 0 0 0 1 0 1 0 1 1 1 1 1 0 1 0 0 0 0 0 0 0 0 0 0 1 0 0 0 0 0 0 0 0
 0 0 0 0 0 0 0 0 1 0 0 1 0 0 1 0 0 0 0 0 1 0 0 0 0 1 0 0 1 1 1 0 0 1 0 0 1
 0 0 0 1 0 0 0 0 1 0 0 1 0 0 0 1 1 0 0 0 0 0 1 0 0 0 0 0 0 1 0 0 0 0 1 0 1]",22
458,4,gad7,9,PCA,LR,4,0.3877551020408163,0.4594594594594595,19,32,27,33,"[0 1 0 1 1 1 1 0 0 0 0 1 0 1 1 1 0 0 0 1 0 0 0 0 0 0 0 0 1 0 0 1 0 1 0 0 1
 0 1 0 0 0 0 1 0 1 1 0 1 0 1 1 0 1 0 1 1 1 1 0 0 0 0 0 0 0 1 1 0 0 1 0 0 1
 0 1 1 1 0 0 0 1 1 0 1 1 1 1 0 1 0 0 0 1 1 0 0 0 0 1 0 0 0 0 0 1 1 1 0 0 0]",22
459,4,gad7,9,PCA,XG,4,0.3255813953488372,0.4774774774774775,14,39,20,38,"[0 0 1 1 0 0 0 1 0 0 0 1 1 0 0 1 0 1 0 0 0 0 0 0 0 0 0 1 1 0 0 0 0 0 0 0 1
 0 0 0 0 0 0 0 0 1 0 0 1 0 0 1 0 0 0 0 0 1 0 1 0 0 1 0 0 1 1 1 1 0 1 0 1 1
 0 0 0 1 0 0 0 0 1 0 1 1 1 1 0 1 0 0 0 0 0 0 0 0 0 1 0 1 0 1 1 0 0 0 0 0 0]",22
460,4,gad7,9,PCA,SVC,1,0.30952380952380953,0.4774774774774775,13,40,19,39,"[0 1 1 0 0 0 0 1 1 0 0 0 1 0 0 1 0 0 0 0 0 0 0 0 0 0 0 0 0 0 0 0 1 0 0 1 1
 0 0 1 0 0 0 0 1 1 1 0 1 0 0 1 0 0 0 0 0 0 0 0 0 1 1 0 1 0 0 1 1 0 0 1 0 0
 1 0 1 1 0 0 0 0 0 0 1 0 1 0 0 0 0 0 1 1 1 0 0 1 0 0 1 0 0 1 0 0 0 0 0 0 0]",23
461,4,gad7,9,PCA,kNN,1,0.3448275862068965,0.4864864864864865,15,39,20,37,"[0 1 1 0 1 0 1 1 0 0 0 0 0 0 0 1 0 0 1 0 0 0 0 1 0 0 0 0 0 1 0 0 0 0 0 0 1
 0 0 1 0 1 0 0 1 0 1 0 1 0 0 1 1 1 0 1 0 1 0 0 1 0 1 1 0 0 0 1 1 0 0 1 0 0
 1 0 0 1 0 0 0 0 0 0 1 1 0 0 0 0 0 0 0 0 0 0 0 0 1 0 0 0 1 1 0 0 0 1 0 1 0]",23
462,4,gad7,9,PCA,RF,1,0.3448275862068965,0.4864864864864865,15,39,20,37,"[0 1 1 0 0 0 1 1 1 0 0 0 0 0 0 1 0 0 1 1 0 1 0 1 0 0 1 0 0 1 0 0 0 0 0 1 1
 0 0 1 0 0 0 1 0 1 0 0 0 0 0 1 1 1 0 1 0 1 0 0 1 0 0 0 0 0 0 0 1 0 0 1 1 0
 0 0 0 0 0 0 0 0 0 0 1 1 1 0 0 1 0 0 0 1 0 0 0 0 0 0 0 1 0 0 0 0 0 1 1 1 0]",23
463,4,gad7,9,PCA,LR,1,0.5736434108527132,0.5045045045045045,37,19,40,15,"[1 1 0 1 1 1 0 1 1 0 1 1 1 1 0 0 1 1 1 0 1 1 1 1 1 1 1 1 1 1 1 1 0 1 1 0 0
 1 1 1 1 1 1 1 0 1 0 0 0 1 1 1 0 1 1 1 1 1 0 0 1 0 0 1 1 1 1 0 0 1 0 0 1 1
 0 1 1 1 1 1 1 1 1 1 1 1 0 1 1 1 1 0 0 1 0 1 1 0 1 0 0 1 1 0 0 1 1 1 0 1 0]",23
464,4,gad7,9,PCA,XG,1,0.26829268292682923,0.4594594594594595,11,40,19,41,"[0 1 1 0 0 0 1 1 1 0 0 0 0 0 0 1 0 0 1 0 0 1 0 1 0 0 0 0 0 1 0 0 0 0 0 1 1
 0 0 1 0 0 0 1 0 1 0 0 0 0 0 1 1 1 0 1 0 1 0 0 1 0 0 0 0 0 0 0 1 0 0 1 1 0
 0 0 0 1 0 0 0 0 0 0 1 1 1 0 0 1 0 0 0 1 0 0 0 0 0 0 0 0 0 0 0 0 0 0 0 0 0]",23
465,4,gad7,9,PCA,SVC,2,0.2439024390243902,0.44144144144144143,10,39,20,42,"[0 1 0 0 0 0 0 1 1 0 0 0 1 0 0 1 0 0 0 0 0 0 0 0 0 0 0 0 0 0 0 0 0 0 0 1 1
 1 0 1 0 1 0 1 0 1 1 0 0 0 0 1 0 0 0 0 1 0 0 0 0 1 1 0 1 0 0 1 1 0 0 1 0 0
 1 0 0 1 0 0 0 0 0 0 1 0 0 0 0 0 0 0 0 1 0 0 0 1 0 0 1 0 0 1 0 0 0 1 0 1 0]",23
466,4,gad7,9,PCA,kNN,2,0.3689320388349514,0.4144144144144144,19,27,32,33,"[1 1 0 1 0 0 1 1 1 1 0 1 0 0 0 1 1 0 0 0 0 1 0 0 1 1 1 0 0 1 0 0 1 0 0 1 1
 1 0 1 0 1 0 0 0 1 1 0 1 0 0 1 0 1 0 0 0 1 0 0 0 1 1 1 1 0 0 1 1 0 1 1 0 1
 1 0 0 0 1 1 1 0 1 0 1 0 0 1 1 0 0 0 0 1 0 0 1 1 1 0 1 0 0 1 0 0 0 0 0 0 1]",23
467,4,gad7,9,PCA,RF,2,0.24096385542168675,0.43243243243243246,10,38,21,42,"[0 1 0 0 0 0 1 1 0 1 0 1 0 0 0 1 0 0 1 0 0 0 0 0 0 0 1 0 1 1 0 0 0 0 0 1 1
 0 0 1 0 1 0 0 0 1 0 0 0 0 0 1 1 1 0 1 0 0 0 0 0 0 0 1 0 0 0 0 1 0 1 1 0 0
 0 0 0 0 0 1 0 0 0 0 1 0 0 0 0 1 0 0 0 1 0 0 0 1 0 0 1 0 0 0 0 0 0 0 1 0 1]",23
468,4,gad7,9,PCA,LR,2,0.3764705882352941,0.5225225225225225,16,42,17,36,"[0 1 1 0 1 0 0 1 1 0 0 0 1 0 0 0 0 1 0 0 1 0 1 0 1 0 0 0 1 0 0 1 1 0 1 0 0
 1 0 1 0 1 0 1 1 1 0 0 0 0 0 1 0 0 1 0 1 0 0 0 0 0 0 0 1 1 0 0 0 0 0 0 0 0
 0 0 0 1 0 0 0 0 0 0 1 0 0 1 0 0 0 0 1 1 0 0 0 0 1 0 0 0 0 0 0 0 0 1 0 1 0]",23
469,4,gad7,9,PCA,XG,2,0.29268292682926833,0.4774774774774775,12,41,18,40,"[0 1 0 0 0 0 1 1 0 1 0 0 0 0 0 0 0 0 1 0 0 0 0 1 0 0 1 0 1 1 0 0 0 0 0 1 1
 0 0 1 0 1 0 0 0 1 0 0 0 0 0 1 1 1 0 0 0 0 0 0 0 0 0 1 0 0 0 0 1 0 1 1 0 0
 0 0 0 0 0 1 0 0 1 0 1 0 0 0 0 1 0 0 0 1 0 0 0 1 0 0 1 0 0 0 0 0 0 0 1 0 1]",23
470,4,gad7,9,PCA,SVC,3,0.4,0.4864864864864865,19,35,24,33,"[0 1 0 0 0 0 1 0 1 1 0 1 1 0 0 1 0 1 0 1 0 0 0 0 1 0 1 0 0 0 0 1 0 0 0 1 1
 1 0 1 0 1 0 1 0 1 1 0 1 0 0 1 0 0 0 0 1 0 0 0 0 1 1 0 1 0 0 1 1 0 1 1 0 0
 1 0 0 1 0 0 0 0 0 0 1 0 1 0 0 0 0 0 0 1 1 0 0 1 0 0 1 0 0 1 0 0 0 1 1 1 1]",23
471,4,gad7,9,PCA,kNN,3,0.4112149532710281,0.43243243243243246,22,26,33,30,"[0 1 0 1 0 0 1 1 1 1 0 1 1 1 0 1 0 0 1 0 1 0 0 0 1 1 1 1 0 1 1 0 0 0 0 1 1
 1 0 0 0 1 0 1 0 1 1 0 1 0 1 1 0 0 1 0 1 0 0 0 0 1 1 0 1 0 0 0 1 0 1 0 1 1
 1 0 0 1 0 1 1 1 0 0 1 1 0 1 0 1 0 0 0 1 0 0 1 1 1 0 1 1 1 1 0 0 0 0 0 1 0]",23
472,4,gad7,9,PCA,RF,3,0.24719101123595508,0.3963963963963964,11,33,26,41,"[0 1 0 1 0 0 1 1 1 1 0 1 1 0 0 1 0 0 1 0 0 0 0 0 0 1 1 1 0 1 0 0 0 0 0 1 1
 0 0 1 0 1 0 1 0 1 0 0 0 0 1 1 1 0 0 0 0 0 0 0 0 0 0 0 1 0 0 0 1 0 1 1 0 0
 0 0 0 0 0 1 0 0 0 0 1 0 0 0 0 1 0 0 0 1 0 0 1 1 0 0 1 1 0 0 0 0 0 1 0 0 1]",23
473,4,gad7,9,PCA,LR,3,0.3764705882352941,0.5225225225225225,16,42,17,36,"[0 1 1 0 1 0 0 1 1 0 0 0 1 0 0 0 0 1 0 0 1 0 1 0 1 0 0 0 1 0 0 1 1 0 1 0 0
 1 0 1 0 1 0 1 1 1 0 0 0 0 0 1 0 0 1 0 1 0 0 0 0 0 0 0 1 1 0 0 0 0 0 0 0 0
 0 0 0 1 0 0 0 0 0 0 1 0 0 1 0 0 0 0 1 1 0 0 0 0 1 0 0 0 0 0 0 0 0 1 0 1 0]",23
474,4,gad7,9,PCA,XG,3,0.3516483516483517,0.46846846846846846,16,36,23,36,"[0 1 0 0 0 0 1 1 0 1 0 1 0 0 0 0 0 0 1 0 0 0 0 0 0 1 1 1 1 1 0 0 0 0 0 1 1
 0 0 1 0 1 0 1 0 1 0 0 0 0 1 1 1 1 0 0 0 0 0 0 0 0 0 0 0 1 0 0 1 0 1 1 0 0
 0 0 0 0 0 1 0 0 0 0 1 0 1 0 0 1 0 0 0 1 0 1 0 1 0 0 1 1 1 0 1 0 0 0 1 1 1]",23
475,4,gad7,9,PCA,SVC,4,0.3516483516483517,0.46846846846846846,16,36,23,36,"[0 1 0 0 0 0 1 1 1 1 0 0 1 0 0 1 0 0 0 1 0 0 0 0 0 0 0 0 0 0 0 1 0 0 0 1 1
 1 0 1 0 1 0 1 0 1 1 0 1 0 0 1 0 0 0 0 0 0 0 0 0 1 1 0 1 0 0 1 1 0 1 1 0 0
 1 0 0 1 0 0 0 0 0 0 1 0 1 0 0 0 0 0 0 1 1 0 0 1 0 0 1 0 0 1 0 0 0 1 1 1 1]",23
476,4,gad7,9,PCA,kNN,4,0.40816326530612246,0.4774774774774775,20,33,26,32,"[1 1 0 1 0 0 1 1 1 1 0 0 1 0 0 1 0 0 0 1 0 0 0 1 0 1 0 1 0 1 1 0 0 0 0 1 1
 0 0 0 0 0 1 0 0 1 0 0 0 0 0 1 1 0 0 1 0 1 0 0 0 1 0 1 1 0 0 1 1 0 1 1 1 0
 0 0 0 1 0 1 1 0 0 1 1 0 1 0 0 0 0 0 0 1 0 0 1 1 0 0 1 0 1 1 0 0 1 0 0 1 1]",23
477,4,gad7,9,PCA,RF,4,0.3218390804597701,0.46846846846846846,14,38,21,38,"[1 1 0 1 0 0 1 1 0 1 0 0 0 0 0 1 0 0 1 0 0 0 0 1 0 1 1 1 0 1 0 0 0 0 0 0 1
 0 0 1 0 1 0 0 0 1 0 0 0 0 0 1 1 1 0 1 0 1 0 0 0 0 0 1 0 0 0 0 1 0 1 1 0 1
 0 0 0 0 0 1 0 0 0 0 1 0 1 0 0 1 0 0 0 1 0 0 1 0 0 0 1 0 0 0 0 0 1 0 0 0 0]",23
478,4,gad7,9,PCA,LR,4,0.47058823529411764,0.5135135135135135,24,33,26,28,"[1 1 1 1 1 0 0 1 1 0 0 0 1 0 0 1 1 1 0 0 1 0 1 1 1 0 0 0 1 0 0 1 1 1 0 0 1
 1 1 1 0 1 0 1 1 1 1 0 1 0 0 1 0 0 1 1 1 0 0 0 0 1 1 0 1 1 0 0 0 0 0 0 0 0
 1 0 0 1 0 0 0 0 0 0 1 1 0 1 0 0 0 0 1 1 1 0 0 0 1 0 0 0 0 1 0 0 1 1 0 1 0]",23
479,4,gad7,9,PCA,XG,4,0.39999999999999997,0.5135135135135135,18,39,20,34,"[0 1 0 1 0 0 1 1 0 1 0 0 0 0 0 1 0 0 1 0 0 1 0 1 0 1 1 1 1 1 0 0 0 0 0 0 1
 0 0 0 0 1 0 1 0 1 0 0 0 0 1 1 1 0 0 0 0 0 0 0 0 0 0 1 0 0 0 0 1 0 1 1 0 1
 0 0 0 0 0 1 0 0 0 0 1 0 1 0 0 1 0 0 0 1 0 1 1 1 0 0 1 1 1 0 0 0 0 0 0 1 0]",23
480,4,gad7,9,PCA,SVC,1,0.3111111111111111,0.44144144144144143,14,35,24,38,"[0 0 0 0 0 1 0 0 0 1 0 1 0 1 1 1 1 0 0 0 1 0 0 0 0 0 1 0 0 1 1 0 0 0 0 0 0
 1 0 0 0 1 1 1 0 0 0 1 1 0 0 1 1 0 0 1 0 1 1 0 0 0 1 0 0 0 1 1 0 0 0 0 0 1
 0 0 0 0 0 1 0 0 0 0 0 0 1 0 0 1 0 1 0 0 1 0 1 0 0 1 0 0 1 0 1 1 0 1 0 0 1]",24
481,4,gad7,9,PCA,kNN,1,0.4583333333333333,0.5315315315315315,22,37,22,30,"[0 0 1 1 0 0 1 1 0 1 0 0 0 1 1 0 1 0 1 1 1 0 1 1 0 0 1 0 0 1 0 0 1 0 1 0 0
 0 0 1 0 0 1 0 0 0 0 0 1 0 0 1 0 0 0 1 0 0 1 1 1 0 1 0 1 0 1 0 0 0 1 0 0 1
 0 0 0 0 0 1 0 0 1 0 0 0 1 0 0 1 0 1 0 1 1 1 1 0 1 0 0 1 1 0 0 0 0 1 0 0 1]",24
482,4,gad7,9,PCA,RF,1,0.4545454545454546,0.5675675675675675,20,43,16,32,"[1 0 0 0 1 0 0 1 1 0 0 0 1 0 0 0 0 0 0 1 0 1 1 1 0 0 0 0 0 1 0 0 1 0 1 0 1
 0 0 1 1 0 0 1 0 0 0 0 0 0 1 0 0 0 0 1 0 1 1 1 1 0 1 1 1 0 1 0 0 0 0 0 0 0
 0 0 0 0 0 1 1 0 0 0 0 0 1 0 0 1 0 1 0 0 0 1 0 0 1 0 0 0 1 1 0 0 0 0 0 0 1]",24
483,4,gad7,9,PCA,LR,1,0.583941605839416,0.4864864864864865,40,14,45,12,"[1 1 1 1 1 0 1 1 1 0 0 0 0 1 1 0 1 0 1 1 1 1 1 1 1 1 1 1 1 0 1 1 1 1 1 1 1
 1 1 1 1 1 0 0 1 1 1 0 1 1 1 1 0 1 1 1 1 0 0 1 1 1 1 0 1 1 1 1 1 1 1 1 1 1
 1 0 1 1 1 1 0 1 1 1 1 0 1 1 1 1 1 0 0 1 0 1 1 1 1 0 1 1 1 1 0 0 1 1 0 1 0]",24
484,4,gad7,9,PCA,XG,1,0.4545454545454546,0.5675675675675675,20,43,16,32,"[0 0 0 0 1 0 1 1 0 1 0 0 0 1 0 0 0 0 0 1 0 1 1 1 0 0 0 0 0 1 0 1 1 0 1 0 1
 0 0 1 1 0 0 1 0 0 0 0 1 0 1 0 0 0 0 1 0 1 1 1 1 0 1 0 1 0 1 0 0 0 0 0 0 0
 0 0 0 0 0 1 0 0 0 0 0 0 1 0 0 1 0 1 0 0 0 1 0 0 1 0 0 0 1 1 0 0 0 0 0 0 1]",24
485,4,gad7,9,PCA,SVC,2,0.42000000000000004,0.4774774774774775,21,32,27,31,"[0 0 0 1 1 1 0 1 1 1 0 1 0 1 1 1 1 0 0 0 1 0 1 0 1 0 0 1 0 1 0 1 0 0 1 0 0
 0 0 0 0 0 1 1 0 0 1 1 1 0 0 1 1 0 1 1 0 1 1 1 0 0 0 0 0 0 0 1 0 0 0 0 0 1
 0 0 1 0 1 1 0 0 0 0 1 0 1 1 0 1 1 1 0 0 1 0 0 0 0 1 0 0 0 1 1 1 0 1 0 0 1]",24
486,4,gad7,9,PCA,kNN,2,0.34,0.40540540540540543,17,28,31,35,"[1 1 0 0 0 0 0 0 1 1 0 0 0 1 1 0 1 0 0 0 1 0 1 1 1 1 0 0 0 0 0 0 1 0 1 0 0
 0 0 0 0 1 1 1 0 0 1 1 1 1 0 1 1 0 1 1 1 1 1 1 0 0 0 0 0 0 0 1 0 1 0 1 0 1
 0 0 0 1 1 1 0 1 1 0 1 0 1 1 0 1 0 0 0 0 1 0 1 0 0 1 0 0 0 1 0 0 0 0 0 1 1]",24
487,4,gad7,9,PCA,RF,2,0.36781609195402304,0.5045045045045045,16,40,19,36,"[0 0 0 1 1 1 0 0 0 1 0 0 1 1 0 0 1 0 0 0 0 0 0 1 1 0 0 0 0 0 0 0 1 0 1 0 0
 0 0 0 0 0 1 1 0 0 1 1 0 0 0 0 0 0 1 1 0 1 1 1 0 0 0 0 0 0 0 1 0 1 0 0 0 1
 0 0 0 0 1 1 0 0 1 0 1 0 1 1 0 1 0 1 0 0 1 0 0 0 0 0 0 0 0 1 0 0 0 1 0 0 1]",24
488,4,gad7,9,PCA,LR,2,0.3373493975903614,0.5045045045045045,14,42,17,38,"[0 0 0 1 1 1 0 1 1 0 0 0 0 1 1 0 1 0 0 0 1 0 1 0 1 0 0 1 0 0 0 1 0 0 1 0 0
 0 0 0 0 0 0 0 0 0 1 0 1 0 0 1 0 0 1 1 0 0 0 1 0 0 0 0 0 0 0 1 0 0 0 0 0 1
 0 0 1 0 1 1 0 0 0 0 1 0 1 1 0 0 1 0 0 0 0 0 0 0 0 0 0 0 0 1 0 0 0 1 0 0 0]",24
489,4,gad7,9,PCA,XG,2,0.2891566265060241,0.46846846846846846,12,40,19,40,"[0 0 0 0 1 0 0 0 0 1 0 0 0 1 0 0 1 0 0 0 0 0 1 1 1 0 0 0 0 0 0 1 1 0 1 0 0
 0 0 0 0 0 0 1 0 0 0 1 1 0 0 0 0 0 1 1 0 1 1 1 0 0 1 0 0 0 0 0 0 0 0 0 0 1
 1 0 0 0 1 1 0 0 0 0 1 0 1 0 0 1 0 1 0 0 1 0 0 0 0 0 0 0 0 1 0 0 0 1 0 0 1]",24
490,4,gad7,9,PCA,SVC,3,0.39999999999999997,0.43243243243243246,21,27,32,31,"[0 0 0 1 1 1 0 1 1 1 0 1 0 1 1 1 1 0 0 0 1 0 1 0 1 0 0 1 0 1 1 1 0 0 1 0 0
 0 0 0 0 1 1 1 0 0 1 1 1 0 0 1 0 0 1 1 0 1 1 1 0 0 1 0 0 0 1 1 0 0 0 0 0 1
 0 0 1 0 1 1 0 0 0 0 1 0 1 1 0 1 1 1 0 0 1 0 1 0 0 1 0 0 1 1 1 1 0 1 0 0 1]",24
491,4,gad7,9,PCA,kNN,3,0.4,0.4864864864864865,19,35,24,33,"[0 1 0 1 1 0 0 0 0 1 0 0 0 1 1 1 1 0 0 0 1 0 1 0 0 1 0 1 0 0 0 0 1 0 0 0 0
 0 0 0 0 0 1 1 1 0 1 1 1 0 0 1 0 0 1 1 0 1 1 0 0 0 0 0 0 0 1 0 0 0 0 1 0 1
 0 0 0 0 1 1 0 0 1 0 1 0 1 1 0 1 0 0 0 0 1 0 1 0 0 1 1 1 1 1 0 0 0 1 0 0 1]",24
492,4,gad7,9,PCA,RF,3,0.4999999999999999,0.5675675675675675,24,39,20,28,"[0 1 0 1 1 1 0 1 1 1 0 0 0 1 0 0 1 0 0 0 1 0 0 0 0 0 0 1 0 0 0 0 1 0 0 0 1
 1 0 0 0 0 1 1 1 0 1 1 0 0 1 0 0 0 1 1 0 1 1 0 1 0 0 0 1 0 0 1 0 0 0 1 0 1
 0 0 0 0 1 1 1 0 1 0 1 0 1 1 0 1 0 1 0 0 1 0 0 0 0 0 0 1 0 1 0 0 0 1 1 0 1]",24
493,4,gad7,9,PCA,LR,3,0.40384615384615385,0.44144144144144143,21,28,31,31,"[0 0 0 1 1 1 0 1 1 1 0 1 0 1 1 1 1 0 0 0 1 0 1 0 1 0 0 1 0 1 1 1 0 0 1 0 0
 0 0 0 0 1 1 1 0 0 1 1 1 0 0 1 0 0 1 1 0 1 1 1 0 0 1 0 0 0 1 1 0 0 0 0 0 1
 0 0 1 0 1 1 0 0 0 0 1 0 1 1 0 1 1 0 0 0 1 0 1 0 0 1 0 0 1 1 1 1 0 1 0 0 1]",24
494,4,gad7,9,PCA,XG,3,0.41666666666666663,0.4954954954954955,20,35,24,32,"[0 1 0 0 1 1 0 1 1 1 0 0 0 1 1 0 0 0 0 0 1 0 0 0 0 0 0 1 0 0 0 0 1 0 0 0 1
 0 0 0 0 0 1 1 1 0 1 1 1 0 1 0 0 0 0 1 0 1 1 0 1 0 1 1 1 1 0 0 0 0 1 1 0 1
 0 0 0 0 1 1 1 0 1 0 1 0 1 1 0 1 0 1 0 0 1 0 0 0 0 0 0 1 0 1 0 0 0 1 0 0 1]",24
495,4,gad7,9,PCA,SVC,4,0.4077669902912621,0.45045045045045046,21,29,30,31,"[0 0 0 1 1 1 0 1 1 1 0 1 0 1 1 1 1 0 0 0 1 0 1 0 1 0 0 1 0 1 0 1 0 0 1 0 0
 0 0 0 0 1 1 1 0 0 1 1 1 0 0 1 0 0 1 1 0 1 1 1 0 0 1 0 0 0 1 1 0 0 0 0 0 1
 0 0 1 0 1 1 0 0 0 0 1 0 1 1 0 1 1 0 0 0 1 0 1 0 0 1 0 0 1 1 1 1 0 1 0 0 1]",24
496,4,gad7,9,PCA,kNN,4,0.37894736842105264,0.46846846846846846,18,34,25,34,"[0 1 0 1 1 0 0 0 0 1 0 0 0 1 1 0 0 1 0 0 0 0 1 0 0 0 0 1 0 0 1 0 1 0 0 0 0
 0 0 0 0 0 1 1 0 0 1 0 1 0 1 1 1 0 1 1 1 1 1 0 1 1 0 1 1 0 0 0 1 0 0 1 0 0
 0 0 0 1 1 0 0 0 1 0 1 0 1 1 0 1 0 1 0 0 1 0 1 0 0 0 0 1 0 1 0 0 0 0 0 1 1]",24
497,4,gad7,9,PCA,RF,4,0.4565217391304348,0.5495495495495496,21,40,19,31,"[0 1 0 1 1 1 0 1 1 1 0 0 0 1 1 0 0 0 0 0 0 0 0 1 0 0 0 1 0 0 0 0 1 0 0 0 0
 0 0 0 0 0 1 1 0 0 1 0 1 0 1 1 0 0 0 1 0 1 1 0 1 0 0 0 1 0 0 0 0 0 0 1 0 1
 0 0 0 0 1 1 1 0 1 0 1 0 1 1 0 0 0 1 0 0 1 0 1 0 0 0 0 1 0 1 0 0 0 1 1 0 1]",24
498,4,gad7,9,PCA,LR,4,0.4123711340206186,0.4864864864864865,20,34,25,32,"[0 0 0 1 1 1 0 1 1 1 0 1 0 1 1 1 1 0 0 0 1 0 1 0 0 0 0 1 0 1 0 1 0 0 0 0 0
 0 1 0 0 0 1 1 0 0 1 1 1 0 0 1 0 0 1 1 0 1 1 1 0 0 0 0 0 0 0 1 0 0 0 0 0 1
 0 0 1 0 1 1 0 0 0 0 1 0 1 1 0 0 1 0 0 0 1 0 1 0 0 1 0 0 0 1 1 1 0 1 0 0 1]",24
499,4,gad7,9,PCA,XG,4,0.4444444444444444,0.5495495495495496,20,41,18,32,"[0 1 0 0 1 1 0 1 1 1 0 0 0 1 1 0 0 0 0 0 1 0 0 0 0 0 0 1 0 0 0 0 1 0 0 0 1
 0 0 0 0 0 0 0 1 0 0 0 1 0 1 1 0 0 0 1 0 1 1 0 1 0 1 0 1 1 0 0 0 0 1 1 0 1
 0 0 0 0 1 1 1 0 1 0 1 0 1 1 0 0 0 1 0 0 0 0 0 0 0 0 0 1 0 1 0 0 0 1 1 0 0]",24
500,4,gad7,9,PCA,SVC,1,0.4190476190476191,0.45045045045045046,22,28,31,30,"[1 1 0 1 0 0 0 0 0 0 0 0 1 1 1 1 0 1 1 0 0 1 1 1 0 1 1 1 1 1 1 0 0 0 0 0 1
 1 0 1 0 0 0 0 1 1 1 0 0 0 0 1 0 1 0 1 0 0 0 1 1 0 0 0 1 1 0 0 1 0 1 0 1 0
 1 1 0 1 1 1 0 0 1 0 0 1 1 1 0 0 0 0 0 0 0 0 1 1 1 1 0 0 0 1 0 1 0 1 1 1 1]",25
501,4,gad7,9,PCA,kNN,1,0.4112149532710281,0.43243243243243246,22,26,33,30,"[0 1 1 1 1 0 1 0 0 0 1 1 1 0 0 1 0 1 1 1 0 1 0 0 1 0 1 1 1 1 1 0 0 1 0 0 1
 1 0 0 1 0 0 0 0 1 0 0 0 0 0 0 0 0 0 1 1 1 1 0 0 0 1 0 1 0 1 0 1 1 1 0 0 1
 1 1 0 1 1 0 0 1 1 1 0 1 0 1 0 0 0 1 0 0 0 1 1 0 1 1 0 1 0 0 1 1 1 1 1 0 0]",25
502,4,gad7,9,PCA,RF,1,0.441860465116279,0.5675675675675675,19,44,15,33,"[1 0 0 0 0 0 1 0 0 0 0 1 0 1 0 1 0 1 0 1 0 1 0 0 1 0 1 0 1 0 1 1 0 0 1 0 1
 0 0 0 0 0 0 0 0 0 1 0 0 1 0 0 0 0 0 0 1 0 0 0 0 0 0 0 1 0 0 0 0 1 1 1 0 1
 0 1 0 0 0 0 0 1 1 1 0 1 0 1 1 0 0 0 0 0 0 0 1 0 1 0 0 1 0 0 0 0 1 0 0 0 0]",25
503,4,gad7,9,PCA,LR,1,0.3116883116883117,0.5225225225225225,12,46,13,40,"[0 0 0 1 0 0 0 0 0 0 0 0 1 1 1 1 0 0 0 0 0 0 1 0 0 0 0 0 0 0 1 0 0 0 0 0 1
 0 0 0 0 0 0 0 1 0 0 0 0 0 0 1 0 1 0 1 0 0 0 1 1 0 0 0 1 0 0 0 1 0 0 0 1 0
 1 1 0 0 1 1 0 0 0 0 0 0 1 0 0 0 0 0 0 0 0 0 0 1 1 0 0 0 0 0 0 0 0 0 0 1 0]",25
504,4,gad7,9,PCA,XG,1,0.4565217391304348,0.5495495495495496,21,40,19,31,"[1 0 0 0 0 0 1 0 0 0 0 1 0 1 0 1 0 1 0 1 0 1 0 0 1 0 1 0 1 0 1 1 0 0 1 0 1
 0 0 0 0 0 0 0 0 0 1 0 0 1 0 0 0 0 0 0 1 0 1 0 0 0 0 0 1 0 1 0 0 1 1 1 0 1
 0 1 0 0 0 0 0 1 1 1 0 1 0 1 1 0 0 0 0 0 0 0 1 0 1 1 0 1 0 0 0 1 1 1 1 0 0]",25
505,4,gad7,9,PCA,SVC,2,0.5641025641025641,0.5405405405405406,33,27,32,19,"[1 1 0 1 1 0 0 1 1 1 1 0 1 1 1 1 0 1 1 1 1 0 1 1 1 0 1 1 1 0 1 1 0 0 0 0 1
 1 1 0 0 0 0 1 0 1 1 0 0 1 0 1 0 1 0 1 0 1 1 1 1 0 0 0 1 0 1 1 1 1 1 0 1 0
 1 1 0 0 0 1 0 0 0 1 0 0 1 1 1 0 0 0 0 1 1 1 1 1 0 1 0 1 1 1 0 1 0 1 1 0 1]",25
506,4,gad7,9,PCA,kNN,2,0.44897959183673475,0.5135135135135135,22,35,24,30,"[1 0 0 1 1 1 0 0 0 0 0 1 1 0 1 1 0 0 0 1 1 1 1 0 0 0 1 1 0 0 0 0 0 1 0 0 1
 1 0 0 0 0 0 1 1 0 1 0 1 1 0 1 0 0 0 1 0 0 1 1 1 0 0 0 1 1 1 1 1 0 1 0 1 0
 1 0 0 0 0 1 0 0 0 1 0 0 1 0 0 1 0 0 0 1 0 1 1 1 0 0 0 0 0 0 1 1 0 1 0 0 0]",25
507,4,gad7,9,PCA,RF,2,0.4545454545454546,0.5675675675675675,20,43,16,32,"[1 0 0 0 1 1 0 0 0 0 0 0 0 0 0 1 0 1 1 1 1 1 1 0 0 0 1 1 0 0 1 0 0 1 1 0 0
 1 0 0 0 0 0 1 0 0 0 0 1 0 1 0 0 0 0 0 0 0 1 0 0 0 1 0 1 1 1 1 0 1 1 1 0 1
 0 0 0 0 0 1 0 1 1 1 0 0 0 0 0 1 0 0 0 1 0 0 0 0 0 0 0 0 0 0 1 0 0 0 0 0 0]",25
508,4,gad7,9,PCA,LR,2,0.46153846153846156,0.5585585585585585,21,41,18,31,"[0 0 0 1 1 1 0 1 0 1 1 0 1 1 1 1 0 0 0 1 1 0 1 0 1 0 0 0 0 0 1 0 0 0 0 0 1
 0 1 0 0 0 0 0 1 0 0 0 0 1 0 1 0 1 0 1 0 1 0 1 1 0 0 0 1 0 0 0 1 1 0 0 1 0
 0 0 0 0 1 1 0 0 0 0 0 0 1 1 0 0 0 0 0 0 0 1 0 1 1 0 0 1 1 0 0 0 0 0 0 1 0]",25
509,4,gad7,9,PCA,XG,2,0.4285714285714286,0.5675675675675675,18,45,14,34,"[1 0 0 0 1 1 0 0 0 0 0 0 0 0 0 1 0 1 0 0 1 1 1 0 1 0 1 1 1 0 1 0 0 1 1 0 0
 1 0 0 0 0 0 0 0 0 0 0 0 0 0 0 0 0 0 0 0 0 1 0 0 0 1 0 1 1 1 0 0 1 1 1 0 1
 0 0 0 0 0 0 0 0 1 1 0 0 0 0 0 1 0 0 0 0 0 0 0 0 0 0 0 1 0 0 1 1 0 1 0 0 0]",25
510,4,gad7,9,PCA,SVC,3,0.5423728813559322,0.5135135135135135,32,25,34,20,"[1 1 0 1 1 0 0 1 1 1 1 0 1 1 1 1 0 1 1 1 1 0 1 1 1 0 1 1 1 0 1 1 0 0 0 0 1
 0 1 0 0 0 0 1 0 1 0 0 0 1 0 1 0 1 0 1 0 1 1 1 1 0 0 0 1 0 1 1 1 1 1 0 1 0
 1 1 0 1 0 1 0 0 1 1 0 1 1 1 1 0 0 0 0 1 1 1 1 1 0 1 0 1 1 1 0 1 0 1 1 0 1]",25
511,4,gad7,9,PCA,kNN,3,0.49090909090909085,0.4954954954954955,27,28,31,25,"[1 0 0 1 1 0 0 1 0 0 1 0 1 0 1 0 0 1 0 1 1 1 1 1 0 0 1 1 1 0 1 0 0 1 0 0 1
 1 0 0 1 0 0 1 0 1 1 0 0 1 0 1 0 0 0 1 0 0 1 1 1 0 1 1 1 1 1 1 1 1 1 1 1 0
 1 0 0 0 0 1 0 1 0 1 1 1 1 0 0 1 0 1 0 0 0 0 1 1 0 1 0 1 0 1 0 1 0 1 1 0 0]",25
512,4,gad7,9,PCA,RF,3,0.4096385542168675,0.5585585585585585,17,45,14,35,"[0 0 0 0 1 0 0 0 0 0 1 0 0 0 0 1 0 1 0 1 1 1 0 0 0 0 1 1 0 0 1 0 0 1 0 0 0
 1 0 0 0 1 0 1 0 0 0 0 0 0 1 0 0 0 0 0 0 0 1 0 0 0 1 1 1 1 1 0 0 0 1 1 0 1
 0 0 0 0 0 1 0 1 1 1 0 0 0 0 0 1 0 1 0 0 0 0 0 0 0 0 0 0 0 0 1 0 0 0 0 0 0]",25
513,4,gad7,9,PCA,LR,3,0.45714285714285713,0.4864864864864865,24,30,29,28,"[1 1 0 1 1 0 0 1 0 0 1 0 1 1 1 1 0 0 1 1 1 0 1 1 1 0 1 0 1 0 1 0 0 0 0 0 1
 0 1 0 0 0 0 0 1 0 0 0 0 1 0 1 0 1 0 1 0 1 0 1 1 0 0 0 1 0 0 0 1 1 0 0 1 0
 1 1 0 0 1 1 0 0 0 0 0 1 1 1 0 0 0 0 0 0 0 1 1 1 1 1 0 1 1 1 0 1 0 1 1 1 1]",25
514,4,gad7,9,PCA,XG,3,0.46511627906976744,0.5855855855855856,20,45,14,32,"[0 0 0 0 1 1 0 0 0 0 1 1 0 0 0 1 0 1 0 1 1 1 0 0 1 0 1 1 0 0 0 0 0 1 0 0 0
 1 0 0 0 1 0 1 0 0 0 0 0 1 1 0 0 0 0 0 0 0 0 0 0 0 1 1 1 1 1 0 0 1 1 1 0 1
 0 0 0 0 0 0 0 1 1 0 0 0 0 0 0 1 0 1 0 0 0 0 0 1 0 0 0 1 0 0 1 0 0 0 0 0 0]",25
515,4,gad7,9,PCA,SVC,4,0.48598130841121495,0.5045045045045045,26,30,29,26,"[1 1 0 1 1 0 0 1 0 0 1 0 1 1 1 1 0 1 1 1 1 0 1 1 1 0 1 0 1 1 1 0 0 0 0 0 1
 0 1 0 0 0 0 1 0 0 0 0 0 1 0 1 0 1 0 1 0 1 1 0 1 0 0 0 1 0 1 1 1 1 0 0 1 0
 1 1 0 0 0 1 0 0 0 1 0 0 1 1 0 0 0 0 0 1 1 1 1 1 0 1 0 1 0 1 0 1 0 1 1 0 1]",25
516,4,gad7,9,PCA,kNN,4,0.3877551020408163,0.4594594594594595,19,32,27,33,"[1 0 0 0 1 0 0 0 0 0 1 1 1 0 1 1 0 0 0 1 1 1 0 1 0 0 0 1 0 1 0 0 0 0 0 1 0
 0 1 0 0 1 0 1 0 0 0 0 0 0 0 1 1 0 0 1 1 0 1 1 1 0 1 0 1 1 1 1 1 1 0 0 1 0
 0 0 0 1 0 1 0 0 0 1 1 0 1 0 0 0 0 1 0 1 0 1 1 0 0 0 0 1 0 1 0 1 0 1 0 0 1]",25
517,4,gad7,9,PCA,RF,4,0.36781609195402304,0.5045045045045045,16,40,19,36,"[1 0 1 0 1 1 0 0 0 0 1 0 0 1 0 1 0 1 1 1 1 1 0 0 0 0 0 1 0 0 1 0 0 1 0 0 0
 1 0 0 0 1 0 0 0 0 0 0 0 0 0 0 0 1 0 0 1 0 1 0 0 0 1 0 1 1 1 1 1 0 1 0 0 0
 0 0 0 0 0 1 0 1 0 0 1 0 0 0 0 0 0 1 0 1 0 0 0 1 0 0 0 0 1 0 0 0 0 0 0 0 1]",25
518,4,gad7,9,PCA,LR,4,0.48000000000000004,0.5315315315315315,24,35,24,28,"[1 1 0 1 1 0 0 1 0 0 1 0 1 1 1 1 0 0 0 1 1 0 1 1 1 0 1 0 1 0 1 0 0 0 0 0 1
 0 1 0 0 0 0 1 1 0 0 0 0 1 0 1 0 0 0 1 0 0 0 1 1 0 0 0 1 0 0 0 1 1 0 0 1 0
 1 1 0 0 1 1 0 0 0 0 0 0 1 1 0 0 0 0 0 0 0 1 1 1 1 0 0 1 1 1 0 1 0 1 0 1 1]",25
519,4,gad7,9,PCA,XG,4,0.44943820224719105,0.5585585585585585,20,42,17,32,"[1 0 0 0 1 1 0 1 0 0 1 0 0 0 0 0 0 1 1 1 1 1 0 0 1 0 0 1 0 0 0 0 0 1 0 0 0
 1 0 0 0 1 0 1 0 0 0 0 0 0 0 0 0 1 0 0 1 0 1 0 0 0 1 0 1 1 1 1 1 0 1 0 0 0
 0 0 0 1 0 1 0 1 1 0 1 0 0 0 0 0 0 1 0 0 0 0 1 0 0 0 0 0 0 0 1 0 0 1 0 1 1]",25
520,4,gad7,9,PCA,SVC,1,0.34210526315789475,0.5495495495495496,13,48,11,39,"[0 0 1 0 0 0 0 1 0 1 0 0 0 0 0 0 0 0 0 1 1 0 0 0 1 1 1 0 0 0 0 0 0 0 0 0 1
 1 0 0 0 0 1 0 0 1 0 0 0 0 0 0 0 1 0 0 0 1 0 0 0 0 0 0 0 0 0 1 1 0 0 0 0 0
 0 0 0 0 0 0 1 0 0 0 0 0 0 0 1 1 1 1 0 0 0 0 1 0 0 1 0 0 0 0 0 0 0 0 1 0 0]",26
521,4,gad7,9,PCA,kNN,1,0.4444444444444444,0.5045045045045045,22,34,25,30,"[0 0 0 1 1 0 1 0 0 0 0 1 1 0 0 0 0 0 0 0 0 0 0 1 1 0 1 1 1 1 1 1 0 1 0 1 1
 0 0 1 1 0 1 1 1 1 0 1 1 0 1 0 0 0 0 0 1 0 0 1 0 0 0 0 1 1 1 1 0 1 0 0 1 0
 0 0 0 0 1 0 1 0 1 1 0 1 0 1 0 0 1 1 0 0 0 0 0 0 0 1 0 0 1 0 0 1 1 1 0 1 0]",26
522,4,gad7,9,PCA,RF,1,0.37777777777777777,0.4954954954954955,17,38,21,35,"[1 0 0 0 1 0 1 0 0 0 0 0 0 0 0 0 0 0 1 0 0 0 1 0 1 1 1 1 0 1 0 1 0 1 0 1 1
 0 0 1 1 0 0 0 0 1 0 0 0 0 1 0 0 0 1 0 0 0 1 1 1 0 0 0 1 0 1 0 0 1 1 0 0 1
 0 0 1 0 1 0 0 0 1 0 0 1 1 0 0 0 0 1 0 0 0 0 0 0 1 0 1 0 0 0 0 1 0 1 0 0 1]",26
523,4,gad7,9,PCA,LR,1,0.5619834710743802,0.5225225225225225,34,24,35,18,"[1 0 1 0 0 0 1 1 1 1 0 1 1 0 1 0 0 1 0 1 0 1 0 0 1 1 1 1 1 1 1 1 0 0 0 1 0
 1 0 1 1 0 1 1 1 1 1 1 0 1 1 0 1 1 1 1 0 0 1 1 1 0 0 0 1 1 0 1 0 0 1 0 1 1
 1 1 1 0 1 1 1 1 0 1 1 1 0 1 1 1 1 0 0 1 0 1 1 0 1 1 0 1 0 1 1 1 0 1 0 0 0]",26
524,4,gad7,9,PCA,XG,1,0.3655913978494624,0.46846846846846846,17,35,24,35,"[0 0 0 0 1 0 1 0 0 0 0 1 0 0 0 0 0 0 1 0 0 0 1 0 1 1 1 1 1 1 1 1 0 1 0 1 1
 0 0 1 1 0 0 0 1 1 0 1 0 0 1 0 0 0 1 0 0 0 1 1 1 0 0 0 1 1 1 1 0 1 0 0 0 0
 0 0 0 0 1 0 1 0 1 0 0 1 1 1 0 0 0 1 0 0 0 0 0 0 0 0 0 0 0 0 0 1 0 1 0 0 1]",26
525,4,gad7,9,PCA,SVC,2,0.5,0.6036036036036037,22,45,14,30,"[0 1 1 0 0 0 0 1 1 0 0 1 0 0 0 0 0 1 0 0 0 1 0 0 1 0 1 0 0 1 0 0 0 1 0 0 1
 0 0 0 0 0 0 1 0 0 1 1 0 0 0 0 0 1 0 0 0 0 0 0 1 0 0 0 0 0 0 1 0 0 0 1 1 0
 0 0 0 0 1 0 1 0 0 1 0 1 0 0 1 1 1 1 1 1 0 1 1 0 1 0 0 0 0 0 1 1 0 1 0 0 0]",26
526,4,gad7,9,PCA,kNN,2,0.5154639175257731,0.5765765765765766,25,39,20,27,"[1 0 1 0 1 0 1 0 1 0 0 1 1 0 0 0 1 0 0 0 0 1 1 0 1 0 0 1 0 0 0 1 0 1 0 1 1
 1 0 1 0 0 0 1 0 0 1 1 0 0 1 1 0 1 1 0 1 1 0 0 0 0 1 0 1 0 0 1 0 0 1 1 0 0
 0 0 0 0 0 0 1 0 1 1 1 1 0 0 0 0 0 1 0 1 0 0 0 0 0 0 0 0 1 1 1 1 0 1 0 1 0]",26
527,4,gad7,9,PCA,RF,2,0.5,0.5495495495495496,25,36,23,27,"[1 0 1 0 0 0 0 0 1 0 0 1 0 0 0 0 0 1 1 0 1 0 1 0 1 0 1 1 0 1 0 1 0 1 0 1 1
 0 0 1 1 0 0 1 0 0 1 1 1 0 1 0 1 0 1 0 0 0 0 0 0 0 1 1 1 0 0 0 1 1 1 0 1 0
 0 0 0 0 0 0 0 0 1 1 1 1 0 0 0 1 0 1 0 1 0 0 0 0 1 0 1 1 1 1 1 1 0 1 0 0 1]",26
528,4,gad7,9,PCA,LR,2,0.5,0.6036036036036037,22,45,14,30,"[0 1 1 0 0 0 0 1 1 0 0 1 0 0 0 0 0 1 0 0 0 1 0 0 1 0 1 0 0 1 0 0 0 1 0 0 1
 0 0 0 0 0 0 1 0 0 1 1 0 0 0 0 0 1 0 0 0 0 0 0 1 0 0 0 0 0 0 1 0 0 0 1 1 0
 0 0 0 0 1 0 1 0 0 1 0 1 0 0 1 1 1 1 1 1 0 1 1 0 1 0 0 0 0 0 1 1 0 1 0 0 0]",26
529,4,gad7,9,PCA,XG,2,0.47058823529411764,0.5135135135135135,24,33,26,28,"[0 0 0 0 0 0 0 0 1 0 0 1 0 0 0 0 0 1 1 0 1 0 1 0 1 1 1 1 0 1 0 1 0 1 0 1 1
 0 0 1 1 0 1 1 0 0 1 1 1 0 1 0 1 0 1 1 0 0 0 0 0 0 1 1 1 0 0 1 0 1 1 1 1 1
 0 0 0 0 0 0 0 0 1 1 1 1 0 0 0 0 0 1 0 1 0 0 0 0 1 1 1 1 1 0 0 1 0 1 0 1 1]",26
530,4,gad7,9,PCA,SVC,3,0.5,0.6036036036036037,22,45,14,30,"[0 1 1 0 0 0 0 1 1 0 0 1 0 0 0 0 0 1 0 0 0 1 0 0 1 0 1 0 0 1 0 0 0 1 0 0 1
 0 0 0 0 0 0 1 0 0 1 1 0 0 0 0 0 1 0 0 0 0 0 0 1 0 0 0 0 0 0 1 0 0 0 1 1 0
 0 0 0 0 1 0 1 0 0 1 0 1 0 0 1 1 1 1 1 1 0 1 1 0 1 0 0 0 0 0 1 1 0 1 0 0 0]",26
531,4,gad7,9,PCA,kNN,3,0.5384615384615384,0.5675675675675675,28,35,24,24,"[0 0 1 0 0 0 1 0 1 1 1 0 0 0 1 0 0 0 0 0 1 1 1 1 1 1 1 0 0 1 1 1 0 0 1 1 1
 1 0 1 0 1 1 1 0 1 1 1 0 0 1 0 1 0 0 0 1 0 0 1 0 0 1 0 1 0 0 1 0 1 0 1 1 0
 0 1 0 0 0 0 1 1 0 0 0 0 0 0 1 1 0 1 0 1 0 0 0 0 0 0 1 1 1 0 1 1 0 1 1 1 0]",26
532,4,gad7,9,PCA,RF,3,0.45161290322580644,0.5405405405405406,21,39,20,31,"[0 0 1 0 0 0 0 0 1 0 1 0 0 0 0 0 0 1 1 0 0 0 0 0 1 0 0 0 0 0 1 1 0 0 1 1 1
 1 0 0 1 0 1 1 1 0 1 1 1 0 0 0 1 0 1 1 0 0 0 0 0 0 1 1 1 0 0 0 1 1 0 1 1 0
 0 0 0 0 0 0 0 0 1 0 0 0 0 1 0 1 0 1 0 1 0 0 1 0 0 0 1 1 1 0 1 1 0 1 0 0 0]",26
533,4,gad7,9,PCA,LR,3,0.5,0.6036036036036037,22,45,14,30,"[0 1 1 0 0 0 0 1 1 0 0 1 0 0 0 0 0 1 0 0 0 1 0 0 1 0 1 0 0 1 0 0 0 1 0 0 1
 0 0 0 0 0 0 1 0 0 1 1 0 0 0 0 0 1 0 0 0 0 0 0 1 0 0 0 0 0 0 1 0 0 0 1 1 0
 0 0 0 0 1 0 1 0 0 1 0 1 0 0 1 1 1 1 1 1 0 1 1 0 1 0 0 0 0 0 1 1 0 1 0 0 0]",26
534,4,gad7,9,PCA,XG,3,0.48000000000000004,0.5315315315315315,24,35,24,28,"[0 0 0 0 0 0 1 0 1 0 1 0 0 0 0 0 0 1 1 0 0 0 1 1 0 1 1 0 0 0 1 1 0 1 1 1 1
 1 0 0 1 0 1 1 1 0 1 1 1 0 1 0 1 0 1 1 0 0 0 0 0 0 1 1 1 0 0 0 1 1 0 1 1 0
 0 0 0 0 0 0 1 0 1 1 1 0 0 1 0 1 0 1 0 1 0 0 1 0 0 0 1 1 1 0 0 1 0 1 0 0 0]",26
535,4,gad7,9,PCA,SVC,4,0.505050505050505,0.5585585585585585,25,37,22,27,"[0 1 1 1 0 0 0 1 1 0 0 1 0 0 0 0 0 1 0 0 0 1 0 0 1 0 1 0 0 1 0 0 0 1 0 0 1
 0 0 0 0 1 1 1 0 0 1 1 0 0 0 1 1 1 0 0 1 0 0 0 1 0 0 0 1 0 1 1 0 0 1 1 1 0
 0 0 0 0 1 0 1 0 0 1 0 1 0 0 1 1 1 1 1 1 0 1 1 0 1 1 0 0 0 0 1 1 1 1 0 0 0]",26
536,4,gad7,9,PCA,kNN,4,0.5321100917431193,0.5405405405405406,29,31,28,23,"[0 0 1 0 0 0 0 0 1 0 0 1 0 0 1 1 0 1 0 0 0 1 1 0 1 0 1 0 0 0 1 1 1 0 1 1 1
 1 0 1 1 1 1 0 0 1 1 1 1 0 1 1 1 1 0 0 1 0 0 0 0 1 1 1 1 0 0 1 0 1 0 1 1 1
 1 0 0 1 0 1 1 1 1 0 0 0 0 0 1 1 0 1 0 1 0 0 0 1 1 1 0 1 1 0 1 1 0 1 0 0 0]",26
537,4,gad7,9,PCA,RF,4,0.4731182795698925,0.5585585585585585,22,40,19,30,"[0 0 1 0 0 0 0 0 1 0 0 0 0 0 0 0 0 1 1 0 0 0 0 0 1 0 1 0 0 0 1 1 0 0 1 1 1
 1 0 0 0 0 1 1 0 0 1 1 1 0 0 0 1 0 0 1 1 0 0 0 0 0 1 1 1 0 0 1 0 1 0 1 1 0
 0 0 0 0 0 1 1 0 1 1 0 0 0 0 1 1 0 1 0 1 0 0 1 0 0 1 0 1 1 0 0 1 0 1 0 0 0]",26
538,4,gad7,9,PCA,LR,4,0.5272727272727272,0.5315315315315315,29,30,29,23,"[0 1 1 1 0 0 1 1 1 0 1 1 0 0 0 0 1 1 0 0 0 1 0 1 1 0 1 0 0 1 0 0 0 1 1 0 1
 0 0 0 1 1 1 1 0 0 1 1 1 0 0 1 1 1 0 0 0 0 0 0 1 0 1 1 1 0 1 1 0 0 1 0 1 0
 0 0 0 0 1 0 1 0 1 1 0 1 1 0 1 1 1 1 1 1 0 1 1 0 1 1 1 0 0 1 1 1 1 1 0 0 0]",26
539,4,gad7,9,PCA,XG,4,0.43956043956043955,0.5405405405405406,20,40,19,32,"[0 1 1 0 0 0 1 0 1 0 1 0 0 0 0 0 0 0 1 0 1 0 1 1 0 0 0 0 0 0 1 1 0 0 1 1 1
 0 0 0 0 0 1 0 0 0 0 0 1 0 0 0 1 0 0 0 1 0 0 0 0 0 1 1 1 0 0 0 0 1 0 1 1 0
 0 0 0 0 0 1 0 0 1 1 0 1 0 0 0 1 0 1 0 1 1 0 1 0 0 1 0 0 1 1 0 1 0 1 0 1 0]",26
540,4,gad7,9,PCA,SVC,1,0.372093023255814,0.5135135135135135,16,41,18,36,"[0 1 0 0 0 0 1 0 1 1 0 0 1 0 1 0 0 0 1 0 0 1 0 0 0 0 0 0 0 1 0 0 1 0 0 0 1
 0 0 1 0 0 0 1 0 0 0 0 1 0 0 0 0 0 1 1 1 1 0 0 1 1 0 0 1 0 0 1 0 0 1 0 0 0
 0 0 0 0 0 1 0 0 0 1 1 1 0 0 0 1 0 0 1 0 0 0 0 1 0 0 0 0 1 1 1 0 1 0 0 0 0]",27
541,4,gad7,9,PCA,kNN,1,0.3913043478260869,0.4954954954954955,18,37,22,34,"[1 0 0 1 1 1 0 0 1 0 0 0 0 1 0 1 0 0 0 1 0 0 0 0 0 0 1 0 0 1 0 0 0 1 0 0 0
 1 1 0 0 0 0 0 0 0 0 1 0 0 1 1 1 0 0 0 0 0 1 0 0 1 0 1 0 1 0 0 1 0 1 0 0 1
 1 1 0 0 0 1 0 1 0 0 0 0 0 0 0 1 0 1 0 1 0 1 0 1 1 0 1 0 1 1 0 1 0 0 1 1 0]",27
542,4,gad7,9,PCA,RF,1,0.2765957446808511,0.38738738738738737,13,30,29,39,"[0 0 0 1 1 1 0 0 0 1 0 0 0 1 1 1 0 1 1 1 0 0 0 0 0 0 0 0 0 1 0 1 0 1 0 0 0
 1 1 0 0 0 0 1 0 0 0 0 0 1 1 1 1 0 1 1 0 0 1 0 0 0 0 0 1 0 0 1 0 0 1 0 1 0
 1 1 0 1 1 1 0 1 0 1 0 1 0 0 1 0 0 0 1 1 0 0 0 1 1 0 0 0 0 0 0 1 0 0 1 0 0]",27
543,4,gad7,9,PCA,LR,1,0.5555555555555555,0.4954954954954955,35,20,39,17,"[0 0 1 1 1 0 0 1 1 1 1 1 0 1 0 1 1 1 0 1 1 0 0 1 1 1 1 1 1 0 1 1 0 1 1 1 0
 1 1 0 0 1 1 0 1 1 0 1 1 1 1 1 1 1 0 0 0 1 1 1 0 1 1 1 0 1 1 0 0 1 0 1 1 1
 1 1 1 1 1 1 1 1 1 0 0 0 0 1 1 1 1 1 0 0 1 1 1 0 1 1 1 1 1 0 0 1 0 0 1 0 0]",27
544,4,gad7,9,PCA,XG,1,0.2916666666666667,0.38738738738738737,14,29,30,38,"[0 0 0 1 1 1 0 0 0 1 0 0 0 1 1 1 0 1 1 1 0 0 0 0 0 0 0 0 0 1 0 1 0 1 0 0 0
 1 1 0 0 0 0 0 0 0 0 0 0 1 1 1 1 0 1 1 0 0 1 0 0 1 0 1 1 0 0 1 0 0 1 0 1 0
 1 1 0 1 1 1 0 1 0 1 0 1 0 0 1 0 0 0 1 1 0 1 0 1 1 0 0 0 0 0 0 1 0 0 1 0 0]",27
545,4,gad7,9,PCA,SVC,2,0.40816326530612246,0.4774774774774775,20,33,26,32,"[0 0 1 0 0 0 0 1 1 1 0 0 0 0 1 1 0 0 1 0 0 0 0 0 0 1 0 0 0 0 0 1 1 0 0 0 1
 0 1 0 1 0 1 0 1 0 0 0 1 0 0 0 1 1 1 1 0 1 1 0 0 1 1 0 1 0 0 1 1 1 0 1 0 0
 0 0 0 0 1 1 1 0 0 1 0 1 1 1 1 0 0 0 0 1 1 0 0 0 1 0 1 1 1 0 0 1 1 0 1 0 0]",27
546,4,gad7,9,PCA,kNN,2,0.4375,0.5135135135135135,21,36,23,31,"[0 1 1 1 0 1 0 1 1 1 1 1 0 0 0 0 0 0 0 0 0 0 0 0 0 0 1 0 0 1 0 0 1 0 0 0 0
 0 0 0 1 0 0 0 1 0 0 0 1 0 1 0 0 0 0 0 0 1 1 0 1 0 0 0 0 0 1 1 1 1 1 1 0 0
 1 0 0 0 1 1 1 0 0 0 0 0 1 1 1 0 0 0 0 1 0 0 1 1 0 1 1 1 0 1 0 1 1 1 1 1 0]",27
547,4,gad7,9,PCA,RF,2,0.5294117647058824,0.5675675675675675,27,36,23,25,"[0 0 1 1 1 0 0 1 0 0 1 1 0 0 1 1 0 0 1 0 0 0 0 0 0 0 1 0 0 1 0 0 0 0 0 0 0
 0 0 0 0 0 1 0 1 0 1 0 1 0 0 0 1 0 1 1 1 1 1 0 0 0 0 0 1 0 0 1 1 1 1 1 0 0
 1 1 1 0 1 0 1 0 0 1 0 1 0 1 1 0 0 1 0 0 1 0 1 1 0 1 1 1 0 1 0 1 1 1 1 1 1]",27
548,4,gad7,9,PCA,LR,2,0.43999999999999995,0.4954954954954955,22,33,26,30,"[0 0 1 0 0 0 0 1 1 1 0 0 1 0 1 1 0 0 1 0 0 0 0 0 0 1 0 0 0 0 0 1 1 0 0 0 1
 0 1 0 1 0 1 0 1 0 0 0 1 0 0 0 1 1 1 1 0 1 1 0 0 1 1 0 1 0 0 1 1 1 0 1 0 0
 0 0 0 0 1 1 1 0 0 1 0 1 1 1 1 0 0 0 0 1 1 0 0 0 1 0 1 1 1 0 1 1 1 0 1 0 0]",27
549,4,gad7,9,PCA,XG,2,0.4,0.4864864864864865,19,35,24,33,"[0 0 0 1 1 0 0 0 0 0 0 1 0 0 1 1 0 0 1 0 0 0 0 0 0 0 1 0 0 1 0 0 0 0 1 0 0
 0 0 0 0 0 0 0 1 0 1 0 0 0 0 1 1 1 1 1 1 0 1 0 0 1 0 1 1 0 0 1 1 1 1 0 0 0
 1 1 1 0 0 1 0 1 0 1 0 1 0 0 1 1 0 0 1 0 1 0 0 1 0 0 1 1 0 1 0 1 0 0 0 1 1]",27
550,4,gad7,9,PCA,SVC,3,0.4727272727272727,0.4774774774774775,26,27,32,26,"[0 1 1 1 0 0 0 1 1 1 0 1 1 0 1 1 0 0 1 0 0 0 0 0 0 1 0 0 0 0 0 1 1 0 0 0 1
 0 1 0 1 0 1 0 1 0 0 0 1 0 1 0 1 1 1 1 0 1 1 0 1 1 1 0 1 0 0 1 1 1 0 1 0 0
 1 0 0 0 1 1 1 0 0 1 0 1 1 1 1 1 0 0 1 1 1 0 0 0 1 0 1 1 1 0 1 1 1 1 1 1 0]",27
551,4,gad7,9,PCA,kNN,3,0.5046728971962617,0.5225225225225225,27,31,28,25,"[1 0 1 1 0 0 0 1 1 1 1 1 0 0 1 0 1 0 1 0 0 0 1 1 0 0 1 0 0 1 0 1 1 0 1 0 0
 0 0 0 1 0 1 0 0 0 0 0 1 0 1 1 1 0 1 1 0 1 1 0 0 1 0 0 1 1 0 1 1 1 1 1 0 0
 1 0 1 0 0 1 0 0 0 1 0 1 1 1 1 1 0 0 0 1 0 0 0 1 0 0 1 1 0 1 0 1 1 1 0 1 1]",27
552,4,gad7,9,PCA,RF,3,0.4999999999999999,0.5675675675675675,24,39,20,28,"[0 0 1 1 0 0 0 1 0 0 0 1 0 0 1 0 0 0 1 0 0 0 0 1 0 0 1 0 0 1 0 1 1 0 1 0 0
 0 0 0 0 0 1 0 0 0 0 0 1 0 1 0 1 0 1 1 1 1 1 0 0 0 0 0 1 0 0 1 1 1 1 1 0 0
 1 0 1 0 0 0 1 0 0 1 0 1 1 1 1 1 0 0 0 0 0 0 0 1 0 0 1 0 0 1 0 1 1 1 0 1 1]",27
553,4,gad7,9,PCA,LR,3,0.5,0.5315315315315315,26,33,26,26,"[0 0 1 0 0 0 1 1 1 1 0 0 1 0 0 1 0 0 0 0 0 1 0 0 0 1 0 0 0 1 0 1 1 0 0 0 1
 0 1 1 1 0 1 1 1 0 0 0 1 0 0 0 1 1 0 0 1 1 1 0 0 1 1 0 0 0 0 1 1 1 1 1 0 0
 0 0 0 0 1 1 1 0 0 0 1 0 1 1 1 1 0 0 0 1 1 0 0 1 1 0 1 1 1 1 1 1 1 0 1 0 0]",27
554,4,gad7,9,PCA,XG,3,0.3655913978494624,0.46846846846846846,17,35,24,35,"[0 0 1 1 0 1 0 1 0 0 0 1 0 0 1 0 0 0 1 0 1 0 0 1 0 0 1 0 0 1 0 0 0 0 1 0 0
 0 0 0 0 0 0 0 0 0 0 0 0 0 1 0 1 1 1 1 0 0 1 0 0 1 0 0 1 0 0 1 1 1 1 1 1 0
 1 0 1 0 0 1 0 0 0 1 0 1 0 1 1 1 0 0 0 1 0 0 0 1 0 0 1 0 0 1 0 1 0 1 0 0 1]",27
555,4,gad7,9,PCA,SVC,4,0.45714285714285713,0.4864864864864865,24,30,29,28,"[0 0 1 1 0 0 0 1 1 1 0 0 0 0 1 1 0 0 1 0 0 0 0 0 0 1 0 0 0 0 0 1 1 0 0 0 0
 0 1 0 1 0 1 0 1 0 0 0 1 0 1 0 1 1 1 1 0 1 1 0 0 1 1 0 1 1 0 1 1 1 0 1 0 0
 1 0 1 0 1 1 1 0 0 1 0 1 1 1 1 1 0 0 0 1 1 0 0 0 1 0 1 1 1 0 0 1 1 0 1 1 1]",27
556,4,gad7,9,PCA,kNN,4,0.4672897196261683,0.4864864864864865,25,29,30,27,"[1 0 1 1 0 0 0 1 1 1 1 1 0 0 1 0 1 0 1 0 0 0 1 0 0 0 0 0 0 1 0 1 1 0 1 0 0
 0 1 0 1 0 1 0 1 0 1 0 1 0 1 1 0 0 1 1 1 1 0 0 0 1 0 0 1 1 0 1 0 0 1 1 0 0
 1 0 1 0 0 1 0 0 0 1 0 1 1 1 1 1 0 0 0 1 0 0 0 1 0 0 1 1 1 1 0 1 1 1 1 1 1]",27
557,4,gad7,9,PCA,RF,4,0.4123711340206186,0.4864864864864865,20,34,25,32,"[0 0 1 1 0 1 0 1 1 0 0 0 0 0 1 0 0 0 1 0 0 0 0 1 0 0 0 0 0 1 0 1 1 0 1 0 0
 0 1 0 1 0 1 0 0 0 1 0 1 0 1 0 1 0 1 1 0 1 0 0 0 0 0 0 1 0 0 1 0 0 1 1 0 0
 1 0 1 0 1 0 1 0 0 1 0 1 1 1 1 1 0 0 0 1 0 0 0 1 0 0 1 1 0 1 0 1 1 1 0 0 1]",27
558,4,gad7,9,PCA,LR,4,0.5,0.5315315315315315,26,33,26,26,"[0 0 1 0 0 0 1 1 1 1 0 0 1 0 0 1 0 0 0 0 0 1 0 0 0 1 0 0 0 1 0 1 1 0 0 0 1
 0 1 1 1 0 1 1 1 0 0 0 1 0 0 0 1 1 0 0 1 1 1 0 0 1 1 0 0 0 0 1 1 1 1 1 0 0
 0 0 0 0 1 1 1 0 0 0 1 0 1 1 1 1 0 0 0 1 1 0 0 1 1 0 1 1 1 1 1 1 1 0 1 0 0]",27
559,4,gad7,9,PCA,XG,4,0.32608695652173914,0.44144144144144143,15,34,25,37,"[0 0 1 1 0 1 0 1 1 0 0 0 0 0 1 0 0 0 1 0 0 0 0 1 0 0 0 0 0 1 0 1 0 0 1 1 0
 0 1 0 1 0 0 0 0 0 0 0 0 0 1 0 1 0 1 1 0 1 0 0 0 1 0 0 1 0 0 1 0 0 1 1 0 0
 1 0 1 0 0 1 0 0 0 1 0 1 0 1 1 1 0 0 0 1 0 0 0 1 0 0 1 1 0 1 0 1 0 1 0 0 1]",27
560,4,gad7,9,PCA,SVC,1,0.42696629213483145,0.5405405405405406,19,41,18,33,"[0 0 0 0 1 0 0 0 0 1 1 1 1 1 0 1 1 0 0 0 0 0 0 1 0 0 0 0 0 0 0 0 0 1 0 0 0
 0 0 1 1 0 1 0 0 0 0 1 1 1 0 0 0 0 0 1 1 1 0 1 0 1 0 0 1 0 1 0 0 0 1 0 0 0
 1 0 1 1 0 1 0 0 1 0 0 0 0 0 1 1 1 0 0 1 0 1 0 0 1 0 0 0 0 0 0 0 1 0 0 0 1]",28
561,4,gad7,9,PCA,kNN,1,0.4814814814814815,0.4954954954954955,26,29,30,26,"[1 1 1 0 1 0 0 0 1 1 0 1 1 1 1 0 0 1 0 0 1 0 0 0 1 0 1 1 0 0 0 0 0 1 1 1 1
 0 0 1 1 1 0 0 0 0 1 0 0 0 0 1 1 0 0 1 0 0 1 1 1 1 0 0 1 1 0 0 1 1 1 1 1 0
 1 1 0 0 1 1 0 0 1 0 0 1 1 0 0 0 1 0 0 1 0 1 0 1 0 1 0 1 1 0 1 0 1 1 0 1 1]",28
562,4,gad7,9,PCA,RF,1,0.30588235294117644,0.46846846846846846,13,39,20,39,"[1 0 0 0 0 0 0 0 0 0 0 1 0 1 0 0 0 0 0 0 1 0 0 0 1 1 1 0 0 0 1 0 0 0 0 0 1
 1 0 0 1 1 0 0 0 0 1 0 0 0 0 0 0 1 0 1 0 0 0 1 0 0 1 0 0 1 0 0 0 0 1 0 1 0
 0 1 0 0 1 0 0 1 0 0 0 1 1 0 1 0 0 0 0 0 0 0 0 1 0 1 0 0 0 0 0 0 1 1 1 1 1]",28
563,4,gad7,9,PCA,LR,1,0.5166666666666666,0.4774774774774775,31,22,37,21,"[1 0 1 1 0 1 1 1 1 0 0 0 0 1 0 0 1 1 1 1 0 1 1 0 1 1 1 1 1 1 0 1 1 0 1 1 1
 1 1 1 0 1 0 1 0 1 1 0 1 0 1 1 1 1 1 1 0 0 1 0 1 0 1 0 0 0 1 1 0 1 0 0 1 1
 1 1 0 0 1 0 1 1 0 1 1 1 1 1 0 0 0 0 1 0 1 0 1 1 0 1 1 1 1 0 1 1 1 0 0 0 0]",28
564,4,gad7,9,PCA,XG,1,0.3404255319148936,0.44144144144144143,16,33,26,36,"[1 0 0 0 0 0 0 1 0 0 0 1 0 1 0 0 0 0 0 0 1 0 0 0 1 1 1 0 0 0 1 0 0 1 0 1 1
 1 0 0 1 1 0 0 0 0 1 0 0 0 0 1 0 1 0 1 0 0 0 1 0 0 0 0 1 1 0 0 0 1 1 1 1 0
 0 1 0 0 1 1 0 1 0 0 0 1 1 0 1 0 0 0 0 1 0 0 0 1 0 1 0 1 0 0 1 0 1 1 0 1 1]",28
565,4,gad7,9,PCA,SVC,2,0.5106382978723405,0.5855855855855856,24,41,18,28,"[0 0 0 0 1 0 1 0 0 1 1 1 1 1 0 1 1 0 0 0 0 0 0 1 0 0 0 0 0 0 0 0 0 1 0 0 0
 1 1 1 1 0 1 0 1 1 0 0 1 1 0 0 0 0 1 1 1 1 0 1 0 1 0 1 1 0 0 0 0 0 1 0 0 0
 1 0 1 1 0 1 0 0 1 0 0 0 0 0 1 1 0 0 1 1 0 1 0 0 1 0 0 0 0 0 0 0 1 0 0 0 1]",28
566,4,gad7,9,PCA,kNN,2,0.40384615384615385,0.44144144144144143,21,28,31,31,"[1 1 0 0 1 0 1 0 1 1 0 1 1 1 1 0 0 1 0 1 1 0 0 0 0 0 0 1 1 0 1 0 0 1 1 0 1
 1 1 1 0 1 0 0 0 1 0 0 1 0 1 1 1 0 1 0 0 0 0 0 0 1 0 0 1 1 0 1 1 1 1 0 0 0
 0 1 0 0 0 1 0 0 1 0 1 0 0 1 0 0 0 0 0 1 0 1 0 1 0 1 1 0 1 0 1 0 1 1 0 1 1]",28
567,4,gad7,9,PCA,RF,2,0.2857142857142857,0.4594594594594595,12,39,20,40,"[1 0 1 0 0 0 0 0 1 0 0 1 0 0 0 0 0 0 0 0 1 0 0 0 0 0 1 1 1 0 0 0 0 1 0 0 1
 1 1 1 0 0 0 0 0 1 1 0 1 0 0 1 0 1 1 0 0 0 1 1 0 0 0 0 0 0 0 0 0 0 1 0 0 0
 0 0 0 0 0 1 1 0 0 0 0 0 0 0 1 0 0 0 0 1 0 0 0 0 0 0 0 0 1 1 1 0 1 0 0 1 1]",28
568,4,gad7,9,PCA,LR,2,0.5060240963855421,0.6306306306306306,21,49,10,31,"[0 0 1 0 0 0 1 1 0 0 0 0 0 1 0 0 1 1 0 0 0 0 0 0 0 0 1 0 0 0 0 0 1 0 0 1 0
 1 1 1 0 0 0 0 0 1 0 1 1 0 0 1 0 0 1 1 0 0 0 0 1 0 1 0 0 0 0 0 0 0 0 1 1 0
 1 0 0 0 0 0 0 1 0 0 0 0 0 0 0 0 1 1 1 0 1 0 0 0 0 0 1 0 0 0 0 0 1 0 1 0 0]",28
569,4,gad7,9,PCA,XG,2,0.3409090909090909,0.4774774774774775,15,38,21,37,"[1 0 1 0 0 0 0 0 1 0 0 1 0 0 0 0 0 0 0 0 0 0 0 0 0 0 1 1 1 0 0 0 0 1 0 1 1
 1 1 1 0 0 0 0 0 1 1 0 1 0 0 1 0 1 1 0 0 0 0 1 0 0 0 0 0 1 0 1 0 0 1 0 0 0
 0 1 0 0 0 1 1 0 0 0 0 0 0 0 1 0 0 0 0 1 0 0 0 0 0 1 0 0 1 1 1 0 1 0 1 1 1]",28
570,4,gad7,9,PCA,SVC,3,0.40476190476190477,0.5495495495495496,17,44,15,35,"[0 0 1 0 1 0 1 0 0 1 0 1 1 1 0 0 1 1 0 0 0 0 0 0 0 0 0 0 0 0 0 0 0 1 0 0 0
 1 1 1 1 0 0 0 0 1 0 0 1 0 0 1 0 0 1 1 0 0 0 1 0 1 0 0 1 0 0 0 0 0 1 0 0 0
 1 0 0 0 0 1 0 0 0 0 0 0 0 0 1 0 0 0 1 1 1 0 0 0 0 0 1 0 0 0 0 0 1 0 0 0 1]",28
571,4,gad7,9,PCA,kNN,3,0.4897959183673469,0.5495495495495496,24,37,22,28,"[1 1 1 0 0 1 0 0 0 0 0 1 0 1 1 0 0 1 1 1 0 0 0 0 1 0 1 0 1 1 0 0 0 1 1 1 1
 1 1 0 0 1 0 0 0 0 1 0 0 0 1 0 1 1 1 1 0 0 0 1 1 0 0 0 1 0 0 0 0 1 1 0 0 0
 0 0 0 0 0 1 0 0 1 1 1 1 0 0 0 0 0 0 1 1 0 1 0 1 0 0 0 0 0 1 0 0 1 1 0 1 1]",28
572,4,gad7,9,PCA,RF,3,0.32098765432098764,0.5045045045045045,13,43,16,39,"[1 1 0 0 0 0 0 0 0 0 0 1 0 0 0 0 0 0 0 0 0 0 0 0 0 0 1 0 1 1 0 0 0 1 0 1 1
 1 0 1 0 1 0 0 0 1 1 0 1 0 0 1 1 0 0 0 0 0 1 1 0 0 0 0 1 0 0 0 0 1 1 1 0 0
 0 0 0 0 0 1 1 0 0 0 0 0 0 0 0 0 0 0 0 0 0 0 0 1 0 0 0 0 1 0 0 0 0 0 0 1 1]",28
573,4,gad7,9,PCA,LR,3,0.54,0.5855855855855856,27,38,21,25,"[0 0 1 0 1 0 1 0 0 1 0 1 1 1 0 0 1 1 0 0 0 0 0 0 0 1 0 0 0 0 0 1 0 1 0 1 0
 1 1 1 1 0 0 0 1 1 0 1 1 0 0 1 0 0 1 1 0 0 0 1 1 1 0 0 1 0 1 1 0 0 1 0 0 0
 1 0 0 0 0 1 0 0 1 0 1 0 0 1 1 0 1 1 1 1 1 1 0 0 0 0 1 0 0 0 0 1 1 0 1 0 1]",28
574,4,gad7,9,PCA,XG,3,0.3703703703703704,0.5405405405405406,15,45,14,37,"[0 0 0 0 0 0 0 0 0 0 0 1 0 0 0 0 0 0 0 0 0 0 0 0 0 0 1 0 1 1 1 0 0 1 0 1 1
 1 0 0 0 0 0 0 0 1 1 0 1 0 0 1 0 0 1 0 0 0 0 1 1 0 0 0 1 0 0 0 0 1 1 0 1 0
 0 0 0 0 0 0 1 1 0 0 1 0 0 0 0 0 0 0 0 1 0 0 0 0 0 0 0 0 1 0 1 0 1 0 1 1 0]",28
575,4,gad7,9,PCA,SVC,4,0.42424242424242425,0.4864864864864865,21,33,26,31,"[1 0 0 1 1 1 1 0 1 1 0 1 1 1 0 0 1 1 0 0 0 1 0 0 1 0 0 0 0 0 0 0 0 1 0 0 1
 1 0 1 1 1 0 1 0 1 1 0 1 0 0 0 0 0 1 1 0 0 0 1 0 1 0 0 1 0 0 0 0 1 1 0 0 0
 1 0 0 0 1 1 0 0 0 0 1 0 0 1 1 0 0 0 1 1 0 1 1 1 0 0 1 1 0 0 1 0 1 0 0 0 1]",28
576,4,gad7,9,PCA,kNN,4,0.4716981132075472,0.4954954954954955,25,30,29,27,"[1 1 0 1 1 1 1 0 0 1 0 1 1 1 1 0 0 1 0 0 0 1 1 0 1 0 1 0 0 0 0 0 0 1 1 1 1
 0 1 0 1 1 0 0 0 0 0 0 0 0 0 1 1 1 1 1 0 0 0 1 1 1 0 0 1 1 0 0 1 1 1 0 0 1
 0 0 0 0 0 1 0 0 1 1 1 0 0 0 1 0 0 0 1 1 1 1 0 1 0 0 0 0 1 1 1 0 1 1 0 1 1]",28
577,4,gad7,9,PCA,RF,4,0.29268292682926833,0.4774774774774775,12,41,18,40,"[1 1 0 1 0 0 0 0 0 0 0 1 0 0 0 0 0 0 0 1 0 0 0 0 1 0 1 0 0 0 1 0 1 1 0 1 1
 0 0 0 0 0 0 0 1 0 1 0 1 0 0 1 0 1 0 0 0 0 0 1 0 0 0 0 1 0 0 0 0 1 1 1 0 0
 0 0 0 0 0 1 0 0 0 0 1 0 0 0 0 0 0 0 0 1 0 0 0 1 0 0 0 0 0 0 1 0 1 0 0 1 1]",28
578,4,gad7,9,PCA,LR,4,0.43859649122807015,0.42342342342342343,25,22,37,27,"[1 0 0 1 1 1 0 0 0 1 0 1 1 1 0 0 1 0 1 0 0 1 1 0 1 0 0 1 1 1 1 1 0 1 0 0 0
 1 0 1 1 1 0 1 1 1 1 1 1 0 1 1 0 1 0 0 0 0 0 1 0 1 0 1 1 0 0 1 1 1 1 0 0 1
 0 0 0 0 1 1 1 0 0 1 1 0 1 1 1 0 0 0 1 1 1 0 0 1 0 1 1 0 1 0 1 1 1 1 1 0 1]",28
579,4,gad7,9,PCA,XG,4,0.40909090909090906,0.5315315315315315,18,41,18,34,"[1 0 0 1 0 0 0 0 0 0 0 1 0 0 0 0 0 0 1 1 0 0 0 0 0 0 1 0 0 1 0 1 1 1 0 1 1
 1 0 0 0 0 0 0 1 0 1 0 1 0 0 1 0 1 0 0 0 0 0 1 0 0 0 1 1 0 0 0 0 1 1 1 0 0
 0 1 0 0 0 1 0 1 1 0 1 0 0 0 0 0 0 0 1 1 0 1 0 1 0 0 0 0 0 0 1 0 0 0 0 1 1]",28
580,4,gad7,9,PCA,SVC,1,0.35443037974683544,0.5405405405405406,14,46,13,38,"[0 1 0 0 0 1 1 0 0 1 0 0 0 1 0 0 0 1 0 0 0 0 0 0 0 1 0 1 0 0 0 1 0 0 0 0 0
 0 0 0 0 0 0 0 0 0 0 0 0 1 1 0 0 0 0 0 0 0 1 0 0 0 0 0 1 0 0 0 0 0 0 0 1 1
 0 0 0 0 0 0 1 1 0 0 0 1 0 1 1 1 1 1 1 0 0 0 1 0 0 0 1 0 0 0 0 0 0 0 1 0 0]",29
581,4,gad7,9,PCA,kNN,1,0.48000000000000004,0.5315315315315315,24,35,24,28,"[1 1 1 1 1 0 1 0 0 1 0 0 1 0 0 0 0 0 1 0 0 0 1 0 1 0 0 0 0 0 0 1 1 0 0 0 1
 0 0 0 0 0 0 0 0 0 0 0 1 1 0 0 1 0 1 0 0 0 1 1 0 1 1 0 1 0 1 1 0 0 0 0 1 1
 1 0 0 0 1 1 1 1 0 1 1 0 1 0 1 1 1 0 0 0 1 1 0 1 0 0 0 1 1 1 0 0 1 1 0 1 1]",29
582,4,gad7,9,PCA,RF,1,0.4318181818181818,0.5495495495495496,19,42,17,33,"[1 0 0 1 1 0 1 0 0 1 0 0 1 0 0 0 1 0 0 1 0 0 1 0 0 0 0 0 1 1 0 1 0 0 0 0 0
 0 0 0 0 1 0 0 0 1 0 1 0 0 0 0 1 0 0 0 0 0 1 1 0 0 1 0 0 0 1 0 0 0 0 0 1 0
 0 0 1 1 1 0 0 1 0 1 0 0 1 0 1 0 1 0 0 0 1 0 0 0 1 0 0 1 0 1 1 0 0 0 0 1 1]",29
583,4,gad7,9,PCA,LR,1,0.5454545454545455,0.4594594594594595,36,15,44,16,"[0 0 1 1 1 0 0 1 1 0 1 1 1 1 1 1 1 0 1 1 1 1 0 1 1 0 1 0 1 1 1 0 1 1 1 1 1
 1 1 1 1 1 1 1 1 1 1 1 1 1 0 0 1 1 1 1 1 1 0 1 1 0 0 1 1 1 1 0 1 1 1 1 0 0
 1 1 1 1 1 1 0 0 1 1 1 0 1 0 0 0 0 0 0 1 1 1 0 1 1 1 0 1 1 1 1 0 1 1 0 1 1]",29
584,4,gad7,9,PCA,XG,1,0.4318181818181818,0.5495495495495496,19,42,17,33,"[1 0 0 1 1 0 1 0 0 1 0 0 1 0 0 0 1 0 0 1 0 0 1 0 1 0 0 0 1 0 0 1 0 0 0 0 0
 0 0 0 0 0 0 0 0 1 0 1 0 0 0 1 1 0 0 0 0 0 1 1 0 0 1 0 0 0 0 0 0 0 0 0 1 0
 0 0 1 1 1 1 0 1 0 1 0 0 1 0 1 0 1 0 0 0 1 0 0 0 1 0 0 1 0 1 1 0 0 0 0 1 1]",29
585,4,gad7,9,PCA,SVC,2,0.52,0.5675675675675675,26,37,22,26,"[0 1 1 1 0 1 1 1 1 1 0 1 0 1 0 0 0 1 0 0 0 0 0 0 0 1 0 1 1 1 0 1 0 0 0 0 1
 0 0 1 0 1 0 0 0 1 0 0 0 1 1 0 0 1 1 0 0 1 1 1 0 1 0 0 1 0 0 0 0 0 0 0 0 1
 1 0 0 0 0 0 1 1 1 0 1 1 0 1 0 1 1 0 1 0 1 1 1 0 0 0 1 1 1 0 0 0 0 0 1 0 1]",29
586,4,gad7,9,PCA,kNN,2,0.4761904761904762,0.5045045045045045,25,31,28,27,"[0 0 1 0 0 0 0 1 1 1 0 1 1 1 0 0 0 0 1 0 0 0 1 0 1 0 0 0 0 0 0 1 0 0 1 1 1
 0 0 1 1 1 0 1 1 1 0 0 1 1 1 1 1 1 1 1 1 0 1 0 1 1 1 0 1 0 0 1 0 1 0 0 0 1
 0 0 0 1 0 1 1 1 1 0 1 0 0 0 0 1 0 0 0 0 1 0 0 0 0 1 1 1 1 0 0 1 0 1 1 0 1]",29
587,4,gad7,9,PCA,RF,2,0.5263157894736843,0.5945945945945946,25,41,18,27,"[0 0 1 1 1 0 0 0 0 1 0 0 1 0 0 0 1 0 0 1 0 0 1 1 0 0 0 0 1 0 0 0 0 0 0 0 0
 0 0 1 1 1 0 0 0 1 0 1 1 1 1 1 1 1 1 1 0 1 1 1 0 0 0 0 1 0 1 0 0 0 1 0 1 0
 1 1 0 0 0 0 1 1 1 0 0 0 0 0 0 1 1 0 0 0 1 1 0 0 0 1 1 1 1 0 0 0 0 0 0 0 0]",29
588,4,gad7,9,PCA,LR,2,0.3902439024390244,0.5495495495495496,16,45,14,36,"[0 0 1 1 0 0 0 1 1 0 0 1 0 1 0 0 0 0 0 0 0 0 0 0 0 0 0 0 1 1 0 0 0 0 0 0 1
 0 0 1 0 1 0 0 0 1 0 0 0 1 0 0 0 1 1 0 0 1 0 1 0 0 0 0 1 0 0 0 0 0 0 0 1 0
 1 0 0 0 0 0 0 0 1 0 1 0 0 0 1 0 1 1 0 0 1 1 0 0 0 0 0 1 1 0 0 0 0 0 0 0 1]",29
589,4,gad7,9,PCA,XG,2,0.48351648351648346,0.5765765765765766,22,42,17,30,"[0 0 1 1 1 0 0 0 0 1 0 0 1 0 0 0 1 0 0 1 0 0 1 0 0 0 0 0 1 0 0 0 0 0 0 0 0
 0 0 1 1 1 0 0 0 1 0 1 1 1 1 1 1 1 0 1 0 1 1 1 0 0 0 0 0 0 1 0 0 0 1 0 1 0
 1 1 0 0 0 0 0 1 1 0 0 0 0 0 0 1 1 0 0 0 1 1 0 0 0 1 1 1 1 0 0 0 0 0 0 0 0]",29
590,4,gad7,9,PCA,SVC,3,0.48351648351648346,0.5765765765765766,22,42,17,30,"[0 0 1 1 0 0 1 1 1 1 0 1 0 1 0 0 0 0 0 0 0 0 0 0 0 1 0 0 1 1 0 1 0 0 0 0 1
 0 0 1 0 1 0 0 0 1 0 0 0 1 0 0 0 1 1 0 0 1 1 1 0 0 0 0 1 0 0 0 0 0 0 0 0 1
 1 0 0 0 0 0 1 1 1 0 1 0 0 0 1 1 1 0 0 0 1 1 0 0 0 0 1 1 1 0 0 0 0 0 1 0 1]",29
591,4,gad7,9,PCA,kNN,3,0.4536082474226804,0.5225225225225225,22,36,23,30,"[0 0 1 0 1 0 1 1 1 1 0 1 1 1 0 0 0 0 1 0 0 0 1 0 1 0 1 0 1 0 0 1 0 1 1 1 0
 0 0 0 0 1 0 0 0 1 0 0 0 1 0 0 1 1 1 1 1 0 1 0 1 0 1 0 1 0 1 0 0 1 0 0 0 1
 0 0 0 1 0 0 0 1 1 0 1 0 0 0 0 1 1 0 0 0 0 0 0 0 0 0 1 0 1 0 0 1 0 1 1 0 1]",29
592,4,gad7,9,PCA,RF,3,0.5,0.6036036036036037,22,45,14,30,"[0 0 1 1 1 0 1 0 1 1 0 0 1 0 0 0 0 0 0 0 0 0 1 0 1 0 0 0 1 0 0 0 0 0 1 1 0
 0 0 0 0 1 0 0 0 1 0 0 1 1 1 1 1 1 1 1 0 1 1 0 0 0 0 1 0 0 1 0 0 0 0 0 1 0
 1 0 0 1 0 0 0 1 1 0 0 0 0 0 0 1 0 0 0 0 1 0 0 0 0 0 1 1 1 0 0 0 0 0 0 0 0]",29
593,4,gad7,9,PCA,LR,3,0.5208333333333334,0.5855855855855856,25,40,19,27,"[0 0 1 1 0 1 1 1 1 1 0 1 0 1 0 0 0 0 0 0 0 0 0 0 0 1 0 0 1 1 0 1 0 0 0 0 1
 0 0 0 0 1 0 0 0 1 0 0 0 1 0 0 0 1 1 0 0 1 1 1 0 0 0 1 1 0 0 0 0 0 0 0 1 1
 0 0 0 0 0 0 1 1 1 0 1 1 0 0 1 1 1 1 1 0 1 1 0 0 0 0 1 1 1 1 0 0 0 0 1 0 1]",29
594,4,gad7,9,PCA,XG,3,0.5274725274725274,0.6126126126126126,24,44,15,28,"[0 0 1 1 1 0 0 0 1 1 0 0 1 0 0 0 0 0 0 0 0 1 1 0 1 0 0 0 1 1 0 0 0 0 1 1 1
 0 0 0 0 1 0 0 0 1 0 0 1 1 1 1 1 1 1 1 0 0 1 1 0 0 0 0 0 0 1 0 0 0 0 0 1 0
 1 1 0 1 0 0 0 1 1 0 0 0 0 0 0 1 0 0 0 0 1 0 0 0 0 1 1 1 1 0 0 0 0 0 0 0 0]",29
595,4,gad7,9,PCA,SVC,4,0.5208333333333334,0.5855855855855856,25,40,19,27,"[0 0 1 1 0 1 1 1 1 1 0 1 0 1 0 0 0 0 0 0 0 0 0 0 1 1 0 0 1 1 0 1 0 0 0 0 1
 0 0 1 0 1 0 0 0 1 0 0 0 1 0 0 0 1 1 0 0 1 1 1 0 0 0 0 1 0 1 0 0 0 0 0 0 1
 1 0 0 0 0 0 1 1 1 0 1 1 0 0 1 1 1 0 1 0 1 1 0 0 0 0 1 1 1 0 0 0 0 0 1 0 1]",29
596,4,gad7,9,PCA,kNN,4,0.40860215053763443,0.5045045045045045,19,37,22,33,"[0 0 0 1 0 0 0 1 1 1 0 1 1 1 0 0 1 0 0 0 0 1 1 0 1 0 0 0 1 0 0 0 0 1 0 1 0
 0 0 1 1 1 0 0 0 1 0 1 0 1 0 0 0 1 1 1 0 1 1 0 0 0 1 0 1 0 1 0 0 1 0 0 0 1
 0 0 0 0 0 0 1 1 1 0 1 0 0 0 0 1 1 0 0 0 0 0 0 0 0 1 1 0 1 0 0 0 0 1 1 0 0]",29
597,4,gad7,9,PCA,RF,4,0.5054945054945056,0.5945945945945946,23,43,16,29,"[0 0 1 1 0 0 1 0 1 1 0 0 1 0 0 0 1 0 1 0 0 1 1 0 1 0 0 0 1 1 0 0 0 0 1 1 0
 0 0 1 0 1 0 0 0 1 0 0 0 1 0 1 1 0 1 1 0 1 1 1 0 0 1 0 1 0 1 0 0 0 0 0 1 0
 1 0 0 1 1 0 0 1 0 0 0 0 0 0 0 1 1 0 0 0 1 0 0 0 0 0 1 0 0 0 0 0 0 1 0 0 0]",29
598,4,gad7,9,PCA,LR,4,0.5052631578947369,0.5765765765765766,24,40,19,28,"[0 0 1 1 0 1 1 1 1 1 0 1 0 1 0 0 0 0 0 0 0 0 0 0 1 1 0 0 1 1 0 1 0 0 0 0 1
 0 0 0 0 1 0 0 0 1 0 0 0 1 0 0 0 1 1 0 0 1 1 1 0 0 0 1 1 0 0 0 0 0 0 0 1 1
 0 0 0 0 0 0 1 1 1 0 1 0 0 0 1 1 1 1 0 0 1 1 0 0 0 0 1 1 1 1 0 0 0 0 1 0 1]",29
599,4,gad7,9,PCA,XG,4,0.5333333333333333,0.6216216216216216,24,45,14,28,"[0 0 1 1 0 1 0 0 1 1 0 0 1 1 0 0 0 0 0 0 0 1 1 0 1 0 0 0 1 1 0 1 0 0 0 1 0
 0 0 1 0 0 0 0 0 1 0 0 1 0 0 1 1 0 0 1 0 1 1 1 0 0 0 0 0 0 1 0 0 0 0 1 1 0
 1 0 0 0 1 1 0 1 0 0 0 0 1 0 0 1 1 0 0 0 1 0 0 0 0 1 1 0 1 0 0 0 0 1 0 0 0]",29
600,4,gad7,9,PCA,SVC,1,0.2222222222222222,0.4954954954954955,8,47,12,44,"[1 0 0 0 0 0 0 0 0 0 0 0 0 0 0 0 0 0 0 0 0 0 0 1 0 0 0 0 0 1 0 0 0 0 0 0 0
 0 0 0 0 0 0 0 1 0 0 0 0 0 0 0 0 0 0 0 0 0 0 0 0 0 0 0 0 0 1 0 1 1 0 1 0 1
 0 1 0 0 0 1 1 0 1 0 0 0 1 0 0 0 1 0 0 0 1 0 1 0 0 0 0 0 1 1 0 0 0 0 1 0 0]",30
601,4,gad7,9,PCA,kNN,1,0.43999999999999995,0.4954954954954955,22,33,26,30,"[1 0 1 0 1 0 0 0 0 1 0 1 1 0 1 1 1 0 0 0 1 1 0 0 0 1 1 0 0 0 0 0 0 1 0 0 0
 1 0 0 1 0 1 0 1 1 1 0 0 1 1 0 0 0 0 1 0 1 1 0 0 1 1 0 0 1 0 1 1 1 0 1 1 0
 0 0 1 0 0 0 0 1 1 0 0 1 1 0 0 1 1 0 1 0 1 0 1 0 0 1 0 1 1 0 0 0 1 0 0 1 0]",30
602,4,gad7,9,PCA,RF,1,0.3409090909090909,0.4774774774774775,15,38,21,37,"[0 0 0 0 1 0 0 0 1 1 1 0 1 0 0 0 0 0 0 0 1 0 0 1 1 0 0 0 1 0 1 0 0 1 1 0 0
 0 0 0 0 1 0 0 1 0 0 0 0 1 1 0 0 0 0 0 0 1 0 0 1 1 0 0 0 0 0 0 1 0 1 0 0 1
 0 0 0 1 0 1 0 0 0 0 0 1 1 0 0 0 1 0 1 0 1 0 1 0 1 1 0 0 1 1 0 1 1 0 0 0 0]",30
603,4,gad7,9,PCA,LR,1,0.5196850393700788,0.45045045045045046,33,17,42,19,"[0 0 1 1 1 1 1 0 1 1 0 0 1 1 1 1 1 1 0 1 1 1 1 1 1 1 1 1 0 1 0 0 0 1 1 1 0
 1 1 1 1 0 0 1 0 1 1 1 1 1 1 1 1 0 1 0 1 1 1 1 1 1 1 0 1 0 1 1 0 1 0 0 1 1
 0 1 0 1 1 1 1 1 0 1 1 0 0 1 0 1 0 0 1 1 0 0 0 1 1 1 1 1 0 1 1 1 1 0 1 0 0]",30
604,4,gad7,9,PCA,XG,1,0.3829787234042554,0.4774774774774775,18,35,24,34,"[1 0 0 0 1 0 0 0 1 1 1 0 1 0 0 0 0 0 0 0 1 1 0 1 1 0 0 0 1 1 1 0 0 1 0 0 0
 0 0 0 0 1 0 0 1 0 1 0 0 1 1 0 0 0 0 1 0 1 0 0 0 1 0 0 0 0 0 0 1 1 1 0 0 1
 0 0 0 1 0 1 1 0 1 0 0 1 1 0 0 0 1 0 1 0 1 0 1 0 1 1 0 0 1 1 0 1 1 0 0 0 0]",30
605,4,gad7,9,PCA,SVC,2,0.3564356435643564,0.4144144144144144,18,28,31,34,"[1 0 0 0 1 1 1 0 0 1 0 0 1 0 1 1 1 0 0 1 1 0 1 1 0 0 0 0 0 1 0 0 0 0 1 1 0
 0 1 0 0 0 0 1 1 0 1 0 0 0 0 1 1 0 1 0 0 1 0 0 1 0 0 0 1 0 1 1 1 1 0 1 0 1
 0 1 0 0 0 1 1 1 1 0 1 0 1 1 0 1 1 0 0 0 1 0 1 0 0 0 0 0 1 1 0 1 1 0 1 0 0]",30
606,4,gad7,9,PCA,kNN,2,0.4814814814814815,0.4954954954954955,26,29,30,26,"[1 0 0 0 1 0 1 0 1 1 0 1 1 1 1 1 1 0 1 0 0 1 0 0 1 1 1 0 1 0 1 0 0 0 0 0 1
 1 0 0 0 1 1 0 1 0 1 0 0 0 0 1 1 1 1 1 0 1 1 1 0 1 1 0 0 1 0 0 1 1 1 0 0 0
 1 0 1 0 1 1 0 0 1 0 1 0 1 1 0 1 1 0 1 1 1 0 1 0 0 0 1 0 0 0 0 1 1 0 0 1 0]",30
607,4,gad7,9,PCA,RF,2,0.34782608695652173,0.4594594594594595,16,35,24,36,"[1 0 0 0 0 0 1 0 1 0 0 0 1 0 0 0 0 0 1 0 0 0 0 0 0 0 1 0 1 0 1 0 0 0 0 0 0
 0 0 0 0 1 1 0 1 0 1 1 0 0 0 0 1 1 1 1 0 1 1 0 0 1 1 0 0 1 0 0 0 1 1 1 0 0
 1 0 1 0 0 1 0 0 1 0 0 0 1 1 0 1 1 0 1 0 1 0 1 0 0 0 1 0 1 0 0 1 1 0 0 0 0]",30
608,4,gad7,9,PCA,LR,2,0.3448275862068965,0.4864864864864865,15,39,20,37,"[0 1 0 0 1 1 1 0 0 1 0 0 1 0 1 1 1 0 0 0 1 0 1 0 0 0 0 0 0 1 0 0 0 0 1 1 0
 0 1 0 0 0 0 0 0 0 1 0 0 0 0 1 1 0 1 0 0 1 0 0 1 0 0 0 0 0 0 1 0 1 0 0 0 0
 0 0 0 0 0 1 1 1 0 0 1 1 1 1 0 1 1 1 0 0 0 0 0 0 0 0 0 0 0 0 0 1 1 0 0 0 0]",30
609,4,gad7,9,PCA,XG,2,0.37777777777777777,0.4954954954954955,17,38,21,35,"[1 0 0 0 0 0 1 0 0 0 0 0 1 1 0 0 0 0 1 0 1 0 0 0 1 0 0 0 1 0 1 0 0 0 0 0 0
 0 0 0 0 1 1 0 1 0 1 1 0 0 0 0 1 1 0 1 0 1 1 1 0 1 0 0 0 1 0 0 0 1 1 1 0 0
 0 0 1 0 0 1 0 0 1 0 0 0 1 1 0 1 1 0 1 0 1 0 1 0 0 0 1 0 0 0 0 1 1 0 0 0 0]",30
610,4,gad7,9,PCA,SVC,3,0.38834951456310685,0.43243243243243246,20,28,31,32,"[1 0 0 0 1 1 1 0 0 1 0 0 1 0 1 1 1 0 0 1 1 0 0 1 0 1 0 0 0 1 0 0 0 0 1 0 0
 1 1 0 0 0 0 1 1 0 1 0 0 0 0 1 1 0 1 0 0 1 0 0 1 0 1 0 1 0 1 1 1 1 0 1 0 1
 0 1 0 0 0 1 1 1 1 0 1 0 1 1 0 1 1 0 1 0 1 0 1 0 0 0 0 0 1 1 0 1 1 0 1 0 0]",30
611,4,gad7,9,PCA,kNN,3,0.4528301886792453,0.4774774774774775,24,29,30,28,"[1 0 0 0 1 0 1 0 0 1 0 0 1 0 1 1 1 0 1 1 0 1 0 0 0 1 0 0 1 1 1 0 1 0 0 0 0
 1 0 0 0 1 1 0 1 0 0 0 0 0 0 1 1 1 1 0 0 1 1 0 0 1 1 0 1 1 0 1 1 1 0 1 1 0
 1 0 1 0 1 1 1 0 1 0 1 0 0 1 1 1 1 0 1 0 1 0 1 0 0 0 0 1 0 0 0 1 1 1 0 1 0]",30
612,4,gad7,9,PCA,RF,3,0.4123711340206186,0.4864864864864865,20,34,25,32,"[1 0 0 0 1 1 1 0 0 0 0 0 1 0 0 0 0 1 1 1 0 0 0 0 0 0 0 0 1 0 1 0 1 0 0 0 0
 0 0 0 1 1 1 0 1 0 1 1 0 0 0 1 1 1 1 1 0 1 1 0 0 1 1 0 0 1 0 1 1 1 0 1 0 0
 1 0 1 0 0 1 0 0 1 0 0 0 1 1 0 1 1 0 1 0 1 0 1 0 0 0 1 0 0 0 0 1 1 0 0 0 0]",30
613,4,gad7,9,PCA,LR,3,0.38095238095238093,0.4144144144144144,20,26,33,32,"[1 1 0 0 1 1 1 0 0 1 0 0 1 0 1 1 1 0 0 1 1 0 1 1 0 1 0 0 0 1 0 0 0 0 1 1 0
 0 1 0 0 0 0 0 0 0 1 0 0 0 0 1 1 0 1 0 0 1 0 0 1 1 1 0 1 0 0 1 1 1 0 1 0 1
 0 1 0 0 1 1 1 1 1 0 1 1 1 1 0 1 1 1 1 0 1 0 0 0 0 0 0 0 1 1 0 1 1 0 1 0 0]",30
614,4,gad7,9,PCA,XG,3,0.36734693877551017,0.44144144144144143,18,31,28,34,"[1 0 0 0 0 1 1 0 0 0 0 0 1 0 0 0 0 1 1 1 0 0 0 0 0 0 0 0 1 0 1 0 1 0 0 0 0
 1 1 0 0 1 1 1 1 0 1 1 0 0 0 0 1 1 1 1 0 1 1 0 1 1 1 0 0 1 0 0 0 0 0 1 1 1
 1 0 1 0 0 0 0 0 1 0 0 1 1 1 0 0 1 0 1 0 1 0 1 0 0 0 1 1 0 1 0 1 1 0 0 0 0]",30
615,4,gad7,9,PCA,SVC,4,0.4864864864864865,0.4864864864864865,27,27,32,25,"[1 0 0 0 1 1 1 0 0 1 1 1 1 0 1 1 1 0 1 1 1 0 0 0 0 0 0 0 1 1 1 0 1 0 1 0 1
 0 1 0 0 1 1 0 1 0 1 0 0 0 0 1 1 1 0 1 0 1 0 0 1 0 1 0 0 1 0 1 1 1 1 1 0 0
 1 0 1 0 0 1 1 1 1 0 1 0 1 1 1 1 1 0 1 0 1 0 1 0 0 0 0 0 1 0 0 1 1 1 0 1 1]",30
616,4,gad7,9,PCA,kNN,4,0.4761904761904762,0.5045045045045045,25,31,28,27,"[0 0 0 1 1 1 0 0 1 1 0 1 0 0 1 1 0 0 1 1 0 0 0 0 0 0 0 0 0 1 1 0 1 0 0 0 1
 0 0 0 0 1 1 0 1 0 0 0 0 1 0 1 1 1 1 1 0 1 1 0 0 0 1 0 0 1 0 1 1 1 1 1 0 0
 1 0 1 0 0 1 1 0 1 0 1 0 0 1 1 1 1 0 1 0 0 0 1 1 0 0 1 1 1 0 0 1 1 1 0 1 1]",30
617,4,gad7,9,PCA,RF,4,0.3655913978494624,0.46846846846846846,17,35,24,35,"[1 0 0 0 1 0 1 0 0 0 0 0 0 0 0 0 0 0 1 1 1 0 0 0 0 0 0 1 1 0 1 0 1 0 1 0 0
 0 1 0 0 1 1 0 1 0 0 0 0 0 0 1 1 1 1 1 0 1 0 0 0 0 1 0 0 1 0 1 0 1 0 1 0 0
 1 0 1 0 0 1 0 0 1 0 1 1 1 1 0 0 1 0 1 0 0 0 1 0 0 0 1 0 1 0 0 1 1 0 0 0 0]",30
618,4,gad7,9,PCA,LR,4,0.3564356435643564,0.4144144144144144,18,28,31,34,"[1 1 0 0 1 1 1 0 0 1 0 0 1 0 1 1 1 0 0 1 1 0 1 1 0 0 0 0 0 1 0 0 0 0 1 1 0
 0 1 0 0 0 0 0 0 0 1 0 0 0 0 1 1 0 1 0 0 1 0 0 1 0 1 0 1 0 0 1 1 1 0 1 0 1
 0 1 0 0 0 1 1 1 1 0 1 1 1 1 0 1 1 1 1 0 1 0 0 0 0 0 0 0 1 1 0 1 1 0 0 0 0]",30
619,4,gad7,9,PCA,XG,4,0.4130434782608696,0.5135135135135135,19,38,21,33,"[0 0 0 0 1 0 1 0 0 0 0 0 0 0 0 0 1 0 1 0 0 0 1 0 0 0 0 1 1 0 1 0 1 0 1 0 0
 0 1 0 0 1 1 0 0 0 1 0 0 0 0 0 1 1 0 0 1 1 1 0 0 0 1 0 0 1 0 1 0 0 0 1 0 0
 1 0 1 1 0 1 0 1 1 0 0 1 1 1 0 0 1 1 1 0 0 0 1 0 0 0 1 1 0 0 0 1 1 0 0 0 0]",30
620,4,gad7,9,PCA,SVC,1,0.3636363636363637,0.4954954954954955,16,39,20,36,"[0 0 0 1 1 0 1 1 0 0 0 0 0 1 1 0 0 0 0 0 0 0 0 0 0 0 0 1 1 0 0 0 0 1 0 1 1
 1 1 0 0 0 0 1 0 1 1 1 0 1 0 0 0 0 0 1 0 1 0 1 0 0 1 0 0 0 0 0 0 0 1 0 1 0
 0 1 0 1 0 0 1 0 1 0 0 0 0 0 0 0 0 1 0 1 1 0 0 0 1 1 1 0 0 0 1 0 0 0 1 0 0]",31
621,4,gad7,9,PCA,kNN,1,0.5137614678899082,0.5225225225225225,28,30,29,24,"[0 1 1 1 0 0 1 1 1 0 0 0 0 0 1 1 1 0 1 0 0 1 1 1 0 0 0 1 1 1 0 0 0 1 1 0 0
 0 1 1 1 0 1 1 0 1 0 1 1 0 1 0 0 1 1 0 0 1 1 0 0 0 1 1 1 1 0 0 1 0 0 1 0 0
 0 1 0 0 0 1 0 0 1 1 0 1 0 0 1 1 1 1 0 1 1 1 1 0 1 1 1 0 0 1 0 1 0 0 1 1 0]",31
622,4,gad7,9,PCA,RF,1,0.3908045977011494,0.5225225225225225,17,41,18,35,"[0 1 1 0 0 0 0 0 0 0 0 1 0 0 0 0 0 0 0 0 0 1 1 1 1 0 1 0 1 0 0 0 0 0 0 0 1
 1 1 1 1 0 0 1 0 1 0 1 0 1 0 0 0 0 0 1 1 1 0 1 0 0 1 0 0 0 0 1 0 1 0 0 0 0
 0 1 0 0 0 1 0 1 0 0 0 0 0 0 0 0 0 1 0 0 0 0 0 1 1 0 1 1 0 0 0 0 1 0 0 1 0]",31
623,4,gad7,9,PCA,LR,1,0.4727272727272727,0.4774774774774775,26,27,32,26,"[0 1 0 1 1 0 1 1 0 1 0 0 0 1 1 0 0 1 1 0 1 1 0 1 0 0 0 1 1 0 1 0 1 1 0 1 0
 1 1 0 1 0 0 1 1 1 1 1 0 1 1 0 0 0 1 1 0 1 1 1 1 1 1 0 0 1 0 0 1 0 1 0 1 0
 0 1 1 1 1 0 1 0 1 0 0 1 0 0 0 0 0 1 1 1 1 0 1 0 1 1 1 0 0 0 1 0 0 0 1 0 0]",31
624,4,gad7,9,PCA,XG,1,0.3870967741935483,0.4864864864864865,18,36,23,34,"[0 1 1 1 0 0 1 1 0 0 0 1 0 0 1 0 0 0 0 0 0 1 1 1 0 0 0 1 1 0 0 0 0 1 0 0 1
 1 1 1 1 0 0 1 0 1 0 1 0 1 1 0 0 0 0 0 1 1 0 1 0 0 1 0 0 1 0 1 1 0 0 0 0 0
 0 1 0 0 0 1 0 0 0 0 0 0 0 0 0 0 0 1 0 1 1 0 0 0 1 1 1 1 0 1 0 0 0 0 0 1 0]",31
625,4,gad7,9,PCA,SVC,2,0.275,0.4774774774774775,11,42,17,41,"[0 0 1 1 1 0 0 0 0 0 0 0 0 1 1 0 0 1 0 0 0 1 0 0 0 0 0 0 0 0 1 0 1 0 1 1 0
 0 0 0 0 0 0 0 0 0 0 1 0 0 0 0 0 0 0 0 0 0 0 0 1 0 0 0 0 0 0 0 0 0 1 0 1 0
 0 1 0 1 1 0 1 0 0 0 0 0 0 1 1 1 0 1 0 0 0 1 1 0 1 0 0 0 0 0 1 0 0 0 1 0 0]",31
626,4,gad7,9,PCA,kNN,2,0.43564356435643564,0.4864864864864865,22,32,27,30,"[0 0 1 1 1 0 1 1 0 1 0 0 0 1 1 1 0 1 1 0 0 0 1 1 1 0 0 0 1 1 0 0 1 1 1 1 0
 0 1 0 0 0 0 0 0 1 0 1 0 0 0 0 0 0 1 1 0 1 0 0 1 0 0 1 0 1 0 0 0 0 1 0 1 0
 0 1 0 1 1 0 1 0 0 1 0 0 0 1 1 1 1 1 1 0 0 1 0 0 1 1 0 0 0 0 1 1 0 0 1 1 0]",31
627,4,gad7,9,PCA,RF,2,0.45161290322580644,0.5405405405405406,21,39,20,31,"[0 0 1 1 0 0 1 0 0 0 0 0 0 0 1 0 0 1 1 0 0 0 1 1 1 0 1 0 1 0 0 0 1 0 1 1 0
 0 1 0 0 0 0 0 0 1 0 0 0 0 0 0 0 0 0 1 0 1 0 0 0 1 0 1 0 1 0 0 1 0 0 0 1 0
 0 1 0 0 1 0 1 0 1 0 0 0 0 1 1 1 0 1 1 0 1 1 0 0 1 1 1 0 0 0 1 1 0 0 1 1 0]",31
628,4,gad7,9,PCA,LR,2,0.29629629629629634,0.4864864864864865,12,42,17,40,"[0 0 1 1 1 0 0 0 0 0 0 0 0 1 1 0 0 1 0 0 0 1 0 0 0 0 0 0 0 0 1 0 1 0 1 1 0
 0 0 0 0 0 0 0 0 0 0 1 0 0 1 0 0 0 0 0 0 0 0 0 1 0 0 0 0 0 0 0 0 0 1 0 1 0
 0 1 0 1 1 0 1 0 0 0 0 0 0 1 1 1 0 1 0 0 0 1 1 0 1 0 0 0 0 0 1 0 0 0 1 0 0]",31
629,4,gad7,9,PCA,XG,2,0.4536082474226804,0.5225225225225225,22,36,23,30,"[0 0 1 1 1 0 1 0 0 0 0 0 0 1 1 1 0 0 0 0 0 0 1 1 1 0 0 0 1 0 0 0 1 1 1 1 1
 1 1 0 0 0 0 1 0 1 0 0 1 0 0 0 0 0 0 1 0 1 0 0 1 0 0 1 1 1 1 0 1 0 1 0 0 0
 0 1 0 0 1 1 0 0 1 0 0 0 0 1 1 1 0 1 1 0 0 1 0 0 1 1 0 0 0 0 1 0 0 0 1 1 0]",31
630,4,gad7,9,PCA,SVC,3,0.275,0.4774774774774775,11,42,17,41,"[0 0 1 1 1 0 0 0 0 0 0 0 0 1 1 0 0 1 0 0 0 1 0 0 0 0 0 0 0 0 1 0 1 0 1 1 0
 0 0 0 0 0 0 0 0 0 0 1 0 0 0 0 0 0 0 0 0 0 0 0 1 0 0 0 0 0 0 0 0 0 1 0 1 0
 0 1 0 1 1 0 1 0 0 0 0 0 0 1 1 1 0 1 0 0 0 1 1 0 1 0 0 0 0 0 1 0 0 0 1 0 0]",31
631,4,gad7,9,PCA,kNN,3,0.4791666666666667,0.5495495495495496,23,38,21,29,"[0 0 1 0 1 0 0 1 1 1 0 0 1 1 1 0 0 0 1 0 0 1 0 1 1 0 0 0 1 0 0 0 1 1 1 1 0
 0 0 0 0 0 0 1 0 1 0 1 0 1 1 0 0 0 1 0 0 1 0 0 1 0 1 1 0 0 0 0 0 0 1 1 1 0
 0 0 0 0 0 0 1 0 0 1 0 0 0 1 1 1 1 0 1 0 0 1 0 1 1 1 0 0 0 0 1 1 0 0 1 0 0]",31
632,4,gad7,9,PCA,RF,3,0.4583333333333333,0.5315315315315315,22,37,22,30,"[0 0 1 0 1 0 0 1 0 0 0 1 0 1 1 1 0 1 1 0 0 0 1 1 0 0 0 0 1 0 0 0 1 1 1 1 1
 0 1 0 0 0 1 1 0 1 0 0 0 0 0 0 0 0 1 1 0 1 0 0 1 0 0 1 1 0 0 0 0 1 0 0 1 0
 0 1 0 1 0 0 1 1 0 0 0 0 0 0 1 1 0 0 1 0 1 1 0 1 1 1 0 0 0 0 1 0 0 0 1 1 0]",31
633,4,gad7,9,PCA,LR,3,0.29629629629629634,0.4864864864864865,12,42,17,40,"[0 0 1 1 1 0 0 0 0 0 0 0 0 1 1 0 0 1 0 0 0 1 0 0 0 0 0 0 0 0 1 0 1 0 1 1 0
 0 0 0 0 0 0 0 0 0 0 1 0 0 1 0 0 0 0 0 0 0 0 0 1 0 0 0 0 0 0 0 0 0 1 0 1 0
 0 1 0 1 1 0 1 0 0 0 0 0 0 1 1 1 0 1 0 0 0 1 1 0 1 0 0 0 0 0 1 0 0 0 1 0 0]",31
634,4,gad7,9,PCA,XG,3,0.505050505050505,0.5585585585585585,25,37,22,27,"[0 0 0 0 1 0 0 0 1 0 0 0 0 1 1 1 0 0 0 0 0 0 1 1 0 0 0 0 1 0 0 0 1 1 1 1 1
 1 1 0 0 0 1 1 0 1 0 1 0 0 0 0 0 0 1 1 0 1 0 0 1 1 0 1 1 0 0 0 1 1 0 0 1 0
 0 1 0 0 0 1 1 1 0 0 0 0 0 0 1 1 1 1 1 0 1 0 0 1 0 1 1 1 0 0 1 0 1 0 1 1 0]",31
635,4,gad7,9,PCA,SVC,4,0.275,0.4774774774774775,11,42,17,41,"[0 0 1 1 1 0 0 0 0 0 0 0 0 1 1 0 0 1 0 0 0 1 0 0 0 0 0 0 0 0 1 0 1 0 1 1 0
 0 0 0 0 0 0 0 0 0 0 1 0 0 0 0 0 0 0 0 0 0 0 0 1 0 0 0 0 0 0 0 0 0 1 0 1 0
 0 1 0 1 1 0 1 0 0 0 0 0 0 1 1 1 0 1 0 0 0 1 1 0 1 0 0 0 0 0 1 0 0 0 1 0 0]",31
636,4,gad7,9,PCA,kNN,4,0.44680851063829785,0.5315315315315315,21,38,21,31,"[0 0 1 1 0 0 1 1 1 0 0 0 0 0 1 0 0 1 0 0 0 1 0 1 1 0 0 0 0 1 0 0 1 0 1 0 0
 0 0 0 0 0 1 0 1 0 0 1 0 1 1 0 0 0 1 0 0 0 1 0 1 1 0 0 1 1 0 0 0 1 0 0 0 0
 0 0 0 1 0 0 1 0 0 1 0 0 0 1 1 1 1 0 1 1 1 1 0 1 1 1 0 0 0 0 1 1 0 0 1 0 0]",31
637,4,gad7,9,PCA,RF,4,0.4,0.5405405405405406,17,43,16,35,"[0 0 1 1 0 0 1 0 0 0 0 0 0 0 1 0 0 1 0 0 0 1 1 1 1 0 0 0 1 0 0 0 1 1 1 0 0
 0 0 0 0 0 1 0 0 1 1 1 0 0 0 0 0 0 1 0 0 0 0 0 0 0 0 1 0 1 0 0 0 1 1 0 0 0
 0 1 0 0 0 0 1 1 0 0 0 0 0 0 1 1 0 0 1 0 0 1 0 1 0 0 0 0 0 0 1 1 0 0 0 1 0]",31
638,4,gad7,9,PCA,LR,4,0.3448275862068965,0.4864864864864865,15,39,20,37,"[0 1 1 1 1 0 0 0 0 0 0 0 0 1 1 0 0 1 0 0 0 1 0 0 1 0 0 0 0 0 1 0 1 0 1 1 0
 0 0 0 1 0 1 0 0 0 0 1 0 0 0 0 0 1 0 0 0 0 0 0 1 0 0 0 0 1 0 0 0 0 1 0 1 0
 0 1 0 1 1 0 1 0 0 0 0 0 0 1 1 1 0 1 0 0 0 1 1 0 1 0 0 0 0 0 1 1 0 0 1 0 0]",31
639,4,gad7,9,PCA,XG,4,0.36781609195402304,0.5045045045045045,16,40,19,36,"[0 0 0 1 0 0 1 0 0 0 0 1 0 0 1 0 1 1 0 0 0 1 1 1 0 0 1 0 1 0 0 0 1 1 0 0 1
 0 0 0 0 0 1 0 1 1 1 1 0 0 0 0 0 0 1 0 0 0 0 0 1 0 1 1 0 0 0 0 0 1 1 0 0 0
 0 1 1 0 0 1 0 1 0 0 0 0 0 0 1 1 0 1 1 0 0 0 0 0 0 0 0 0 0 0 1 0 0 0 0 1 0]",31
640,4,gad7,9,PCA,SVC,1,0.29729729729729726,0.5315315315315315,11,48,11,41,"[1 0 1 0 0 1 0 1 0 0 0 0 1 0 0 0 0 0 0 0 0 0 0 0 0 0 0 0 0 0 0 0 0 0 1 0 0
 0 0 0 0 1 0 0 0 0 0 0 0 0 0 0 0 1 0 1 0 0 0 1 0 0 1 0 0 0 1 0 0 0 0 0 0 0
 0 0 0 0 1 0 0 0 0 0 0 0 1 0 1 0 0 1 0 0 0 0 0 0 0 0 1 0 0 0 1 1 1 0 1 0 1]",32
641,4,gad7,9,PCA,kNN,1,0.4423076923076923,0.4774774774774775,23,30,29,29,"[1 0 0 1 1 0 1 1 1 0 1 1 1 1 1 1 0 0 0 0 1 1 0 1 1 1 0 0 0 0 0 0 0 0 1 1 0
 0 1 1 0 0 0 1 1 1 1 1 0 0 0 0 0 1 1 1 1 0 0 1 1 0 1 0 1 0 1 0 1 0 0 0 0 0
 0 0 0 1 0 1 0 0 0 0 0 0 1 0 1 0 1 1 1 0 0 1 1 0 0 1 1 1 1 0 0 0 0 0 1 1 1]",32
642,4,gad7,9,PCA,RF,1,0.40404040404040403,0.46846846846846846,20,32,27,32,"[1 0 0 1 1 0 1 1 1 1 1 0 0 0 0 1 0 0 0 0 1 1 0 1 0 1 0 0 0 0 1 1 0 1 0 1 0
 0 0 1 0 0 0 1 1 0 1 1 1 0 0 0 0 1 1 1 1 0 0 1 0 0 1 0 0 0 1 0 0 1 0 0 0 0
 0 0 1 1 0 1 1 0 0 0 0 0 1 0 1 1 0 1 1 0 0 1 1 0 0 0 1 1 1 0 0 0 0 0 1 0 1]",32
643,4,gad7,9,PCA,LR,1,0.3908045977011494,0.5225225225225225,17,41,18,35,"[1 0 1 0 0 1 0 1 0 0 0 0 1 0 0 0 0 1 0 1 0 0 0 0 0 1 0 0 1 0 0 0 0 1 1 0 0
 0 0 0 0 1 1 0 0 0 0 0 1 0 0 1 0 1 0 1 0 0 0 1 0 0 1 1 1 0 1 0 0 0 0 0 1 0
 0 0 0 0 1 0 0 0 1 0 0 0 1 0 1 0 0 1 0 0 0 0 0 0 0 0 1 0 0 0 1 1 1 0 1 1 1]",32
644,4,gad7,9,PCA,XG,1,0.43564356435643564,0.4864864864864865,22,32,27,30,"[1 0 0 1 1 0 1 1 1 1 1 0 0 0 0 1 0 0 0 0 1 1 0 1 0 1 0 0 0 0 0 0 0 1 0 1 0
 0 1 1 0 0 1 1 1 0 1 1 1 0 0 0 0 1 0 1 1 0 0 1 0 0 1 1 0 0 1 0 1 1 0 0 0 0
 0 0 1 1 1 1 1 0 1 0 0 0 1 0 1 1 0 1 1 0 0 1 1 0 0 0 1 0 1 0 0 0 0 0 1 0 1]",32
645,4,gad7,9,PCA,SVC,2,0.48000000000000004,0.5315315315315315,24,35,24,28,"[1 1 1 0 1 1 0 1 1 0 1 1 1 1 0 0 0 0 0 0 0 0 0 1 0 0 0 0 0 0 0 0 1 0 1 1 1
 0 0 1 0 1 0 0 1 1 0 0 1 0 1 0 0 1 0 1 0 0 1 1 0 0 1 1 1 0 0 1 0 0 0 1 0 1
 1 0 0 0 0 0 1 1 1 1 0 0 1 1 1 1 0 1 0 0 0 0 0 0 1 0 1 0 0 1 0 0 1 0 1 0 1]",32
646,4,gad7,9,PCA,kNN,2,0.4536082474226804,0.5225225225225225,22,36,23,30,"[0 1 0 0 1 0 0 1 1 0 0 0 0 1 1 1 0 0 0 0 0 0 1 0 0 0 0 1 0 0 0 0 1 0 0 1 1
 0 0 0 0 1 0 0 0 1 1 0 1 1 1 0 0 0 1 0 0 1 0 0 0 0 1 1 1 1 0 1 0 0 0 1 0 0
 1 0 0 0 0 0 1 0 1 1 1 0 1 1 1 0 1 1 1 0 0 0 0 0 0 0 1 1 1 1 0 0 1 1 1 0 1]",32
647,4,gad7,9,PCA,RF,2,0.4210526315789474,0.5045045045045045,20,36,23,32,"[0 1 0 0 1 1 0 1 1 1 1 0 0 1 0 1 0 0 0 0 0 0 0 1 0 0 0 0 0 0 0 0 0 0 0 1 1
 0 0 0 0 0 1 0 1 0 1 1 1 0 1 0 0 0 0 1 0 1 0 1 0 0 1 1 1 0 1 1 0 0 0 1 0 0
 0 0 0 0 0 0 0 0 0 1 1 0 1 1 1 0 1 1 1 0 0 0 0 0 0 0 1 0 1 1 0 0 1 1 1 1 1]",32
648,4,gad7,9,PCA,LR,2,0.505050505050505,0.5585585585585585,25,37,22,27,"[0 1 0 0 1 0 0 1 1 0 1 1 0 1 0 0 0 1 0 1 0 0 0 1 0 0 0 0 1 0 0 0 1 1 0 1 1
 0 0 0 0 1 0 0 1 1 0 0 1 0 1 1 0 1 0 0 0 0 1 0 0 0 1 1 1 0 1 1 0 0 0 1 1 1
 1 0 0 0 1 0 1 1 1 1 0 0 0 1 1 1 0 0 1 0 0 0 0 0 1 0 0 0 0 1 1 1 0 0 1 0 1]",32
649,4,gad7,9,PCA,XG,2,0.4631578947368421,0.5405405405405406,22,38,21,30,"[0 1 0 1 1 0 0 1 1 0 1 0 0 1 0 1 0 0 0 0 0 0 0 1 0 0 0 0 0 0 0 1 0 0 0 1 0
 0 0 0 1 0 1 0 1 0 1 1 0 0 1 0 0 1 1 1 0 1 0 1 1 0 1 0 1 0 1 1 0 0 0 1 0 0
 0 0 0 0 1 0 0 0 0 1 1 0 0 1 1 0 0 1 1 0 0 0 0 0 0 0 1 0 1 1 1 0 0 1 1 1 1]",32
650,4,gad7,9,PCA,SVC,3,0.5098039215686274,0.5495495495495496,26,35,24,26,"[1 1 1 0 1 1 0 1 1 0 1 1 1 1 0 0 0 0 0 0 0 0 1 1 0 0 0 0 0 0 0 0 1 0 1 1 1
 0 0 0 0 0 0 0 1 1 0 0 0 1 1 0 0 1 0 1 0 0 1 1 0 0 1 1 1 0 1 1 0 0 0 1 0 1
 1 0 0 0 1 0 1 1 0 1 0 0 1 1 1 1 0 1 1 0 0 0 0 0 1 0 1 0 0 1 1 1 1 0 1 0 0]",32
651,4,gad7,9,PCA,kNN,3,0.4999999999999999,0.5675675675675675,24,39,20,28,"[0 1 0 0 1 0 0 1 1 0 1 1 0 1 0 0 1 0 0 0 1 0 1 0 0 1 0 1 0 0 0 1 0 0 0 0 1
 0 0 0 1 0 1 0 1 1 1 0 0 1 1 0 0 0 1 0 0 0 1 0 0 0 1 1 1 0 0 0 0 0 0 0 0 0
 1 1 0 0 0 0 1 0 1 1 1 0 1 1 1 0 0 1 1 0 0 0 1 0 0 0 1 0 1 1 0 0 0 0 1 1 1]",32
652,4,gad7,9,PCA,RF,3,0.46153846153846156,0.5585585585585585,21,41,18,31,"[1 0 0 0 1 0 0 1 1 1 1 0 0 1 0 1 0 0 0 0 1 0 0 1 0 0 0 0 0 0 0 1 0 0 0 0 0
 0 0 0 1 0 1 0 1 1 1 0 1 0 1 0 0 0 0 1 0 1 0 1 0 0 1 1 1 1 0 0 0 0 0 0 0 0
 0 0 0 0 1 0 0 0 1 0 1 0 1 1 1 0 1 1 1 0 0 0 0 0 0 0 0 0 1 0 0 0 1 0 1 1 1]",32
653,4,gad7,9,PCA,LR,3,0.5454545454545454,0.5945945945945946,27,39,20,25,"[0 1 1 0 1 1 0 1 1 0 1 1 1 1 0 0 0 1 0 0 0 0 0 1 0 0 0 0 0 0 0 0 1 1 1 1 0
 0 0 0 0 0 1 0 1 1 0 0 0 0 1 0 0 1 0 0 0 0 1 0 0 0 1 1 1 0 1 1 0 0 0 1 0 1
 1 0 0 0 1 0 1 1 0 1 0 0 1 1 1 1 0 1 1 0 0 0 0 0 1 0 1 0 0 1 1 1 1 0 1 0 0]",32
654,4,gad7,9,PCA,XG,3,0.4,0.5405405405405406,17,43,16,35,"[0 0 0 0 1 1 0 1 1 1 1 0 0 1 0 0 0 0 0 0 1 0 0 1 0 0 0 0 0 0 0 1 0 0 0 1 0
 0 0 0 1 0 0 0 1 1 1 1 1 0 1 0 0 0 0 0 0 1 0 1 0 0 1 0 1 1 0 0 0 0 0 0 0 0
 0 0 0 0 0 0 0 0 1 0 1 0 0 1 1 0 1 1 1 0 0 0 0 0 0 0 0 0 1 0 0 0 0 0 1 1 0]",32
655,4,gad7,9,PCA,SVC,4,0.5242718446601942,0.5585585585585585,27,35,24,25,"[1 1 1 0 1 1 0 1 1 0 1 1 1 1 0 0 0 0 0 0 0 0 1 1 0 0 0 0 0 0 0 0 1 0 1 1 1
 0 0 1 0 0 0 0 1 1 0 0 0 1 1 0 0 1 0 1 0 0 1 1 0 0 1 1 1 0 1 1 0 0 0 1 0 1
 1 0 0 0 1 0 1 1 0 1 0 0 1 1 1 1 0 1 1 0 0 0 0 0 1 0 1 0 0 1 1 1 1 0 1 0 0]",32
656,4,gad7,9,PCA,kNN,4,0.5052631578947369,0.5765765765765766,24,40,19,28,"[0 1 0 0 1 0 0 0 1 0 1 1 0 1 0 1 1 0 0 0 1 0 1 0 0 0 0 1 0 0 0 0 0 0 0 0 1
 1 0 0 1 0 1 0 1 1 0 1 1 1 0 0 0 0 0 1 0 1 0 0 0 0 1 1 1 0 0 0 0 0 0 0 0 0
 1 1 0 1 0 0 1 0 1 1 1 0 1 1 1 0 0 1 1 0 0 0 1 1 0 0 1 0 1 0 0 0 0 0 1 0 1]",32
657,4,gad7,9,PCA,RF,4,0.4318181818181818,0.5495495495495496,19,42,17,33,"[1 1 0 0 1 0 0 1 1 1 1 1 0 0 0 1 0 0 0 0 0 0 0 1 0 0 0 1 0 0 0 1 0 0 0 0 0
 0 0 0 1 0 1 0 1 1 1 0 1 0 0 0 0 0 0 1 0 1 0 1 0 0 1 0 1 0 0 0 0 0 0 0 0 0
 0 0 0 0 0 0 0 0 1 1 1 0 1 1 1 0 1 1 1 0 0 0 0 0 0 0 1 0 1 0 0 0 1 0 1 0 0]",32
658,4,gad7,9,PCA,LR,4,0.5769230769230769,0.6036036036036037,30,37,22,22,"[0 1 1 0 1 1 0 1 1 1 1 1 1 0 0 0 1 1 0 0 0 0 0 1 0 1 0 0 0 0 0 1 1 1 1 1 0
 0 0 0 0 0 1 0 1 1 0 0 1 0 1 0 0 1 0 0 0 0 1 0 0 0 1 1 1 0 1 1 0 0 0 1 0 1
 1 0 1 0 1 0 1 1 0 1 0 0 1 1 1 1 0 1 1 0 0 0 0 0 1 0 1 0 0 1 1 1 1 0 1 0 0]",32
659,4,gad7,9,PCA,XG,4,0.3764705882352941,0.5225225225225225,16,42,17,36,"[1 0 0 0 1 0 0 1 1 1 1 0 0 1 0 0 0 0 0 0 0 0 0 1 0 1 0 0 0 0 0 1 0 0 0 1 0
 0 0 0 1 0 1 0 1 1 0 0 0 0 0 0 0 0 0 1 0 1 0 1 0 0 1 1 1 0 0 0 0 0 0 0 0 0
 0 0 0 0 1 0 0 0 1 0 1 0 1 1 1 0 1 1 1 0 0 0 0 0 0 0 0 0 1 0 0 0 0 0 1 1 0]",32
660,4,gad7,9,PCA,SVC,1,0.28169014084507044,0.5405405405405406,10,50,9,42,"[0 1 0 0 0 0 0 0 0 1 1 1 0 0 1 0 1 0 0 0 0 0 0 0 0 1 0 0 1 0 1 0 0 0 0 0 0
 0 0 0 0 0 0 0 0 0 0 0 0 0 1 0 0 0 0 0 0 0 0 1 0 0 0 0 1 0 0 0 1 0 0 0 0 0
 0 0 0 0 1 0 0 0 1 0 0 0 0 0 0 0 0 1 0 0 0 0 0 0 0 0 1 0 0 0 0 0 0 0 1 1 0]",33
661,4,gad7,9,PCA,kNN,1,0.4421052631578947,0.5225225225225225,21,37,22,31,"[0 1 0 1 0 0 1 0 1 1 1 0 1 0 0 0 0 0 0 0 0 1 0 0 0 1 0 0 1 0 0 0 0 1 0 0 1
 0 0 0 0 0 0 1 0 0 0 0 1 0 0 0 0 0 1 0 1 0 1 1 0 0 1 0 1 0 1 1 1 0 0 1 1 0
 1 0 0 0 0 0 1 0 1 0 0 0 1 1 1 0 1 1 0 1 1 1 1 1 0 1 1 1 0 0 0 0 0 0 1 1 0]",33
662,4,gad7,9,PCA,RF,1,0.441860465116279,0.5675675675675675,19,44,15,33,"[0 1 1 0 0 0 1 0 0 0 0 1 0 1 0 0 0 0 0 1 0 0 0 0 0 1 0 1 0 1 0 0 0 0 0 1 0
 1 0 0 1 1 0 0 0 1 0 1 1 0 0 1 0 1 0 0 0 0 0 0 0 1 1 0 1 0 0 0 1 0 0 0 1 0
 0 0 0 0 0 0 1 0 1 1 0 0 1 1 1 0 0 0 0 1 0 0 0 1 0 0 0 1 0 0 0 1 0 0 1 0 0]",33
663,4,gad7,9,PCA,LR,1,0.5563909774436091,0.46846846846846846,37,15,44,15,"[1 0 1 1 1 0 1 0 1 0 1 0 1 1 0 1 0 1 0 1 1 1 0 0 1 1 1 1 1 1 1 1 1 0 1 1 1
 1 1 1 0 1 0 1 1 1 0 1 0 0 1 1 1 1 1 1 1 1 1 1 1 1 0 1 0 1 1 1 1 1 1 1 1 1
 1 1 0 1 1 1 0 1 0 1 1 1 0 1 1 0 1 0 0 1 1 0 1 1 1 1 1 1 0 1 1 0 0 1 1 0 1]",33
664,4,gad7,9,PCA,XG,1,0.44943820224719105,0.5585585585585585,20,42,17,32,"[0 1 1 0 0 0 1 0 1 0 1 1 0 1 0 0 0 0 0 1 0 0 0 0 0 1 0 1 0 1 0 0 0 1 0 1 0
 1 0 0 1 1 0 1 0 1 0 1 1 0 0 1 0 1 0 0 0 0 0 1 0 0 1 0 1 0 0 0 1 0 0 0 1 0
 0 0 0 0 0 0 1 0 1 0 0 0 1 1 1 0 0 0 0 1 0 1 0 1 0 0 0 1 0 0 0 0 0 0 1 0 0]",33
665,4,gad7,9,PCA,SVC,2,0.43956043956043955,0.5405405405405406,20,40,19,32,"[0 1 0 0 0 0 0 0 0 1 1 1 1 0 1 0 1 0 1 1 0 0 0 0 0 1 0 1 1 0 1 0 0 1 0 0 1
 0 0 0 0 0 0 0 0 0 0 0 1 0 1 0 0 0 0 0 0 0 1 1 0 0 1 0 1 0 1 0 0 0 0 0 1 0
 0 0 0 1 1 1 1 1 1 0 0 0 1 0 0 1 1 0 0 0 0 1 0 0 0 0 1 1 1 0 0 1 1 0 1 0 0]",33
666,4,gad7,9,PCA,kNN,2,0.45999999999999996,0.5135135135135135,23,34,25,29,"[0 1 0 1 0 0 0 0 0 1 1 0 1 0 1 1 0 0 1 1 0 1 0 0 0 0 0 0 0 0 0 0 0 1 0 0 1
 1 1 0 0 0 0 0 0 1 0 0 1 1 1 0 0 1 0 1 1 0 1 0 1 0 1 0 1 0 1 1 1 1 0 1 0 1
 0 0 0 1 1 0 1 1 1 1 0 0 1 0 0 1 1 1 0 0 1 1 0 1 0 1 0 0 1 0 0 0 0 0 0 1 1]",33
667,4,gad7,9,PCA,RF,2,0.4044943820224719,0.5225225225225225,18,40,19,34,"[0 1 0 1 0 0 1 1 0 0 1 0 0 0 0 0 0 0 0 0 0 1 0 0 0 0 0 1 0 0 0 0 0 0 0 0 1
 1 0 0 1 0 0 1 0 1 0 0 1 1 0 1 0 0 1 1 0 0 0 1 1 0 1 0 1 0 1 0 1 0 0 1 1 1
 1 0 0 1 0 0 1 0 1 0 0 0 1 0 1 0 0 1 0 0 0 0 0 1 0 1 0 0 0 0 0 0 1 0 0 0 1]",33
668,4,gad7,9,PCA,LR,2,0.4462809917355372,0.3963963963963964,27,17,42,25,"[0 0 0 0 0 0 1 0 1 1 1 1 1 0 1 0 0 1 0 1 1 1 0 0 1 1 1 1 1 1 1 1 0 0 1 1 1
 0 1 1 0 1 0 1 1 1 0 0 0 0 1 1 1 1 0 1 1 1 1 1 1 1 0 1 0 1 1 1 0 0 1 1 1 1
 1 1 0 1 1 1 0 1 0 1 0 1 0 1 1 0 1 0 0 0 1 0 1 1 1 1 1 1 0 1 1 0 0 0 1 0 1]",33
669,4,gad7,9,PCA,XG,2,0.3870967741935483,0.4864864864864865,18,36,23,34,"[0 1 0 1 0 0 1 0 1 1 1 1 0 0 0 0 1 0 0 0 0 1 0 0 1 1 0 1 0 0 0 0 0 0 0 0 1
 1 0 0 1 0 0 1 0 1 0 0 0 0 0 1 0 0 0 1 0 0 0 1 1 1 0 0 1 0 1 0 1 0 0 1 0 1
 1 0 0 1 0 0 1 0 1 1 0 0 1 1 1 0 0 1 0 0 0 0 1 1 0 1 0 0 0 0 0 0 0 0 0 1 1]",33
670,4,gad7,9,PCA,SVC,3,0.37974683544303794,0.5585585585585585,15,47,12,37,"[0 0 0 0 0 0 0 0 0 1 1 1 1 0 0 0 0 0 1 0 0 0 0 0 0 0 0 1 0 0 1 0 0 1 0 0 1
 0 0 0 0 0 0 0 0 0 0 0 1 0 1 0 0 0 0 0 0 0 1 1 0 0 1 0 0 0 0 0 0 0 0 1 0 0
 0 0 0 0 1 0 1 0 0 0 1 0 1 0 0 1 0 1 0 0 0 1 0 0 0 0 1 1 1 0 0 1 0 0 0 1 0]",33
671,4,gad7,9,PCA,kNN,3,0.4301075268817205,0.5225225225225225,20,38,21,32,"[0 1 0 1 1 0 1 0 0 1 1 0 1 0 0 0 0 0 1 0 1 0 0 0 0 0 0 0 0 1 1 0 0 0 0 0 0
 0 0 1 0 0 0 1 0 0 0 1 1 1 1 0 0 1 1 0 0 0 1 0 0 0 0 0 1 0 1 0 0 1 0 0 1 1
 0 0 0 0 1 0 1 1 1 0 0 0 1 0 0 1 0 1 0 1 0 1 1 1 0 1 0 1 0 0 0 0 1 1 0 1 0]",33
672,4,gad7,9,PCA,RF,3,0.29268292682926833,0.4774774774774775,12,41,18,40,"[0 1 1 1 0 0 1 1 0 1 1 1 0 1 0 0 0 0 1 0 0 0 0 0 0 0 0 0 0 0 0 0 0 0 0 0 1
 0 0 0 1 0 0 1 0 0 0 1 0 1 0 0 0 0 0 1 0 0 0 1 0 0 0 0 1 0 1 0 0 0 0 1 1 1
 0 0 0 0 0 0 1 0 0 0 0 0 1 0 0 0 0 1 0 0 1 0 0 1 0 1 0 1 0 0 0 0 0 0 1 0 0]",33
673,4,gad7,9,PCA,LR,3,0.4631578947368421,0.5405405405405406,22,38,21,30,"[0 0 0 0 0 0 1 0 0 0 1 0 1 0 0 0 0 0 1 0 0 0 0 0 0 0 1 0 0 0 1 1 0 1 0 1 1
 0 0 1 0 1 0 0 1 0 0 0 1 0 1 1 1 0 0 0 1 0 1 0 0 0 1 1 0 1 0 0 0 0 1 1 0 1
 0 1 0 0 1 0 1 0 0 0 1 0 1 1 0 1 1 0 1 0 1 1 0 1 1 1 0 0 1 0 0 1 1 0 0 0 1]",33
674,4,gad7,9,PCA,XG,3,0.3170731707317073,0.4954954954954955,13,42,17,39,"[0 1 1 1 0 0 1 1 0 1 1 1 0 1 0 0 0 0 1 0 0 0 0 0 0 0 0 1 0 0 0 0 0 0 0 0 1
 0 0 0 0 0 0 1 0 0 0 1 0 1 1 0 0 0 0 1 0 0 0 1 0 0 0 0 1 0 1 0 0 0 0 1 0 1
 1 0 0 0 0 0 1 0 0 0 0 0 0 1 1 0 0 1 0 0 0 1 0 0 0 1 0 0 0 0 0 0 0 0 0 1 0]",33
675,4,gad7,9,PCA,SVC,4,0.3855421686746988,0.5405405405405406,16,44,15,36,"[0 1 0 0 0 0 0 0 0 1 1 0 1 0 1 0 0 0 1 0 0 0 0 0 0 0 0 0 0 0 1 0 0 1 0 0 1
 0 0 0 0 1 0 0 1 0 0 0 1 1 1 0 0 1 0 0 0 0 1 0 0 0 1 0 1 0 0 0 0 0 0 1 0 1
 0 0 0 0 1 0 1 0 0 0 1 0 1 1 0 1 0 1 0 0 0 1 0 0 0 0 0 0 1 0 0 1 1 0 0 0 0]",33
676,4,gad7,9,PCA,kNN,4,0.4375,0.5135135135135135,21,36,23,31,"[0 0 0 0 0 0 0 0 0 1 1 0 1 1 1 0 0 0 1 0 0 0 0 0 1 0 0 0 0 0 1 0 0 1 1 0 0
 0 1 1 0 0 0 0 1 0 0 1 1 1 1 1 0 1 1 0 0 1 1 0 1 0 1 0 0 0 0 0 0 0 0 1 1 1
 0 0 0 0 1 0 1 0 0 0 0 0 1 1 0 1 0 1 0 1 0 1 1 1 0 1 0 1 1 1 1 0 0 0 1 1 0]",33
677,4,gad7,9,PCA,RF,4,0.30379746835443033,0.5045045045045045,12,44,15,40,"[0 1 0 0 0 0 0 1 0 1 1 1 0 1 0 0 0 0 1 0 0 0 0 0 0 0 0 0 0 1 0 0 0 0 0 0 1
 0 0 0 1 0 0 1 1 1 0 1 0 1 0 1 0 0 0 0 0 0 0 1 0 0 0 0 1 0 0 0 0 0 0 1 0 1
 0 0 0 0 0 0 1 0 0 0 0 0 1 1 0 0 0 1 0 0 0 1 0 0 0 1 0 1 0 0 0 0 0 0 0 0 0]",33
678,4,gad7,9,PCA,LR,4,0.43298969072164945,0.5045045045045045,21,35,24,31,"[0 0 0 0 0 0 1 0 0 0 1 0 1 0 0 0 0 1 1 0 1 0 0 0 0 0 1 0 0 0 1 1 0 1 0 1 1
 0 0 1 0 1 0 1 1 0 0 0 1 0 1 0 1 0 0 0 0 0 1 0 0 0 1 1 0 1 0 0 0 0 0 1 0 1
 0 1 0 0 1 0 1 0 0 0 1 0 1 1 1 1 1 0 1 0 1 1 0 1 1 1 0 0 1 0 1 1 1 0 0 0 1]",33
679,4,gad7,9,PCA,XG,4,0.3170731707317073,0.4954954954954955,13,42,17,39,"[0 1 0 0 0 0 0 0 0 1 1 1 0 0 0 0 0 0 0 0 1 0 0 0 1 0 0 1 0 1 1 0 0 0 0 0 1
 1 0 0 0 0 0 1 0 1 0 1 0 1 1 0 0 0 0 1 0 0 0 1 0 0 0 0 1 0 1 0 0 0 0 1 0 0
 0 0 0 0 0 0 1 0 0 0 0 0 1 1 0 1 0 1 0 0 0 1 0 0 0 1 0 1 1 0 0 0 0 0 0 0 0]",33
680,4,gad7,9,PCA,SVC,1,0.5426356589147286,0.46846846846846846,35,17,42,17,"[1 1 1 0 1 1 1 0 0 1 0 1 1 1 1 0 0 0 1 1 1 1 1 0 1 0 1 1 1 1 1 1 1 1 0 1 1
 1 0 1 1 0 1 1 0 0 0 1 1 1 1 1 0 0 0 0 1 1 0 1 1 0 0 1 0 1 1 1 1 1 0 1 1 1
 0 1 1 1 1 1 0 1 1 0 0 1 1 1 1 1 1 1 1 1 0 1 0 1 1 0 1 1 1 0 1 1 0 0 1 1 1]",34
681,4,gad7,9,PCA,kNN,1,0.44660194174757284,0.4864864864864865,23,31,28,29,"[1 0 0 1 1 1 1 0 0 0 0 0 0 0 0 0 0 0 0 0 0 1 1 0 1 1 1 0 1 1 1 1 1 1 1 0 0
 0 1 1 0 0 0 1 0 0 0 1 0 1 0 1 0 0 0 1 0 1 0 1 1 0 0 1 0 1 1 1 0 0 1 1 1 0
 0 1 1 1 0 0 0 1 0 0 0 0 0 1 0 0 1 1 1 0 0 1 0 1 0 0 0 1 1 0 0 1 0 1 1 1 1]",34
682,4,gad7,9,PCA,RF,1,0.4444444444444444,0.5045045045045045,22,34,25,30,"[0 1 1 0 1 1 0 0 1 1 0 0 0 0 0 0 0 0 1 0 1 1 0 0 0 1 1 0 0 1 0 0 1 0 1 0 1
 0 1 1 0 0 0 1 0 1 0 1 0 1 0 0 0 0 0 1 1 1 0 0 1 1 0 0 0 0 1 1 1 0 0 1 0 0
 1 1 1 1 1 0 1 1 0 1 1 1 0 1 0 0 0 1 1 0 0 1 0 1 0 0 1 0 0 0 0 0 0 0 1 0 0]",34
683,4,gad7,9,PCA,LR,1,0.5042016806722689,0.46846846846846846,30,22,37,22,"[0 1 1 0 1 1 1 0 1 1 0 1 1 1 1 0 0 0 1 1 1 0 1 1 0 0 1 1 0 1 1 1 1 1 0 1 1
 1 0 1 1 0 0 1 0 1 0 1 1 0 1 1 0 0 0 0 0 1 0 0 0 1 0 1 0 0 0 1 1 1 0 0 0 0
 0 1 1 1 1 1 1 1 1 0 0 1 1 0 1 1 1 1 1 1 1 0 1 1 1 1 1 0 1 1 1 1 0 0 0 0 1]",34
684,4,gad7,9,PCA,XG,1,0.3655913978494624,0.46846846846846846,17,35,24,35,"[0 1 1 0 1 1 0 0 0 1 0 0 0 1 0 0 0 0 0 0 1 1 0 0 0 1 1 0 0 1 0 0 1 0 1 0 1
 0 1 1 0 0 0 1 0 0 0 0 0 0 0 0 0 0 0 1 0 1 0 1 1 0 0 0 0 1 1 1 0 0 0 1 0 0
 1 1 1 1 1 0 0 1 0 1 1 1 0 1 0 0 0 1 1 0 0 1 0 1 0 0 0 0 1 0 0 0 0 0 1 0 0]",34
685,4,gad7,9,PCA,SVC,2,0.4318181818181818,0.5495495495495496,19,42,17,33,"[0 0 1 1 1 1 0 0 1 1 0 1 0 0 1 0 0 0 1 0 0 0 0 1 0 0 0 1 0 1 0 0 0 0 0 0 0
 0 0 0 0 0 1 1 0 0 0 0 0 0 1 0 0 0 0 0 1 0 0 0 0 0 0 0 0 0 0 0 0 0 0 1 1 0
 0 0 1 0 1 1 0 1 1 0 0 1 1 1 1 0 1 0 1 0 0 1 0 0 0 0 1 0 0 0 1 1 0 1 1 0 1]",34
686,4,gad7,9,PCA,kNN,2,0.4554455445544554,0.5045045045045045,23,33,26,29,"[0 1 0 0 0 0 1 0 1 1 0 1 1 0 0 0 0 0 0 0 1 1 0 0 0 1 1 0 0 0 0 0 0 1 1 0 0
 0 1 1 0 0 1 1 0 0 1 1 0 1 0 1 0 0 0 1 0 0 0 1 0 0 1 0 0 1 1 0 1 0 1 1 1 0
 0 0 1 1 0 1 0 1 0 0 0 1 0 1 1 1 0 0 0 1 0 1 0 1 0 0 1 1 1 0 1 1 1 1 1 0 1]",34
687,4,gad7,9,PCA,RF,2,0.4680851063829788,0.5495495495495496,22,39,20,30,"[0 1 1 0 0 0 1 0 1 0 0 0 1 0 1 0 0 0 1 0 1 0 0 0 0 1 1 1 0 1 0 0 0 0 1 0 0
 0 0 1 0 0 1 1 0 0 0 1 0 1 0 1 0 0 0 1 1 0 0 0 1 0 0 0 0 0 1 1 0 0 0 1 1 0
 0 1 1 1 0 0 0 1 0 0 0 1 0 1 1 1 0 0 0 1 0 0 0 1 0 0 1 0 0 0 1 1 0 1 1 0 1]",34
688,4,gad7,9,PCA,LR,2,0.41860465116279066,0.5495495495495496,18,43,16,34,"[0 0 1 0 1 1 0 0 1 1 0 1 0 0 1 0 0 0 1 0 0 0 0 1 0 0 0 1 0 1 0 0 0 0 0 0 0
 0 0 0 0 0 1 1 0 0 0 0 0 0 1 0 0 0 0 0 1 0 0 0 0 0 0 0 0 0 0 0 0 0 0 1 1 0
 0 0 1 0 1 1 0 1 1 0 1 1 1 1 1 0 1 0 1 0 0 0 0 0 0 0 1 0 0 0 1 1 0 0 1 0 1]",34
689,4,gad7,9,PCA,XG,2,0.4893617021276596,0.5675675675675675,23,40,19,29,"[0 1 1 0 0 1 1 0 1 0 0 0 0 0 0 0 0 0 0 0 0 0 0 0 0 1 1 1 0 1 0 0 0 0 1 0 0
 0 0 1 0 0 1 1 0 0 0 1 0 1 0 1 0 0 0 1 1 0 0 1 1 0 0 0 0 1 1 0 0 0 0 1 1 0
 0 0 1 1 0 0 0 1 0 1 1 0 0 1 1 0 0 1 1 1 0 1 0 1 0 0 1 0 0 0 1 1 0 1 1 0 1]",34
690,4,gad7,9,PCA,SVC,3,0.5333333333333333,0.4954954954954955,32,23,36,20,"[0 1 1 1 1 1 1 1 1 1 1 1 1 1 1 0 0 1 1 0 1 0 1 1 0 1 1 1 0 1 1 0 1 1 1 0 0
 0 0 1 1 1 0 1 0 0 1 0 0 0 1 1 0 0 0 1 1 0 1 1 1 0 1 1 0 1 1 1 0 0 1 0 0 0
 1 1 1 1 0 1 0 1 1 0 0 1 0 1 1 0 1 0 1 1 0 1 0 1 0 0 1 0 1 0 1 1 1 1 1 0 1]",34
691,4,gad7,9,PCA,kNN,3,0.4509803921568628,0.4954954954954955,23,32,27,29,"[0 0 0 0 1 1 1 0 0 1 0 1 1 0 0 0 0 0 0 0 1 0 0 1 0 1 1 1 1 1 1 1 0 1 1 0 0
 0 0 1 1 0 0 0 0 0 1 0 1 1 0 1 0 0 0 1 0 0 1 1 1 0 1 0 0 1 0 0 0 0 1 0 0 0
 0 0 1 1 0 1 0 1 0 0 0 0 0 1 1 1 0 0 0 1 0 1 0 1 1 0 1 1 0 0 1 1 1 1 1 1 1]",34
692,4,gad7,9,PCA,RF,3,0.4888888888888889,0.5855855855855856,22,43,16,30,"[0 0 1 0 0 0 1 0 1 0 0 1 1 0 0 0 0 0 0 0 0 0 0 0 0 1 1 1 1 1 0 0 0 0 1 0 0
 0 0 1 0 0 0 1 0 0 0 1 0 1 0 0 0 0 0 1 0 0 0 0 1 0 1 0 0 0 0 0 0 0 0 1 0 0
 0 0 1 1 0 1 0 1 0 0 0 0 0 1 1 1 1 0 0 1 0 1 0 1 1 0 1 1 0 0 1 1 0 1 1 0 1]",34
693,4,gad7,9,PCA,LR,3,0.5384615384615384,0.5675675675675675,28,35,24,24,"[1 0 1 0 1 1 0 0 1 1 0 1 0 0 1 0 0 0 1 1 0 1 0 1 1 0 0 1 1 1 0 1 0 0 0 1 1
 0 0 0 0 0 1 1 0 0 0 0 1 1 1 0 0 0 0 0 1 0 0 1 0 0 0 0 0 1 0 0 0 1 0 1 1 1
 0 0 1 0 1 1 0 1 1 0 1 1 1 1 1 0 1 1 1 0 0 1 0 0 0 0 1 1 0 0 1 1 0 0 1 1 1]",34
694,4,gad7,9,PCA,XG,3,0.41379310344827586,0.5405405405405406,18,42,17,34,"[0 0 1 0 1 1 1 0 1 0 0 0 0 0 0 0 0 0 0 0 0 0 0 0 0 1 1 1 1 1 0 0 0 1 1 0 0
 0 0 1 0 0 0 0 0 0 0 1 0 1 0 1 0 0 0 1 0 0 0 0 1 0 0 0 0 0 0 0 0 0 0 0 0 0
 0 0 0 1 0 1 0 1 0 1 0 0 0 1 1 0 0 1 0 1 0 1 0 1 0 0 1 1 0 0 1 1 0 1 1 0 1]",34
695,4,gad7,9,PCA,SVC,4,0.5084745762711863,0.4774774774774775,30,23,36,22,"[0 1 0 1 1 1 1 1 1 1 1 1 1 1 1 0 0 1 1 0 1 0 1 1 0 1 1 1 0 1 1 0 1 1 1 0 0
 0 0 1 1 1 0 1 0 0 0 0 0 0 1 1 0 0 0 1 1 0 1 1 1 0 1 1 0 1 1 1 0 0 1 0 0 0
 1 1 1 1 0 1 0 1 1 0 0 1 1 1 1 0 0 0 1 1 0 1 0 1 0 0 1 0 1 0 1 1 1 1 1 0 1]",34
696,4,gad7,9,PCA,kNN,4,0.4158415841584159,0.46846846846846846,21,31,28,31,"[0 1 1 0 1 1 0 0 1 1 0 1 1 0 0 0 0 0 0 0 1 0 0 1 1 1 1 1 1 0 0 1 1 1 1 0 0
 0 1 0 0 0 1 0 0 0 1 1 0 1 1 1 0 0 0 1 0 1 0 0 1 0 0 0 0 0 0 1 0 0 1 0 0 0
 0 0 1 1 0 1 0 1 0 0 0 1 1 1 1 1 0 0 0 1 0 1 0 1 0 0 0 1 0 0 1 1 1 1 1 0 0]",34
697,4,gad7,9,PCA,RF,4,0.40909090909090906,0.5315315315315315,18,41,18,34,"[0 0 0 0 1 1 1 0 1 0 0 0 1 0 1 0 0 0 0 0 1 0 0 0 0 1 1 1 1 0 0 0 0 1 1 0 0
 0 0 1 0 0 0 1 0 0 0 0 0 1 0 1 0 0 0 1 0 0 0 0 1 1 0 0 0 0 0 0 0 0 0 0 0 0
 0 0 0 1 0 1 0 1 0 1 0 0 0 1 1 0 1 0 0 0 0 1 0 1 0 0 1 1 0 0 1 1 0 1 1 0 1]",34
698,4,gad7,9,PCA,LR,4,0.5636363636363636,0.5675675675675675,31,32,27,21,"[1 1 1 1 1 1 0 1 1 1 1 1 0 0 1 0 0 1 1 1 0 1 0 1 1 0 0 1 1 1 0 0 0 1 0 0 1
 1 0 1 0 0 1 1 0 0 0 0 1 0 1 0 0 0 0 0 1 0 1 0 0 0 0 1 0 0 0 0 1 0 0 1 1 1
 1 0 1 0 1 1 0 1 1 0 1 1 1 1 1 0 1 0 1 1 0 0 0 1 0 0 1 1 0 0 1 1 0 1 1 0 1]",34
699,4,gad7,9,PCA,XG,4,0.29268292682926833,0.4774774774774775,12,41,18,40,"[0 1 0 0 1 1 0 0 0 0 0 0 0 0 0 0 0 0 0 0 1 0 0 0 0 1 1 1 1 1 0 0 0 1 1 0 0
 0 0 1 0 0 0 0 0 0 0 0 0 1 0 0 0 0 0 1 0 0 1 0 1 0 0 0 0 0 0 0 0 0 0 0 0 0
 0 0 0 1 0 1 0 1 0 1 0 1 0 1 0 0 0 0 0 1 0 1 0 1 0 0 1 1 0 0 1 0 0 1 1 0 0]",34
700,4,gad7,9,PCA,SVC,1,0.24,0.4864864864864865,9,45,14,43,"[0 0 0 0 1 0 0 0 1 1 0 0 0 0 1 0 0 0 1 1 0 0 0 0 0 0 1 0 0 0 0 1 0 0 0 0 0
 1 0 1 0 1 0 0 0 0 1 0 0 0 0 0 0 0 0 0 0 0 1 0 0 1 0 0 0 0 0 0 0 0 0 0 0 1
 0 1 0 1 0 0 0 0 0 1 1 0 1 0 0 0 0 0 1 0 0 0 0 0 0 0 0 1 0 0 0 0 1 0 0 0 0]",35
701,4,gad7,9,PCA,kNN,1,0.3736263736263737,0.4864864864864865,17,37,22,35,"[0 0 0 1 1 0 0 0 0 1 0 1 0 0 1 0 0 0 0 0 0 0 0 0 0 1 0 1 0 0 0 0 0 1 0 0 1
 0 0 0 0 0 0 0 0 0 1 1 1 0 0 0 1 1 1 0 0 1 0 0 0 1 1 1 1 1 0 0 1 0 1 0 0 0
 1 1 0 0 0 0 0 1 0 1 0 1 0 0 0 1 0 0 0 0 1 0 1 0 1 0 0 1 1 1 0 1 0 1 1 0 1]",35
702,4,gad7,9,PCA,RF,1,0.27848101265822783,0.4864864864864865,11,43,16,41,"[0 0 1 0 0 0 0 1 1 0 0 0 0 0 0 0 0 0 0 1 0 1 0 0 0 1 0 1 0 0 0 0 0 1 0 0 0
 1 0 0 0 0 1 0 0 0 0 1 0 0 0 1 1 1 0 1 1 1 0 0 0 0 0 1 0 0 0 0 0 0 0 0 0 0
 1 1 0 0 0 0 1 1 0 0 0 0 0 0 0 1 0 0 0 0 1 0 0 0 1 0 0 1 0 0 0 0 0 0 0 0 1]",35
703,4,gad7,9,PCA,LR,1,0.3170731707317073,0.4954954954954955,13,42,17,39,"[0 1 0 1 1 0 0 0 1 1 0 0 0 0 1 0 0 0 1 1 0 0 0 0 0 0 1 1 0 0 0 1 0 0 0 0 0
 1 0 1 0 1 0 0 0 0 1 1 0 0 0 0 0 1 0 0 0 0 1 0 0 1 0 1 1 0 0 0 0 0 0 0 0 1
 0 0 0 1 0 0 0 0 0 1 1 0 1 0 0 0 0 0 1 0 0 0 0 0 0 0 0 1 0 0 0 0 1 0 0 1 0]",35
704,4,gad7,9,PCA,XG,1,0.30379746835443033,0.5045045045045045,12,44,15,40,"[0 0 0 0 1 0 0 1 1 0 0 0 0 0 0 0 0 0 0 1 0 1 0 0 0 1 0 1 0 0 0 0 0 1 0 0 0
 1 0 0 0 0 1 0 0 0 0 1 0 0 0 0 1 1 0 0 0 1 0 0 0 0 0 1 1 1 0 0 0 0 0 0 0 0
 1 1 0 0 0 0 1 1 0 0 0 0 0 0 0 1 0 0 0 0 1 0 0 0 1 0 0 1 0 0 0 0 0 1 0 0 1]",35
705,4,gad7,9,PCA,SVC,2,0.46464646464646464,0.5225225225225225,23,35,24,29,"[0 0 0 0 0 0 1 1 1 1 0 1 1 0 1 0 1 0 1 1 1 0 1 0 0 1 1 0 1 0 0 1 0 0 0 0 0
 1 0 1 0 0 1 1 0 1 1 0 0 1 0 0 1 0 0 0 0 0 1 0 1 1 0 0 0 1 0 0 0 0 0 0 0 1
 0 1 0 1 1 0 1 0 0 0 1 1 1 1 0 1 0 1 1 0 0 0 1 0 1 0 0 1 0 0 0 1 1 1 0 0 1]",35
706,4,gad7,9,PCA,kNN,2,0.4175824175824176,0.5225225225225225,19,39,20,33,"[0 0 0 0 0 0 1 0 0 1 1 1 0 0 1 0 0 0 1 1 1 0 0 0 1 0 0 0 0 0 1 1 0 0 0 0 0
 0 0 1 0 0 1 1 0 1 1 0 1 1 0 0 0 1 1 0 0 1 1 0 1 1 0 0 0 1 0 0 0 1 0 0 0 1
 0 1 0 0 1 0 1 1 0 0 1 0 1 0 0 0 1 0 1 0 0 0 0 0 1 0 0 0 0 0 0 1 1 1 0 0 0]",35
707,4,gad7,9,PCA,RF,2,0.3373493975903614,0.5045045045045045,14,42,17,38,"[0 0 0 0 0 0 0 0 0 1 1 0 0 0 0 0 0 0 0 1 1 0 0 1 0 0 0 0 0 0 1 0 0 0 0 0 0
 0 0 0 0 0 0 1 0 0 0 1 1 1 0 0 0 1 1 1 0 1 0 0 1 1 0 1 1 1 0 0 0 1 1 1 0 0
 0 1 0 0 0 0 0 0 0 0 1 0 1 1 0 1 1 0 0 0 0 0 1 0 1 0 0 0 0 0 0 1 0 0 0 0 0]",35
708,4,gad7,9,PCA,LR,2,0.43298969072164945,0.5045045045045045,21,35,24,31,"[0 0 0 0 1 0 1 1 1 1 0 1 1 0 1 0 1 0 1 1 1 0 1 0 0 1 0 0 1 0 0 1 0 0 0 0 0
 1 0 1 0 0 1 1 0 1 0 0 0 1 0 0 1 0 0 0 0 0 1 0 1 0 0 0 0 1 0 0 0 0 0 0 0 1
 0 1 0 1 1 0 1 0 0 1 1 1 1 0 0 1 0 1 1 0 0 0 1 0 1 0 0 1 0 0 0 1 1 1 0 0 1]",35
709,4,gad7,9,PCA,XG,2,0.39506172839506176,0.5585585585585585,16,46,13,36,"[0 0 0 0 0 0 0 1 1 0 1 0 0 0 0 0 0 0 0 0 1 0 1 1 0 0 0 0 0 0 1 0 0 0 0 0 0
 1 0 0 0 0 0 1 0 0 0 1 1 1 0 0 1 1 1 0 0 1 0 0 1 1 0 1 0 1 0 0 0 1 1 1 0 0
 0 1 0 0 0 0 0 0 0 0 0 0 0 0 0 0 1 0 0 0 0 0 1 0 1 0 0 0 0 0 0 1 0 0 0 0 1]",35
710,4,gad7,9,PCA,SVC,3,0.46464646464646464,0.5225225225225225,23,35,24,29,"[0 0 0 0 0 0 1 1 1 1 0 1 1 0 1 0 1 0 1 1 1 0 1 0 0 1 1 0 1 0 0 1 0 0 0 0 0
 1 0 1 0 1 1 1 0 1 1 0 0 1 0 0 1 0 0 0 0 0 1 0 1 1 0 0 0 1 0 0 0 0 0 0 0 1
 0 1 0 1 1 0 1 0 0 0 0 1 1 1 0 1 0 1 1 0 0 0 1 0 1 0 0 1 0 0 0 1 1 1 0 0 1]",35
711,4,gad7,9,PCA,kNN,3,0.3820224719101124,0.5045045045045045,17,39,20,35,"[1 0 0 0 0 0 0 1 0 1 1 1 1 1 0 0 0 1 0 0 1 0 0 1 1 0 1 0 0 0 1 0 1 1 0 0 0
 0 0 0 0 0 0 0 0 1 1 0 1 1 0 0 1 0 1 0 0 1 0 1 0 1 0 1 0 1 0 1 0 1 1 0 0 0
 0 1 0 0 0 0 1 0 0 0 0 0 1 1 0 0 1 0 0 0 0 0 0 0 1 0 0 0 0 0 0 1 0 1 0 0 0]",35
712,4,gad7,9,PCA,RF,3,0.4,0.5675675675675675,16,47,12,36,"[0 0 0 0 0 0 0 0 1 1 1 0 0 0 0 0 0 0 0 0 0 0 1 1 0 0 1 0 0 0 1 0 0 0 0 0 0
 1 0 0 0 1 0 0 0 1 1 0 1 1 0 0 1 0 1 0 0 1 0 0 0 1 0 1 1 1 0 0 0 1 0 0 0 0
 1 1 0 0 0 0 0 0 0 0 0 0 0 1 0 0 1 0 0 0 0 0 0 0 1 0 0 0 0 0 0 1 0 1 0 0 0]",35
713,4,gad7,9,PCA,LR,3,0.49019607843137253,0.5315315315315315,25,34,25,27,"[0 0 0 0 1 0 1 1 1 1 0 1 1 0 1 0 1 0 1 1 1 0 1 0 0 1 1 0 1 0 0 1 0 0 0 0 0
 1 0 1 0 1 1 1 0 1 1 0 0 1 0 0 1 0 0 0 0 0 1 0 1 1 0 0 0 1 0 0 0 0 0 0 0 1
 0 1 0 1 1 0 1 0 0 1 1 1 1 1 0 1 0 1 1 0 0 0 1 0 1 0 0 1 0 0 0 1 1 1 0 0 1]",35
714,4,gad7,9,PCA,XG,3,0.4444444444444444,0.5945945945945946,18,48,11,34,"[1 0 0 0 0 0 0 0 1 1 1 0 0 0 0 0 0 0 0 0 1 0 0 1 0 0 0 0 0 0 1 0 0 0 0 0 0
 1 0 0 0 1 0 0 0 1 1 0 1 1 0 0 1 0 1 0 0 0 0 0 0 1 0 1 1 1 0 0 0 1 1 0 0 0
 1 0 0 0 0 0 0 0 0 0 1 1 0 1 0 0 1 0 0 0 0 0 0 0 1 0 0 0 0 0 0 1 0 1 0 0 0]",35
715,4,gad7,9,PCA,SVC,4,0.4423076923076923,0.4774774774774775,23,30,29,29,"[0 1 0 1 0 0 1 1 1 1 0 1 1 0 1 0 1 0 1 1 1 0 1 1 0 1 1 0 1 0 0 1 0 0 0 0 0
 1 0 1 0 0 1 1 0 1 1 0 0 1 0 0 1 0 0 0 0 0 1 0 1 1 0 1 0 1 0 0 0 0 1 0 0 1
 0 1 0 1 1 0 1 0 0 0 0 1 1 1 0 1 0 1 1 0 0 0 1 0 1 0 0 1 0 1 0 1 1 1 0 0 1]",35
716,4,gad7,9,PCA,kNN,4,0.38636363636363635,0.5135135135135135,17,40,19,35,"[1 0 0 0 0 0 1 0 0 0 1 1 0 1 0 0 0 1 0 0 0 0 0 1 1 0 1 0 0 1 1 0 1 0 0 0 0
 0 0 0 0 1 0 0 0 0 1 0 1 1 1 1 1 0 1 0 0 1 0 0 0 1 0 0 0 1 0 0 0 1 0 0 0 0
 0 1 0 0 0 0 1 0 0 0 0 1 1 1 0 1 1 0 0 0 0 1 0 0 1 0 0 0 0 0 0 1 0 1 0 1 0]",35
717,4,gad7,9,PCA,RF,4,0.32911392405063294,0.5225225225225225,13,45,14,39,"[1 0 0 0 0 0 0 0 1 1 0 0 0 0 0 0 0 0 0 0 0 0 0 1 0 0 0 0 0 0 1 0 0 0 0 0 0
 1 0 0 0 1 0 0 0 0 1 0 1 1 0 0 1 0 1 0 0 1 0 0 0 1 0 1 1 1 0 0 0 1 1 0 0 0
 1 0 0 0 0 0 0 0 0 0 0 0 0 1 0 1 1 0 0 0 0 0 0 0 1 0 0 0 0 1 0 1 0 0 0 1 0]",35
718,4,gad7,9,PCA,LR,4,0.48000000000000004,0.5315315315315315,24,35,24,28,"[0 0 0 0 1 0 1 1 1 1 0 1 1 0 1 0 1 0 1 1 1 0 1 0 0 1 1 0 1 0 0 1 0 0 0 0 0
 1 0 1 0 0 1 1 0 1 1 0 0 1 0 0 1 0 0 0 0 0 1 0 1 1 0 0 0 1 0 0 0 0 0 0 0 1
 0 1 0 1 0 0 1 0 0 1 1 1 1 1 0 1 0 1 1 0 0 0 1 0 1 0 0 1 0 0 0 1 1 1 0 0 1]",35
719,4,gad7,9,PCA,XG,4,0.4,0.5675675675675675,16,47,12,36,"[1 0 0 0 0 0 1 0 1 1 1 0 0 0 0 0 0 0 0 0 1 0 0 1 0 0 0 0 0 0 1 0 0 0 0 0 0
 1 0 0 0 1 0 0 0 0 1 0 1 1 0 0 1 1 1 0 0 1 0 0 0 1 0 1 0 1 0 0 0 1 0 0 0 0
 1 0 0 0 0 0 0 0 0 0 0 0 0 1 0 1 1 0 0 0 0 0 0 0 1 0 0 0 0 0 0 1 0 0 0 1 0]",35
720,4,gad7,9,PCA,SVC,1,0.5693430656934307,0.46846846846846846,39,13,46,13,"[1 0 1 1 1 0 1 1 1 0 0 1 1 1 1 1 1 1 0 0 0 1 1 1 1 1 1 1 1 1 1 0 0 1 1 1 1
 1 0 1 1 0 1 1 0 1 1 1 1 1 1 0 1 0 0 0 0 1 1 1 1 1 0 1 0 1 1 1 1 1 1 1 1 1
 1 0 1 0 1 1 1 1 0 1 1 1 1 1 1 0 1 0 1 1 1 1 1 1 1 1 1 1 1 1 1 1 1 0 0 1 1]",36
721,4,gad7,9,PCA,kNN,1,0.3564356435643564,0.4144144144144144,18,28,31,34,"[1 0 0 1 1 0 0 0 0 0 0 1 0 1 1 0 1 0 0 0 0 1 0 0 1 1 0 1 0 0 1 1 1 0 1 0 0
 0 1 0 0 1 1 0 0 1 0 1 0 1 1 0 1 1 1 0 0 1 0 0 0 1 0 1 0 1 1 0 0 0 0 1 0 1
 1 1 1 0 1 1 0 0 0 1 1 1 0 0 1 1 0 0 0 0 0 0 1 0 0 1 1 0 1 0 0 0 1 1 0 1 0]",36
722,4,gad7,9,PCA,RF,1,0.372093023255814,0.5135135135135135,16,41,18,36,"[1 0 0 1 0 0 0 0 0 0 0 0 0 0 1 0 0 0 0 0 0 0 0 0 0 1 0 0 0 0 1 0 0 0 1 0 0
 0 1 0 0 1 0 0 0 1 0 1 0 1 1 0 0 0 1 0 0 0 1 0 1 1 0 1 0 0 0 0 0 0 0 1 1 1
 0 0 0 0 1 1 0 0 0 1 1 1 0 0 0 1 0 0 0 0 1 0 1 1 1 1 0 0 1 0 0 0 1 0 1 0 0]",36
723,4,gad7,9,PCA,LR,1,0.48387096774193544,0.42342342342342343,30,17,42,22,"[1 0 1 1 1 0 1 1 1 0 0 1 1 1 1 1 1 1 0 0 0 1 1 1 0 1 1 1 0 0 1 0 0 1 1 1 1
 1 0 0 1 0 1 1 0 1 1 1 0 1 1 0 1 0 0 0 0 1 0 0 1 1 0 1 0 0 1 1 1 0 1 1 1 1
 1 0 1 0 1 1 1 1 0 1 1 1 1 0 1 0 1 0 1 1 1 0 1 1 1 1 1 0 1 1 1 1 1 0 0 0 1]",36
724,4,gad7,9,PCA,XG,1,0.3736263736263737,0.4864864864864865,17,37,22,35,"[1 0 0 1 0 0 0 0 0 0 0 0 0 0 1 0 0 0 0 0 0 1 0 0 0 1 0 1 0 0 1 1 0 0 1 0 0
 0 1 0 0 1 0 0 0 1 0 1 0 1 1 0 0 1 1 0 0 0 1 0 1 1 0 1 0 0 0 0 0 0 0 1 1 1
 0 0 0 0 1 1 0 0 0 1 1 1 0 0 0 1 0 0 0 0 1 0 1 1 1 1 1 0 1 0 0 0 1 0 1 0 0]",36
725,4,gad7,9,PCA,SVC,2,0.4770642201834862,0.4864864864864865,26,28,31,26,"[0 0 0 1 1 0 0 1 1 0 0 1 1 1 1 0 1 0 0 0 0 1 1 0 1 0 1 1 1 1 1 0 0 0 0 1 0
 0 0 0 1 0 0 0 0 1 0 0 0 1 1 0 1 0 0 0 0 1 1 1 1 1 0 1 0 1 1 1 0 1 1 1 0 0
 1 0 1 0 1 1 0 1 0 1 1 1 1 1 1 0 1 0 1 1 0 1 0 1 1 0 0 1 1 0 0 1 1 0 0 1 0]",36
726,4,gad7,9,PCA,kNN,2,0.44680851063829785,0.5315315315315315,21,38,21,31,"[0 0 0 0 0 0 0 0 1 0 0 1 0 0 0 0 0 0 0 0 0 1 0 0 0 0 0 0 1 0 1 1 1 0 0 1 0
 0 1 1 1 1 0 0 0 0 1 0 1 1 1 0 0 1 0 0 0 1 0 1 0 1 1 1 0 0 1 1 0 1 0 1 0 0
 1 1 0 0 1 0 0 0 0 1 1 1 1 1 0 0 0 0 1 0 0 0 0 1 1 0 0 0 1 0 1 1 1 1 0 0 0]",36
727,4,gad7,9,PCA,RF,2,0.42222222222222217,0.5315315315315315,19,40,19,33,"[0 0 0 1 0 0 0 0 1 0 0 1 1 0 1 0 1 0 0 0 0 1 0 0 0 0 0 0 1 1 1 0 0 0 0 1 0
 0 1 0 1 1 0 0 0 0 0 0 0 0 1 0 1 0 1 0 0 0 1 1 1 1 0 1 0 0 0 1 0 0 0 1 0 0
 1 0 0 0 1 0 1 0 0 1 1 1 0 1 0 1 1 0 0 0 0 0 0 0 1 0 0 1 1 0 0 1 1 0 0 0 0]",36
728,4,gad7,9,PCA,LR,2,0.3684210526315789,0.5675675675675675,14,49,10,38,"[0 1 0 1 1 0 0 0 1 0 0 1 1 1 0 0 0 1 0 0 0 0 0 0 0 0 1 0 0 0 0 0 0 0 0 1 1
 0 0 1 0 0 0 0 0 0 0 0 1 0 1 0 0 0 0 0 0 0 0 0 1 0 0 0 0 0 0 0 0 0 0 1 0 0
 0 0 0 0 1 0 0 0 0 1 0 0 1 0 0 0 1 0 0 1 0 0 0 0 1 0 0 0 0 0 0 1 1 0 0 0 0]",36
729,4,gad7,9,PCA,XG,2,0.44943820224719105,0.5585585585585585,20,42,17,32,"[1 0 0 1 0 0 0 0 1 0 0 0 1 0 1 0 0 0 0 0 0 1 0 0 0 0 0 0 1 1 1 0 0 0 0 1 0
 0 0 0 1 1 0 0 0 0 0 1 0 0 1 0 0 0 1 0 0 1 1 1 1 0 0 1 0 0 0 1 0 0 0 1 0 0
 1 0 0 0 1 0 0 0 0 1 1 1 1 1 0 0 1 0 0 0 0 0 1 1 1 0 0 1 1 0 0 1 1 0 0 0 0]",36
730,4,gad7,9,PCA,SVC,3,0.5045045045045046,0.5045045045045045,28,28,31,24,"[1 0 0 1 1 0 0 1 1 0 0 1 1 1 1 0 1 0 0 0 0 1 1 0 1 1 1 1 1 1 1 0 0 0 0 1 0
 0 0 0 1 1 0 0 0 1 0 0 0 1 1 0 1 0 0 0 0 1 1 1 1 1 0 1 0 1 1 1 0 1 1 1 0 0
 1 0 1 0 1 1 0 1 0 1 1 1 0 1 1 0 1 0 1 1 0 0 1 1 1 0 0 1 1 0 0 1 1 0 0 1 0]",36
731,4,gad7,9,PCA,kNN,3,0.4444444444444444,0.5045045045045045,22,34,25,30,"[0 0 0 1 0 0 0 0 1 0 0 1 1 0 1 0 1 0 0 0 1 1 0 0 1 0 1 0 1 0 1 1 1 0 0 1 0
 1 1 0 1 0 0 0 0 1 1 0 0 1 0 0 1 1 1 0 0 1 1 1 0 0 1 1 0 0 1 1 0 1 0 1 0 1
 1 1 0 0 0 0 0 0 0 1 1 0 1 1 0 0 1 0 1 0 0 1 1 0 0 0 0 0 1 0 0 1 0 1 0 0 0]",36
732,4,gad7,9,PCA,RF,3,0.441860465116279,0.5675675675675675,19,44,15,33,"[0 0 0 1 0 0 0 0 1 0 0 1 1 0 1 0 1 0 0 0 0 1 0 0 0 0 0 0 1 0 1 1 0 0 0 1 0
 0 1 1 0 0 0 0 0 0 1 0 0 0 1 0 0 1 1 0 0 1 1 1 0 0 1 0 0 0 0 1 0 0 0 1 0 0
 1 0 0 0 1 0 1 0 0 1 1 1 1 1 0 1 0 0 0 0 0 0 0 0 1 0 0 0 0 0 0 1 0 0 0 0 0]",36
733,4,gad7,9,PCA,LR,3,0.3684210526315789,0.5675675675675675,14,49,10,38,"[0 1 0 1 1 0 0 0 1 0 0 1 1 1 0 0 0 1 0 0 0 0 0 0 0 0 1 0 0 0 0 0 0 0 0 1 1
 0 0 1 0 0 0 0 0 0 0 0 1 0 1 0 0 0 0 0 0 0 0 0 1 0 0 0 0 0 0 0 0 0 0 1 0 0
 0 0 0 0 1 0 0 0 0 1 0 0 1 0 0 0 1 0 0 1 0 0 0 0 1 0 0 0 0 0 0 1 1 0 0 0 0]",36
734,4,gad7,9,PCA,XG,3,0.48837209302325585,0.6036036036036037,21,46,13,31,"[1 0 0 1 0 0 0 0 1 0 0 1 1 0 1 0 0 0 0 0 0 0 0 0 1 0 0 0 1 0 1 0 0 0 0 1 0
 0 0 1 0 0 0 0 0 0 1 0 0 0 1 0 0 0 0 0 0 1 1 1 1 0 0 0 0 1 0 1 0 0 0 1 0 0
 1 0 0 0 1 0 1 0 0 1 1 1 1 1 0 0 0 0 0 0 0 0 1 1 1 0 0 0 1 0 0 1 1 0 0 0 0]",36
735,4,gad7,9,PCA,SVC,4,0.4684684684684685,0.46846846846846846,26,26,33,26,"[1 0 0 1 1 0 0 1 1 0 0 1 1 1 1 0 0 0 0 0 0 1 1 0 0 0 1 1 1 1 1 0 0 0 0 1 0
 0 0 0 1 1 0 0 0 1 0 0 0 1 1 0 1 0 0 0 0 1 1 1 1 1 0 1 0 1 1 1 0 1 1 1 1 1
 1 0 1 0 1 1 0 1 0 1 1 1 1 1 0 0 1 0 1 1 0 0 1 1 1 0 0 1 1 0 1 1 1 0 0 1 0]",36
736,4,gad7,9,PCA,kNN,4,0.4,0.4594594594594595,20,31,28,32,"[1 0 0 0 0 0 0 1 1 0 0 1 1 0 0 0 1 0 0 0 1 1 1 0 0 0 0 1 0 1 1 1 1 0 0 1 1
 0 1 0 0 1 0 0 0 1 0 0 0 1 0 0 0 1 1 0 0 1 1 0 1 1 1 1 0 1 1 1 0 1 0 1 1 0
 0 1 0 0 1 0 0 0 0 1 0 1 1 0 0 0 1 0 0 0 0 0 1 0 0 0 1 1 1 0 1 1 1 1 0 0 0]",36
737,4,gad7,9,PCA,RF,4,0.4772727272727273,0.5855855855855856,21,44,15,31,"[1 0 0 0 0 0 0 0 1 0 0 0 1 0 0 0 0 0 0 0 0 0 0 0 0 0 0 0 1 0 1 1 0 0 0 1 0
 1 1 1 1 0 0 0 0 0 0 0 1 0 1 0 0 0 1 0 0 1 1 1 0 0 1 1 0 0 0 1 0 0 0 1 1 0
 1 0 0 0 1 0 1 0 0 1 1 0 1 1 0 1 0 0 0 0 0 0 1 0 1 0 0 0 0 0 1 1 1 0 0 1 0]",36
738,4,gad7,9,PCA,LR,4,0.49523809523809526,0.5225225225225225,26,32,27,26,"[1 1 0 1 1 0 0 0 1 0 0 1 1 1 1 0 0 1 0 0 0 0 1 0 0 0 1 1 1 1 0 0 0 0 0 1 1
 1 0 1 1 0 1 0 0 1 0 0 1 0 1 0 1 0 0 0 0 1 0 1 1 1 0 1 0 1 0 1 0 0 1 1 1 1
 1 0 1 0 1 1 0 1 0 1 0 1 1 1 0 0 1 0 0 1 0 0 0 1 1 0 0 1 0 0 1 1 1 0 0 0 0]",36
739,4,gad7,9,PCA,XG,4,0.48351648351648346,0.5765765765765766,22,42,17,30,"[1 0 0 0 0 0 0 0 1 0 0 1 1 0 1 0 0 0 0 0 0 0 1 0 1 0 0 0 1 0 1 0 0 0 0 1 0
 1 0 1 1 0 0 0 0 0 0 0 0 0 1 0 0 0 1 1 0 1 1 1 0 0 1 1 0 1 0 1 0 0 0 1 1 0
 1 0 0 0 1 0 0 0 0 1 1 0 1 1 0 1 0 0 0 0 0 0 1 1 1 0 0 0 1 0 0 1 1 0 0 1 0]",36
740,4,gad7,9,PCA,SVC,1,0.22535211267605634,0.5045045045045045,8,48,11,44,"[1 1 0 0 0 1 0 0 0 0 0 0 1 0 0 1 0 0 0 0 0 0 0 0 0 0 0 0 0 0 0 0 0 0 0 0 0
 1 1 0 0 0 0 0 0 0 1 1 0 0 0 1 0 0 0 0 0 1 0 0 1 0 0 0 1 0 0 1 0 0 0 0 0 0
 0 0 0 0 0 0 1 0 0 0 0 0 0 0 0 0 0 0 0 0 0 0 1 0 0 0 0 1 0 0 0 0 0 1 0 1 0]",37
741,4,gad7,9,PCA,kNN,1,0.3913043478260869,0.4954954954954955,18,37,22,34,"[1 0 0 0 0 1 0 0 0 0 0 0 0 1 0 0 0 1 0 0 0 0 1 0 0 0 0 0 0 1 0 1 0 0 1 0 1
 1 1 0 0 1 1 1 0 0 0 1 0 0 0 1 0 0 1 0 0 1 1 0 1 0 1 0 0 0 1 1 0 1 0 1 1 0
 0 0 0 0 1 0 0 0 0 0 0 1 0 1 1 0 0 0 0 1 0 1 1 1 0 0 1 1 0 0 0 1 1 1 1 0 0]",37
742,4,gad7,9,PCA,RF,1,0.38636363636363635,0.5135135135135135,17,40,19,35,"[1 0 0 0 0 0 0 0 0 0 0 1 0 0 1 0 0 0 0 0 0 0 1 0 0 0 0 0 0 0 0 0 0 0 1 1 0
 1 1 0 0 1 1 0 1 0 1 0 0 0 0 0 1 0 1 0 0 1 1 1 1 1 1 0 0 0 0 0 1 1 0 1 1 0
 0 0 0 0 0 0 0 0 1 0 0 0 0 0 1 0 0 1 1 0 0 1 1 0 0 0 1 1 0 0 1 1 1 1 0 0 0]",37
743,4,gad7,9,PCA,LR,1,0.3908045977011494,0.5225225225225225,17,41,18,35,"[1 1 0 0 0 0 0 1 0 1 0 1 1 0 0 0 0 0 0 1 0 0 0 1 0 0 1 0 0 1 0 0 1 0 1 0 0
 1 1 1 0 0 0 1 0 0 1 1 0 0 0 1 0 0 0 1 1 0 0 0 1 0 0 0 0 0 1 0 1 0 1 0 0 0
 0 1 0 1 0 0 0 0 0 0 0 0 0 1 0 1 0 0 0 0 0 0 1 1 1 0 0 0 1 0 0 0 0 0 0 1 1]",37
744,4,gad7,9,PCA,XG,1,0.3764705882352941,0.5225225225225225,16,42,17,36,"[1 0 0 0 0 0 0 0 0 0 0 1 0 0 1 0 0 0 0 0 0 0 1 0 0 0 0 1 0 0 0 0 0 0 1 1 0
 1 1 0 0 1 1 0 1 1 1 0 0 0 0 0 0 0 1 0 0 1 1 1 1 0 1 0 0 0 0 0 1 1 0 1 1 0
 0 0 0 0 0 0 0 0 0 0 0 0 0 0 0 0 0 1 1 0 0 1 1 0 0 0 1 1 0 0 0 1 1 1 0 0 0]",37
745,4,gad7,9,PCA,SVC,2,0.3414634146341463,0.5135135135135135,14,43,16,38,"[0 0 0 1 1 1 0 0 0 0 0 0 0 0 0 0 1 0 0 0 0 0 0 0 0 0 0 1 0 0 0 0 0 0 0 0 1
 1 1 0 1 1 0 0 0 1 0 0 1 0 1 0 1 0 1 0 0 1 0 1 0 0 1 0 0 0 0 1 0 1 0 0 1 0
 0 0 0 0 1 0 0 0 1 1 0 0 0 0 0 0 1 1 0 0 0 0 1 1 0 0 0 0 0 0 0 0 1 0 1 0 0]",37
746,4,gad7,9,PCA,kNN,2,0.36585365853658536,0.5315315315315315,15,44,15,37,"[0 0 1 0 0 0 0 0 0 0 0 0 0 1 0 1 1 0 0 0 0 0 0 0 0 0 0 0 1 1 0 0 0 0 1 0 1
 1 1 0 1 0 1 1 0 0 0 0 0 0 1 0 1 0 0 0 0 1 0 0 0 0 1 0 0 0 1 1 0 0 0 1 0 0
 0 0 0 0 0 0 1 1 1 0 0 0 0 1 0 0 0 0 1 1 0 0 0 1 0 0 0 1 0 0 0 0 0 1 1 0 0]",37
747,4,gad7,9,PCA,RF,2,0.4631578947368421,0.5405405405405406,22,38,21,30,"[0 1 0 0 0 1 0 0 0 0 0 0 0 1 1 1 1 1 0 0 0 0 0 0 0 0 1 0 1 1 0 0 0 0 1 0 1
 1 1 0 1 1 1 1 1 0 1 0 0 0 1 1 1 0 0 0 0 1 0 0 0 0 1 0 0 0 0 1 1 1 0 1 1 0
 0 0 0 0 0 0 1 0 1 1 0 0 0 0 0 0 0 0 1 0 0 1 1 0 0 0 1 1 1 0 0 0 1 1 1 1 0]",37
748,4,gad7,9,PCA,LR,2,0.40425531914893614,0.4954954954954955,19,36,23,33,"[0 0 0 1 1 1 0 0 0 1 0 0 0 0 0 0 1 0 0 1 0 0 0 1 0 0 0 1 0 0 0 0 1 0 1 0 1
 1 1 1 1 1 0 1 0 1 0 0 1 0 1 0 1 0 1 1 1 1 0 1 0 0 1 0 0 0 0 1 0 1 0 0 1 0
 0 1 0 1 1 0 0 0 1 1 0 0 0 0 0 1 1 1 0 0 0 0 0 1 1 0 0 0 0 0 0 0 1 0 1 0 0]",37
749,4,gad7,9,PCA,XG,2,0.40860215053763443,0.5045045045045045,19,37,22,33,"[0 0 0 0 0 1 0 0 0 0 1 1 0 0 1 1 0 0 0 0 0 0 0 0 0 0 0 1 1 0 0 0 0 0 1 1 1
 1 1 0 1 1 1 0 1 1 1 0 0 0 1 1 1 0 0 0 0 1 0 0 0 0 1 0 0 0 0 1 1 1 0 1 1 0
 0 0 0 0 0 0 0 0 1 1 0 1 0 0 0 0 0 0 1 1 0 1 1 0 0 0 1 1 1 0 0 0 1 1 0 1 0]",37
750,4,gad7,9,PCA,SVC,3,0.36781609195402304,0.5045045045045045,16,40,19,36,"[0 1 0 1 1 1 0 0 0 0 0 0 1 0 0 0 1 0 0 0 0 0 0 0 0 0 0 1 0 0 0 0 0 0 0 0 1
 1 1 0 1 1 0 0 0 1 0 0 1 0 1 0 1 0 1 0 0 1 0 1 1 0 1 0 0 0 0 1 0 1 0 0 1 0
 0 0 0 0 1 0 0 0 1 1 0 0 0 0 0 0 1 1 0 1 0 0 1 1 0 0 0 0 0 0 0 0 1 0 1 1 0]",37
751,4,gad7,9,PCA,kNN,3,0.39999999999999997,0.5135135135135135,18,39,20,34,"[1 0 1 0 1 1 0 0 0 0 0 0 1 0 0 1 0 0 0 0 0 0 0 0 0 0 0 1 1 1 0 0 0 0 1 0 0
 1 1 0 1 0 0 1 1 1 1 1 0 0 1 0 1 1 0 0 0 1 0 0 1 0 1 0 0 0 1 1 0 1 0 1 0 0
 0 0 0 0 0 0 0 1 1 1 0 0 0 1 0 0 0 0 1 1 0 0 0 1 0 0 0 1 0 0 0 0 0 0 1 1 0]",37
752,4,gad7,9,PCA,RF,3,0.4044943820224719,0.5225225225225225,18,40,19,34,"[0 1 1 1 0 1 0 0 0 0 0 0 1 0 0 1 0 0 0 0 0 0 0 0 0 0 0 0 1 1 0 0 0 0 1 0 1
 0 1 0 1 1 1 1 0 0 1 1 0 0 1 0 1 0 0 0 0 1 0 0 1 0 1 0 0 0 0 0 1 1 0 1 0 1
 0 0 0 0 0 0 1 0 0 1 0 0 0 0 1 0 0 0 1 1 0 1 1 0 0 0 1 0 1 0 0 0 0 0 1 1 0]",37
753,4,gad7,9,PCA,LR,3,0.4123711340206186,0.4864864864864865,20,34,25,32,"[0 1 0 1 1 1 0 0 0 1 0 0 0 0 0 0 1 0 0 1 0 0 0 1 0 0 0 1 0 0 0 0 1 0 1 0 1
 1 1 1 1 1 0 1 0 1 0 0 1 0 1 0 1 0 1 1 1 1 0 1 0 0 1 0 0 0 0 1 0 1 0 0 1 0
 0 1 0 1 1 0 0 0 1 1 0 0 0 0 0 1 1 1 0 0 0 0 1 1 1 0 0 0 0 0 0 0 1 0 1 1 0]",37
754,4,gad7,9,PCA,XG,3,0.4130434782608696,0.5135135135135135,19,38,21,33,"[0 0 1 0 0 1 0 0 0 0 0 0 1 0 0 1 0 0 0 0 0 0 0 0 0 0 0 1 1 0 0 0 0 0 1 1 1
 0 1 0 0 1 0 1 0 1 1 1 0 0 1 0 1 0 0 0 0 0 0 0 1 0 1 0 0 0 0 0 1 1 0 1 1 0
 0 0 0 0 0 0 1 0 1 1 0 0 0 0 1 0 0 0 1 1 1 1 1 0 0 1 1 0 1 1 0 0 1 1 1 1 0]",37
755,4,gad7,9,PCA,SVC,4,0.3636363636363637,0.4954954954954955,16,39,20,36,"[0 1 0 1 1 1 0 0 0 0 0 0 1 0 0 0 1 1 0 0 0 0 0 0 0 0 0 1 0 0 0 0 0 0 0 0 1
 1 1 0 1 1 0 1 0 1 0 0 1 0 1 0 1 0 1 0 0 1 0 1 1 0 1 0 0 0 0 1 0 1 0 0 1 0
 0 0 0 0 1 0 0 0 1 1 0 0 0 0 0 0 1 1 0 0 0 0 1 1 0 0 0 0 0 0 0 0 1 0 1 1 0]",37
756,4,gad7,9,PCA,kNN,4,0.49019607843137253,0.5315315315315315,25,34,25,27,"[1 1 1 1 1 1 0 0 0 0 0 0 1 1 1 0 1 1 0 0 1 1 0 0 0 0 0 1 1 1 0 0 0 0 1 0 1
 1 1 0 1 0 1 1 0 1 1 1 1 0 1 0 0 0 0 0 0 0 1 0 1 0 0 0 0 0 1 1 0 1 0 1 1 0
 0 0 0 0 0 1 0 1 1 1 0 1 0 1 0 0 1 0 0 1 1 1 0 1 0 0 1 0 0 1 0 0 0 0 1 1 0]",37
757,4,gad7,9,PCA,RF,4,0.30379746835443033,0.5045045045045045,12,44,15,40,"[0 0 1 1 0 0 0 0 0 0 0 0 1 0 0 1 1 0 0 0 0 0 0 0 0 0 0 0 1 0 0 0 0 0 1 0 1
 0 1 0 1 1 1 1 0 0 0 1 0 0 0 0 0 0 0 0 0 0 0 0 1 0 1 0 0 0 0 0 1 1 0 1 1 0
 0 0 0 0 0 0 1 0 0 0 0 0 0 0 0 0 0 0 0 0 0 0 1 0 0 0 1 0 1 0 0 0 0 1 1 1 0]",37
758,4,gad7,9,PCA,LR,4,0.4123711340206186,0.4864864864864865,20,34,25,32,"[0 1 0 1 1 1 0 0 0 1 0 0 0 0 0 0 1 0 0 1 0 0 0 1 0 0 0 1 0 0 0 0 1 0 1 0 1
 1 1 1 1 1 0 1 0 1 0 0 1 0 1 0 1 0 1 1 1 1 0 1 0 0 1 0 0 0 0 1 0 1 0 0 1 0
 0 1 0 1 1 0 0 0 1 1 0 0 0 0 0 1 1 1 0 0 0 0 1 1 1 0 0 0 0 0 0 0 1 0 1 1 0]",37
759,4,gad7,9,PCA,XG,4,0.32941176470588235,0.4864864864864865,14,40,19,38,"[1 1 1 1 0 0 0 0 0 0 0 0 1 0 0 1 1 0 0 0 0 0 0 0 0 0 0 1 1 0 0 0 0 0 1 0 1
 0 1 0 0 1 0 1 0 1 1 1 1 0 0 0 0 0 0 0 0 0 0 0 1 1 1 0 0 0 0 0 1 1 0 1 0 0
 0 0 0 0 0 0 1 0 0 0 0 0 0 0 1 0 0 0 1 1 0 0 1 0 0 0 1 0 1 0 0 0 0 0 1 1 0]",37
760,4,gad7,9,PCA,SVC,1,0.36363636363636365,0.43243243243243246,18,30,29,34,"[0 0 0 0 0 1 0 1 1 0 1 0 1 1 0 0 1 0 0 0 0 0 1 1 1 0 0 0 0 1 0 0 0 0 1 1 0
 1 0 1 0 1 1 1 0 0 1 0 0 0 1 0 1 0 1 1 1 0 1 0 1 0 1 1 0 0 0 1 0 0 1 1 0 0
 0 1 0 0 1 0 0 0 0 0 1 1 0 1 1 0 0 1 0 1 0 0 1 1 0 1 1 0 0 0 1 1 1 0 1 0 0]",38
761,4,gad7,9,PCA,kNN,1,0.43243243243243246,0.43243243243243246,24,24,35,28,"[0 1 1 0 1 0 0 0 1 0 1 0 0 0 1 0 0 0 1 1 0 0 0 1 1 1 1 1 0 1 1 0 1 1 1 0 1
 0 0 0 0 0 0 0 0 1 1 1 0 0 1 0 0 1 1 0 0 0 1 0 1 1 1 1 1 0 1 1 1 1 1 1 0 0
 0 1 0 0 1 0 1 1 0 0 0 1 1 1 1 0 1 0 1 1 0 0 1 1 1 1 0 1 0 0 1 1 1 1 1 1 0]",38
762,4,gad7,9,PCA,RF,1,0.3736263736263737,0.4864864864864865,17,37,22,35,"[0 1 1 0 0 0 0 0 1 0 0 0 0 0 0 0 1 0 1 0 0 0 0 1 1 0 0 0 0 1 1 0 0 0 1 0 1
 0 0 0 0 0 0 0 0 0 1 0 0 1 1 0 1 1 1 0 0 0 1 0 1 1 0 0 1 0 1 1 0 0 0 0 0 1
 0 1 0 0 1 0 0 1 1 1 0 0 0 0 1 1 0 0 1 1 0 0 1 1 1 1 0 0 0 0 0 0 0 1 1 0 0]",38
763,4,gad7,9,PCA,LR,1,0.5354330708661418,0.46846846846846846,34,18,41,18,"[1 0 0 0 1 0 1 1 1 0 1 1 0 1 0 1 1 1 1 0 1 1 0 1 0 0 0 1 1 1 1 1 0 1 1 1 1
 0 1 1 1 0 1 0 0 1 1 0 1 1 1 1 0 0 1 0 0 1 1 0 1 0 1 0 0 1 1 1 0 1 0 0 1 1
 1 1 1 1 1 1 1 1 1 1 1 0 1 1 1 1 0 1 1 1 0 1 1 0 1 1 0 1 1 1 1 1 0 1 1 0 1]",38
764,4,gad7,9,PCA,XG,1,0.3958333333333333,0.4774774774774775,19,34,25,33,"[0 1 1 0 0 0 0 0 1 0 0 0 0 0 0 0 1 0 1 0 0 0 0 1 1 0 0 1 0 1 1 0 0 0 1 0 1
 0 0 0 0 0 0 0 0 0 1 0 0 1 1 0 1 1 1 0 0 0 1 0 1 1 1 1 1 0 1 1 0 1 1 0 0 1
 0 1 0 0 1 0 0 1 1 1 0 1 0 0 1 0 0 0 1 1 0 0 1 1 1 1 0 0 0 0 0 0 0 1 1 0 0]",38
765,4,gad7,9,PCA,SVC,2,0.39560439560439564,0.5045045045045045,18,38,21,34,"[0 0 0 0 1 1 0 1 1 0 0 0 1 1 0 1 1 1 0 0 1 0 1 1 0 0 0 0 1 0 1 0 0 0 0 0 0
 1 0 0 0 1 0 0 1 0 0 0 0 1 1 0 1 0 0 1 1 0 1 0 0 0 1 1 0 0 1 1 0 0 0 0 1 0
 0 1 0 0 0 0 1 0 0 0 1 0 1 0 0 0 0 1 1 0 0 0 0 0 0 1 1 0 0 0 1 1 0 0 1 0 0]",38
766,4,gad7,9,PCA,kNN,2,0.3043478260869565,0.42342342342342343,14,33,26,38,"[0 0 1 0 0 0 0 0 0 0 1 0 0 1 0 0 0 1 0 1 0 1 0 0 1 0 0 1 0 1 0 0 0 0 0 0 0
 0 0 0 0 0 0 0 1 0 0 0 0 1 0 0 0 0 1 1 0 1 1 0 0 0 0 1 1 0 0 1 1 0 0 1 1 0
 1 1 0 0 0 0 0 0 0 0 1 1 1 1 1 0 0 1 0 1 0 0 1 1 1 1 0 0 0 0 1 1 1 1 1 1 0]",38
767,4,gad7,9,PCA,RF,2,0.3595505617977528,0.4864864864864865,16,38,21,36,"[1 0 1 0 1 0 0 1 0 0 1 0 0 0 0 0 1 0 0 0 0 1 0 0 1 0 0 0 0 0 0 1 0 0 1 0 0
 0 0 0 0 0 0 0 0 0 0 0 0 1 1 1 0 1 0 0 0 1 0 1 0 0 0 1 1 0 0 1 0 1 1 0 1 0
 1 1 0 1 0 0 0 0 0 0 1 0 1 1 1 0 0 0 0 1 0 0 1 1 1 1 0 0 0 0 1 1 0 1 0 0 0]",38
768,4,gad7,9,PCA,LR,2,0.3132530120481927,0.4864864864864865,13,41,18,39,"[0 0 0 0 1 0 0 1 1 0 0 0 0 1 0 1 1 1 0 0 1 0 0 1 0 0 0 0 1 0 1 0 0 0 0 0 0
 0 0 0 0 0 0 1 1 0 0 0 0 1 1 0 0 0 0 0 0 0 1 0 0 0 1 0 0 0 1 1 0 0 1 0 1 0
 0 1 0 0 0 0 1 0 0 0 1 0 1 0 0 0 0 1 1 0 0 0 0 0 0 1 0 0 0 0 1 1 0 0 1 0 0]",38
769,4,gad7,9,PCA,XG,2,0.42000000000000004,0.4774774774774775,21,32,27,31,"[1 0 1 0 1 0 0 1 1 0 1 0 0 1 0 1 1 1 0 1 0 1 0 0 1 0 0 0 1 0 1 1 0 0 1 0 0
 0 0 0 0 0 0 0 0 0 0 0 0 1 1 1 0 1 1 0 0 1 0 1 0 1 1 1 1 0 1 1 0 1 0 1 1 0
 1 1 0 1 0 0 0 0 0 0 1 0 1 0 1 0 0 1 0 1 0 0 1 1 1 1 0 0 0 0 1 1 0 1 0 0 0]",38
770,4,gad7,9,PCA,SVC,3,0.40860215053763443,0.5045045045045045,19,37,22,33,"[0 0 0 0 1 1 0 1 1 0 0 0 1 1 0 1 1 1 0 0 1 0 1 1 1 0 0 0 1 0 1 0 0 0 0 0 0
 1 0 0 0 1 0 0 1 0 0 0 0 1 1 0 1 0 0 1 1 0 1 0 0 0 1 1 0 0 1 1 0 0 0 0 1 0
 0 1 0 0 0 0 1 0 0 0 1 0 1 0 0 0 0 1 1 0 0 0 0 1 0 1 1 0 0 0 1 1 0 0 1 0 0]",38
771,4,gad7,9,PCA,kNN,3,0.4509803921568628,0.4954954954954955,23,32,27,29,"[0 1 0 1 1 1 0 1 1 0 0 0 0 1 1 1 0 0 0 1 1 1 1 0 1 0 0 1 0 1 0 0 0 1 1 1 0
 0 0 1 0 0 0 0 1 1 0 0 0 1 1 0 0 0 1 0 1 0 1 0 0 1 0 1 1 0 0 1 0 0 0 1 1 0
 1 1 0 0 0 0 0 1 0 0 0 1 1 0 1 0 0 1 0 1 0 0 1 1 0 1 0 0 0 1 1 1 1 0 1 1 0]",38
772,4,gad7,9,PCA,RF,3,0.3373493975903614,0.5045045045045045,14,42,17,38,"[0 0 0 0 0 0 0 1 1 0 0 0 0 0 1 0 0 0 0 0 1 0 0 0 0 0 0 0 0 0 0 1 0 0 1 0 0
 0 0 0 0 0 0 0 1 0 0 0 0 1 1 1 0 0 1 0 0 1 0 0 0 0 0 1 1 0 0 1 0 1 1 0 1 0
 0 1 0 1 0 0 0 1 0 0 1 1 1 1 1 0 0 0 0 0 0 0 1 1 0 1 0 0 0 0 1 1 0 0 0 0 0]",38
773,4,gad7,9,PCA,LR,3,0.3132530120481927,0.4864864864864865,13,41,18,39,"[0 0 0 0 1 0 0 1 1 0 0 0 0 1 0 1 1 1 0 0 1 0 0 1 0 0 0 0 1 0 1 0 0 0 0 0 0
 0 0 0 0 0 0 1 1 0 0 0 0 1 1 0 0 0 0 0 0 0 1 0 0 0 1 0 0 0 1 1 0 0 1 0 1 0
 0 1 0 0 0 0 1 0 0 0 1 0 1 0 0 0 0 1 1 0 0 0 0 0 0 1 0 0 0 0 1 1 0 0 1 0 0]",38
774,4,gad7,9,PCA,XG,3,0.3333333333333333,0.4594594594594595,15,36,23,37,"[0 1 0 0 1 0 0 1 1 0 0 0 0 1 1 0 1 0 0 0 0 0 1 0 0 0 0 1 0 0 0 1 0 0 1 0 0
 0 0 0 0 0 0 0 0 1 0 0 0 1 1 1 0 0 1 0 0 1 0 0 0 1 0 1 1 0 0 1 0 1 1 1 1 0
 1 1 0 1 0 0 0 0 0 0 0 1 1 0 1 0 0 0 0 0 0 0 1 1 0 1 0 0 0 0 1 1 0 1 1 0 0]",38
775,4,gad7,9,PCA,SVC,4,0.43564356435643564,0.4864864864864865,22,32,27,30,"[0 0 0 0 1 1 0 1 1 1 0 0 1 1 0 1 1 1 0 0 1 0 1 1 1 0 0 0 1 0 1 0 0 0 0 0 0
 1 0 0 0 1 1 1 1 0 0 0 0 1 1 0 1 0 0 1 1 0 1 0 0 0 1 1 0 0 1 1 0 0 1 1 1 0
 0 1 0 0 0 0 1 0 0 0 1 1 1 0 0 0 0 1 1 0 1 0 0 1 0 1 1 0 0 0 1 1 1 0 1 0 0]",38
776,4,gad7,9,PCA,kNN,4,0.3829787234042554,0.4774774774774775,18,35,24,34,"[0 1 0 0 1 1 0 0 1 0 0 0 0 1 1 1 0 0 0 0 1 0 0 0 1 0 0 1 0 0 0 0 0 0 1 0 0
 0 0 0 0 0 1 0 0 1 0 0 0 1 1 0 0 0 1 0 1 1 0 0 0 1 1 1 1 0 0 1 0 0 0 1 1 0
 1 1 0 0 0 0 0 0 0 0 0 1 1 0 1 0 0 1 0 1 0 1 1 1 0 1 0 1 1 0 1 1 1 0 1 0 0]",38
777,4,gad7,9,PCA,RF,4,0.3764705882352941,0.5225225225225225,16,42,17,36,"[0 1 0 0 0 0 0 1 1 0 0 0 0 0 1 1 0 0 0 0 0 0 0 0 1 0 0 1 0 0 0 1 0 0 1 1 0
 0 0 0 0 0 0 0 0 1 0 0 0 1 1 1 0 0 1 0 0 1 0 0 0 1 0 1 1 0 0 1 0 0 1 0 1 0
 0 1 0 1 0 0 0 1 0 0 1 0 0 1 1 0 0 0 0 0 0 0 1 1 0 1 0 0 0 0 1 1 0 0 0 0 0]",38
778,4,gad7,9,PCA,LR,4,0.4716981132075472,0.4954954954954955,25,30,29,27,"[0 0 1 0 1 1 0 1 1 0 0 0 1 1 0 1 1 1 0 0 1 0 1 1 1 0 0 0 1 0 1 0 0 0 0 0 1
 1 1 0 0 1 1 1 1 0 0 0 0 1 1 0 1 1 0 0 1 0 1 0 0 0 1 1 0 0 1 1 0 1 1 1 1 1
 0 1 0 0 0 0 1 0 0 1 1 0 1 0 0 0 0 1 1 0 0 0 0 1 1 1 1 0 0 0 1 1 1 1 1 0 0]",38
779,4,gad7,9,PCA,XG,4,0.4044943820224719,0.5225225225225225,18,40,19,34,"[0 1 0 0 0 0 0 1 1 0 0 0 0 0 1 1 0 1 0 0 0 0 1 0 1 0 0 1 0 0 0 1 0 0 1 0 0
 0 0 0 0 0 0 0 0 1 0 0 0 1 1 1 0 0 1 0 0 1 0 0 0 1 0 1 1 0 0 1 0 0 0 0 1 0
 1 1 0 1 0 0 0 1 0 0 1 0 1 1 1 0 0 0 0 0 0 0 1 1 0 1 0 0 0 1 1 1 0 0 1 0 0]",38
780,4,gad7,9,PCA,SVC,1,0.24,0.4864864864864865,9,45,14,43,"[0 0 0 0 0 0 0 1 0 0 0 0 0 0 0 0 0 0 0 0 0 0 0 1 0 1 0 0 0 0 0 0 0 1 0 0 1
 0 0 0 1 1 0 0 0 0 0 0 1 0 1 1 0 0 0 0 0 0 0 0 0 0 1 0 1 0 1 0 0 0 0 0 0 0
 1 1 1 0 0 0 0 0 0 0 0 0 0 0 1 0 1 1 0 1 1 0 0 1 0 0 0 0 0 0 0 1 0 0 0 0 0]",39
781,4,gad7,9,PCA,kNN,1,0.41860465116279066,0.5495495495495496,18,43,16,34,"[0 1 0 1 1 0 0 1 1 0 1 0 0 0 0 0 0 0 0 0 0 0 1 1 1 1 0 0 0 0 1 1 0 0 0 0 1
 1 0 0 0 0 0 0 0 1 1 0 0 1 0 1 1 1 0 0 0 1 1 0 0 1 1 0 0 0 0 0 1 0 0 1 0 0
 0 1 0 0 0 0 1 1 0 0 0 0 0 0 0 0 1 0 0 0 1 0 0 1 0 0 0 0 0 0 0 0 0 1 0 0 1]",39
782,4,gad7,9,PCA,RF,1,0.39534883720930236,0.5315315315315315,17,42,17,35,"[1 0 0 0 0 0 0 1 0 1 1 0 0 1 0 1 0 0 0 0 1 1 1 1 0 1 0 1 0 0 0 1 1 0 0 1 1
 0 0 0 1 0 0 0 0 0 0 0 0 1 0 0 1 0 1 0 0 1 0 0 0 1 0 0 0 0 0 0 1 0 0 0 0 0
 1 0 1 0 0 0 1 1 0 0 0 0 0 0 0 1 0 0 0 0 1 0 1 0 0 1 0 0 0 0 1 0 1 1 0 0 0]",39
783,4,gad7,9,PCA,LR,1,0.5573770491803278,0.5135135135135135,34,23,36,18,"[1 1 0 1 1 0 1 1 1 1 1 1 1 1 0 1 0 1 0 0 1 1 0 1 0 1 1 0 1 0 1 1 1 1 1 1 0
 1 0 1 1 1 1 0 1 0 1 1 0 0 1 1 0 1 1 1 0 1 1 1 1 0 0 0 1 0 1 1 0 1 0 1 1 0
 1 1 1 0 0 1 0 0 1 1 1 0 0 1 1 0 0 0 1 1 0 0 1 1 1 0 1 1 0 1 1 1 1 0 1 0 0]",39
784,4,gad7,9,PCA,XG,1,0.4470588235294118,0.5765765765765766,19,45,14,33,"[0 0 0 1 1 0 0 1 1 0 1 0 0 1 0 1 0 0 0 0 0 1 1 1 0 1 0 1 0 0 0 1 0 0 0 0 1
 0 0 0 1 0 0 0 0 0 0 0 0 1 0 0 1 1 1 0 0 1 1 0 0 1 0 0 0 0 0 0 1 0 0 1 0 0
 1 1 1 0 0 0 1 1 0 0 0 0 0 0 0 1 0 0 0 0 1 0 0 0 0 1 0 0 0 0 0 0 0 1 0 0 0]",39
785,4,gad7,9,PCA,SVC,2,0.35000000000000003,0.5315315315315315,14,45,14,38,"[1 0 0 0 1 0 0 1 0 0 0 0 1 0 0 0 0 1 0 0 0 1 0 1 0 0 0 0 0 0 0 0 0 1 0 0 1
 0 0 0 1 0 1 0 0 0 0 0 1 0 1 1 0 0 1 0 0 0 0 1 0 0 0 0 0 0 0 0 0 0 1 1 0 0
 0 1 1 0 0 1 0 0 0 0 0 0 0 0 1 0 1 0 0 1 1 0 0 1 0 0 0 0 0 0 0 0 1 0 1 0 0]",39
786,4,gad7,9,PCA,kNN,2,0.3764705882352941,0.5225225225225225,16,42,17,36,"[0 0 1 1 0 1 0 0 1 1 1 1 0 0 0 0 0 0 0 0 0 0 0 1 0 1 0 1 0 0 1 1 1 1 1 1 1
 1 0 0 1 0 0 0 0 0 0 0 1 1 0 0 1 1 0 0 0 0 1 0 0 0 1 0 0 0 0 0 0 0 0 0 1 0
 0 0 0 0 0 0 0 1 0 0 0 1 0 0 1 1 1 0 0 0 1 0 0 1 0 0 0 0 0 0 0 0 0 0 0 0 0]",39
787,4,gad7,9,PCA,RF,2,0.380952380952381,0.5315315315315315,16,43,16,36,"[1 0 0 1 1 0 0 1 1 1 1 1 0 0 0 0 0 1 0 0 0 0 0 1 0 1 0 0 0 0 1 1 0 1 0 1 1
 0 0 0 1 0 1 0 0 0 0 0 1 0 0 0 1 0 0 0 0 0 1 1 0 0 0 0 0 0 0 0 0 0 1 1 0 0
 0 0 0 0 0 0 0 1 0 0 0 1 0 0 0 1 1 0 0 0 1 0 0 1 0 0 0 0 0 0 0 0 1 0 1 0 0]",39
788,4,gad7,9,PCA,LR,2,0.3846153846153846,0.5675675675675675,15,48,11,37,"[1 0 0 0 1 0 0 1 0 0 0 0 1 0 0 0 0 1 0 0 0 1 0 1 0 0 0 0 0 0 0 0 0 1 0 0 0
 0 0 0 1 0 1 0 0 0 0 0 0 0 1 1 0 0 1 0 0 0 0 1 0 0 0 0 0 0 0 0 0 0 1 1 0 0
 0 1 1 0 0 1 0 0 0 0 0 0 0 0 1 0 1 1 0 1 0 0 0 1 0 0 0 0 0 0 0 0 1 0 1 0 0]",39
789,4,gad7,9,PCA,XG,2,0.3255813953488372,0.4774774774774775,14,39,20,38,"[1 0 0 1 1 0 0 1 1 0 1 0 0 0 0 0 0 0 0 0 0 0 0 1 0 1 0 0 0 0 1 1 1 0 0 1 1
 0 0 0 1 0 1 0 0 0 0 1 1 0 0 0 1 1 0 0 0 0 1 1 1 0 0 0 0 0 0 0 0 0 0 0 1 1
 0 0 0 0 0 0 0 1 1 0 0 1 0 0 1 1 1 0 0 0 1 0 0 1 0 0 0 0 0 0 0 0 1 0 0 0 1]",39
790,4,gad7,9,PCA,SVC,3,0.2285714285714286,0.5135135135135135,8,49,10,44,"[1 0 0 0 1 0 0 1 0 0 0 0 0 0 0 0 0 0 0 0 0 1 0 1 0 0 0 0 0 0 0 0 0 1 0 0 1
 0 0 0 1 0 1 0 0 0 0 0 1 0 1 1 0 0 0 0 0 0 0 0 0 0 0 0 0 0 0 0 0 0 0 0 0 0
 0 1 1 0 0 0 0 0 0 0 0 0 0 0 1 0 1 0 0 1 0 0 0 1 0 0 0 0 0 0 0 0 0 0 0 0 0]",39
791,4,gad7,9,PCA,kNN,3,0.45161290322580644,0.5405405405405406,21,39,20,31,"[1 0 1 1 0 0 1 1 1 1 0 1 0 0 1 0 0 0 0 0 0 1 0 0 0 0 0 0 0 0 1 1 1 1 1 1 1
 1 0 0 1 0 0 0 0 0 0 0 1 0 1 1 1 0 1 1 0 0 1 0 0 0 1 0 0 0 0 0 0 1 0 0 1 0
 0 1 1 0 0 0 0 1 1 0 0 1 0 0 1 0 1 0 0 0 1 0 0 1 0 1 0 0 0 0 0 0 1 0 1 0 0]",39
792,4,gad7,9,PCA,RF,3,0.35714285714285715,0.5135135135135135,15,42,17,37,"[0 0 0 1 1 0 1 1 1 0 1 1 0 0 0 0 0 0 0 0 0 0 0 0 0 1 1 0 0 0 1 1 1 1 0 1 1
 0 0 0 1 0 0 0 0 0 0 0 1 0 0 0 1 0 0 0 0 0 1 0 0 1 0 1 0 0 0 0 0 1 0 1 0 0
 0 1 0 0 0 0 0 1 0 0 0 1 0 0 0 1 1 0 0 0 1 0 0 1 0 1 0 0 0 0 0 0 1 0 0 0 0]",39
793,4,gad7,9,PCA,LR,3,0.36585365853658536,0.5315315315315315,15,44,15,37,"[1 0 0 0 1 0 0 1 0 0 0 0 1 0 0 0 0 1 0 0 0 1 0 1 0 0 1 1 0 0 0 0 0 1 0 0 0
 0 0 0 1 1 1 0 0 0 0 0 0 0 1 1 0 0 1 0 0 0 0 1 0 0 0 0 1 0 1 0 0 0 0 0 0 0
 1 1 1 0 0 0 0 0 0 0 0 0 0 0 1 0 1 1 0 1 0 0 0 1 0 0 0 0 0 0 0 1 1 0 1 0 0]",39
794,4,gad7,9,PCA,XG,3,0.3855421686746988,0.5405405405405406,16,44,15,36,"[1 0 0 0 1 0 1 0 0 0 1 1 0 0 0 0 0 0 0 0 0 0 0 0 0 0 1 0 0 0 1 1 1 0 1 1 1
 0 0 0 1 0 0 0 0 0 0 0 1 0 1 0 1 1 0 0 0 0 1 0 0 1 0 0 0 0 0 1 0 1 0 0 0 1
 0 1 0 0 0 0 0 1 1 0 0 1 0 0 0 1 1 0 0 0 1 0 0 1 0 0 0 0 0 0 0 0 1 0 0 0 0]",39
795,4,gad7,9,PCA,SVC,4,0.3736263736263737,0.4864864864864865,17,37,22,35,"[1 0 1 0 0 1 0 1 0 0 0 0 0 1 1 0 0 0 0 0 0 1 1 1 1 0 0 1 1 0 0 0 0 1 0 0 1
 0 0 0 1 1 1 0 0 1 0 0 1 0 1 1 0 1 0 0 0 0 0 0 0 0 1 1 0 0 0 1 1 0 0 0 0 1
 0 1 1 0 0 0 0 0 0 0 0 1 0 0 1 1 1 0 0 1 1 0 0 1 0 1 0 0 0 0 0 0 0 0 1 0 1]",39
796,4,gad7,9,PCA,kNN,4,0.4693877551020408,0.5315315315315315,23,36,23,29,"[1 0 1 1 1 1 0 1 1 1 0 1 0 1 1 1 0 0 0 0 0 1 0 0 1 0 0 0 1 0 1 1 0 1 1 1 1
 0 0 1 1 1 0 0 0 0 0 0 0 0 1 1 0 1 0 0 0 1 1 0 0 0 0 1 0 0 0 1 0 0 0 0 0 1
 0 1 1 0 0 0 0 1 1 0 0 0 0 0 0 1 1 0 0 0 1 0 0 0 1 1 1 0 0 0 1 0 1 0 1 1 0]",39
797,4,gad7,9,PCA,RF,4,0.41860465116279066,0.5495495495495496,18,43,16,34,"[1 0 0 1 1 0 0 1 1 0 1 1 0 0 0 0 0 0 0 0 0 1 0 1 0 0 0 0 0 0 0 0 0 1 1 0 1
 0 0 0 1 1 1 0 0 0 0 1 1 0 0 1 1 1 0 0 0 0 1 0 0 1 0 1 0 0 0 1 1 0 1 0 0 1
 0 1 0 0 0 0 0 1 0 0 0 0 0 0 0 1 1 0 0 0 0 0 0 1 0 1 0 0 0 0 0 0 0 0 1 0 0]",39
798,4,gad7,9,PCA,LR,4,0.441860465116279,0.5675675675675675,19,44,15,33,"[1 0 1 0 1 0 0 1 0 0 0 0 0 0 0 0 0 0 0 0 0 1 1 1 0 0 1 1 0 0 0 0 0 1 0 0 0
 0 0 0 1 1 1 0 0 1 0 0 0 0 1 1 0 1 1 0 0 0 0 1 0 0 0 0 0 0 0 1 0 0 0 0 0 1
 1 1 1 0 0 0 0 0 0 0 0 1 0 0 1 1 0 1 0 1 0 0 0 1 0 1 0 0 0 0 0 1 1 0 1 0 0]",39
799,4,gad7,9,PCA,XG,4,0.36144578313253006,0.5225225225225225,15,43,16,37,"[1 0 0 0 0 0 0 0 1 0 1 1 0 0 0 0 0 0 0 0 0 0 0 0 0 0 0 0 0 0 1 0 1 1 1 1 1
 0 0 0 1 0 0 0 0 0 0 1 1 0 1 1 1 1 0 0 0 0 1 0 0 1 0 1 0 0 0 1 0 0 0 0 0 1
 0 1 1 0 0 0 0 1 0 1 1 1 0 0 0 1 1 0 0 0 0 0 0 1 0 0 0 0 0 0 0 0 0 0 0 0 0]",39
800,4,gad7,9,PCA,SVC,1,0.3218390804597701,0.46846846846846846,14,38,21,38,"[0 1 1 0 1 0 0 0 0 0 0 1 0 0 1 0 0 0 0 0 0 0 1 0 1 0 0 1 1 1 0 0 0 0 0 0 0
 1 1 1 1 0 1 1 0 0 0 1 0 0 0 0 0 1 0 1 0 0 0 1 1 0 0 1 1 0 0 0 0 0 1 1 0 0
 0 0 0 1 0 0 0 1 0 0 1 0 0 0 0 1 0 0 0 0 0 1 0 0 1 0 1 0 1 0 1 0 0 0 0 1 0]",40
801,4,gad7,9,PCA,kNN,1,0.47058823529411764,0.5135135135135135,24,33,26,28,"[1 0 0 0 1 0 0 1 0 0 0 0 1 0 0 1 0 0 1 0 0 0 1 1 1 0 0 0 1 0 0 1 0 0 1 0 0
 0 1 1 0 1 0 1 1 1 0 1 0 1 0 0 0 1 0 1 0 1 0 1 0 0 0 0 1 1 1 1 1 0 0 1 0 1
 1 0 1 1 0 1 0 0 0 0 1 1 0 0 0 1 1 0 1 0 0 1 0 0 1 1 1 0 1 1 1 0 1 0 0 1 1]",40
802,4,gad7,9,PCA,RF,1,0.3578947368421052,0.45045045045045046,17,33,26,35,"[1 0 1 1 0 1 0 1 0 0 0 0 1 0 0 0 0 0 1 0 1 0 0 0 1 1 0 1 0 0 0 0 0 0 0 0 0
 1 1 1 0 0 1 0 1 1 0 1 1 0 0 0 0 1 0 0 0 1 0 0 1 0 0 0 0 1 1 0 1 1 0 1 0 0
 1 0 0 1 0 1 0 0 1 0 1 1 1 0 0 1 0 0 1 0 0 0 0 0 1 1 0 0 1 0 1 0 0 1 1 1 0]",40
803,4,gad7,9,PCA,LR,1,0.47244094488188976,0.3963963963963964,30,14,45,22,"[0 1 1 1 1 0 0 0 1 0 0 1 1 1 1 1 1 0 1 0 1 1 1 0 1 0 0 1 1 1 1 0 1 0 0 1 1
 1 1 1 1 0 1 1 0 1 0 1 1 0 1 1 0 1 1 1 0 0 0 1 1 1 1 1 1 0 0 1 1 1 1 1 1 1
 1 1 1 1 1 0 1 1 0 1 1 0 1 0 0 1 0 1 0 1 0 1 1 1 1 0 1 1 1 1 1 0 1 1 0 1 0]",40
804,4,gad7,9,PCA,XG,1,0.3655913978494624,0.46846846846846846,17,35,24,35,"[1 0 0 1 0 0 0 1 0 0 0 0 1 0 0 0 0 0 1 0 1 0 0 0 1 1 0 1 0 0 0 0 0 0 0 0 0
 0 1 1 0 0 1 1 1 1 0 1 1 0 0 0 0 1 0 0 0 1 0 0 1 0 0 0 0 1 1 1 1 1 0 1 0 1
 1 0 1 1 0 1 0 0 0 0 1 1 0 0 0 1 0 0 1 0 0 0 0 0 1 0 0 0 1 0 1 0 1 1 0 1 0]",40
805,4,gad7,9,PCA,SVC,2,0.2631578947368421,0.4954954954954955,10,45,14,42,"[0 0 1 1 0 0 0 0 0 0 0 1 0 0 1 0 0 0 0 0 0 0 0 0 1 0 0 0 0 0 0 0 1 0 0 0 1
 1 0 1 1 0 0 1 0 0 0 1 0 0 0 1 0 0 0 1 0 0 0 0 0 1 0 0 1 0 1 0 0 0 0 1 0 0
 0 0 0 1 0 0 0 0 0 0 0 0 0 0 0 0 0 0 0 1 0 0 0 1 1 0 0 0 0 0 1 0 0 0 0 1 0]",40
806,4,gad7,9,PCA,kNN,2,0.4123711340206186,0.4864864864864865,20,34,25,32,"[1 0 0 0 1 0 0 1 0 0 0 0 1 0 1 0 0 0 0 0 0 1 1 1 1 0 1 0 0 0 0 0 1 0 1 0 0
 1 0 0 1 1 0 1 1 1 0 1 0 0 0 0 1 0 0 0 0 1 0 1 0 0 0 0 1 1 1 0 1 1 0 0 1 0
 1 0 0 1 0 1 1 1 0 0 0 1 0 0 0 1 1 0 1 0 0 1 0 0 0 1 0 0 1 1 1 1 1 0 0 0 1]",40
807,4,gad7,9,PCA,RF,2,0.35443037974683544,0.5405405405405406,14,46,13,38,"[1 0 0 1 0 0 0 0 0 0 0 0 1 0 0 0 0 0 0 0 0 0 1 0 1 1 0 0 0 1 0 0 0 0 1 0 0
 1 0 0 0 0 0 0 1 1 0 1 0 1 0 0 0 0 0 0 0 0 0 1 0 0 0 0 1 1 1 0 1 0 0 0 0 1
 1 0 1 1 0 1 0 0 1 0 0 0 0 0 0 0 0 0 0 0 0 0 0 1 0 0 0 0 0 0 0 0 0 1 0 1 0]",40
808,4,gad7,9,PCA,LR,2,0.2857142857142857,0.5045045045045045,11,45,14,41,"[0 0 1 1 0 0 0 0 0 0 0 1 0 0 1 0 0 0 0 0 0 0 0 0 1 0 0 0 0 0 0 0 1 0 0 0 1
 1 0 1 1 0 0 1 0 0 0 1 0 0 0 1 0 0 0 1 0 0 0 0 0 1 0 0 1 0 1 0 0 0 0 1 0 0
 0 0 0 1 0 0 0 0 0 0 0 0 0 0 1 0 0 0 0 1 0 0 0 1 1 0 0 0 0 0 1 0 0 0 0 1 0]",40
809,4,gad7,9,PCA,XG,2,0.3764705882352941,0.5225225225225225,16,42,17,36,"[1 0 0 1 0 0 0 0 0 0 0 0 1 0 0 1 0 0 0 0 0 0 1 0 1 0 0 0 1 0 0 0 0 0 1 0 0
 1 0 0 0 0 0 0 1 0 0 1 0 1 1 0 1 0 0 0 0 0 0 1 0 0 0 0 1 1 1 1 1 0 0 0 0 1
 0 0 1 1 0 1 0 0 1 0 1 0 0 0 0 1 0 0 0 0 0 0 1 0 1 0 0 0 0 0 1 0 0 1 1 1 0]",40
810,4,gad7,9,PCA,SVC,3,0.42222222222222217,0.5315315315315315,19,40,19,33,"[0 0 1 1 0 0 0 1 0 1 0 1 0 0 1 0 0 0 0 0 0 0 0 1 1 0 1 0 0 0 0 1 1 0 1 0 1
 1 0 1 1 1 0 1 1 0 0 1 0 0 0 1 0 0 0 1 0 1 1 0 0 1 0 0 1 0 0 0 0 0 0 1 0 0
 0 0 0 1 0 1 0 0 0 0 0 1 0 0 0 0 1 0 0 1 0 0 0 1 1 1 0 0 0 0 1 1 0 0 0 1 0]",40
811,4,gad7,9,PCA,kNN,3,0.4117647058823529,0.4594594594594595,21,30,29,31,"[1 1 0 1 1 0 0 1 0 0 1 0 0 0 1 0 0 0 0 0 0 1 0 1 1 0 1 0 0 1 1 0 0 0 1 0 1
 1 0 1 1 0 0 1 1 1 0 1 0 0 0 1 0 1 0 1 0 1 0 1 0 0 0 0 1 1 0 0 0 1 0 0 0 1
 1 0 1 1 0 1 0 1 0 0 0 1 0 0 0 1 1 0 1 0 0 1 1 1 0 1 1 0 0 1 1 1 0 0 0 1 1]",40
812,4,gad7,9,PCA,RF,3,0.41379310344827586,0.5405405405405406,18,42,17,34,"[1 0 0 1 0 0 0 0 0 0 0 0 0 0 0 0 0 0 0 0 0 0 0 0 1 1 0 0 1 1 1 0 0 0 1 0 1
 1 0 1 0 0 0 0 1 1 0 1 0 1 0 0 0 0 0 1 0 0 0 1 0 0 0 0 1 1 1 0 0 1 0 0 0 1
 0 1 1 1 0 1 0 0 1 0 0 0 0 0 0 1 0 0 1 0 0 0 0 1 0 1 1 0 0 0 0 0 0 1 0 1 1]",40
813,4,gad7,9,PCA,LR,3,0.2790697674418605,0.44144144144144143,12,37,22,40,"[0 0 1 1 0 0 0 0 0 0 0 1 0 0 1 0 0 0 0 0 0 0 0 0 1 0 0 1 1 1 0 0 1 0 0 0 1
 1 0 1 1 0 1 1 0 0 0 1 0 0 0 1 0 1 0 1 0 0 0 0 1 1 0 1 1 0 0 0 0 0 1 1 0 0
 0 0 0 1 0 0 0 0 0 0 1 0 0 0 1 0 0 0 0 1 0 0 0 1 1 0 0 0 1 0 1 0 0 0 0 1 0]",40
814,4,gad7,9,PCA,XG,3,0.44680851063829785,0.5315315315315315,21,38,21,31,"[1 0 0 1 0 0 0 0 0 0 0 0 1 0 0 0 0 0 1 0 0 1 0 0 1 0 0 0 0 0 1 0 0 0 1 0 1
 1 0 1 0 0 0 0 1 1 0 1 0 1 1 0 0 0 0 1 0 0 1 1 0 0 0 0 1 1 1 1 0 1 0 0 0 1
 1 1 1 1 0 1 1 0 1 0 0 0 0 0 0 1 0 0 1 0 0 0 0 1 1 0 1 0 0 0 1 0 0 1 1 1 1]",40
815,4,gad7,9,PCA,SVC,4,0.43298969072164945,0.5045045045045045,21,35,24,31,"[1 0 1 1 0 0 0 1 0 1 1 1 0 0 1 0 1 1 0 0 0 0 0 1 1 0 1 0 0 0 0 1 1 0 1 0 1
 1 0 1 1 1 0 1 1 0 1 1 0 0 0 1 0 0 0 1 0 1 1 0 0 1 0 0 1 1 0 0 0 0 0 1 0 0
 0 0 0 1 0 1 0 0 0 0 0 1 0 0 0 0 1 0 1 1 0 0 0 1 1 1 0 0 0 0 1 1 0 0 0 1 0]",40
816,4,gad7,9,PCA,kNN,4,0.4375,0.5135135135135135,21,36,23,31,"[1 1 1 1 0 0 0 1 0 0 1 0 0 0 1 0 1 0 0 0 0 0 0 0 1 0 1 0 0 0 0 1 0 0 1 1 1
 1 0 1 1 1 0 1 1 0 0 1 0 0 0 1 0 1 1 1 0 1 0 0 0 0 0 0 1 1 0 0 0 0 0 1 0 1
 0 1 0 1 0 1 0 0 0 0 0 1 0 0 0 0 1 0 1 0 0 1 0 1 1 1 1 0 0 0 1 1 0 0 0 1 0]",40
817,4,gad7,9,PCA,RF,4,0.3488372093023256,0.4954954954954955,15,40,19,37,"[1 0 0 1 0 0 0 0 0 0 0 0 0 0 0 0 0 0 0 0 0 0 0 0 1 0 0 0 0 1 0 0 0 0 1 0 1
 1 0 1 1 0 0 0 1 1 0 1 0 1 0 0 0 1 0 1 0 1 0 0 0 0 0 0 1 1 1 0 1 1 0 0 0 1
 0 0 1 1 0 1 0 0 1 0 0 0 0 0 0 0 1 0 1 0 0 0 0 1 0 1 1 0 0 0 1 0 0 0 0 1 1]",40
818,4,gad7,9,PCA,LR,4,0.30588235294117644,0.46846846846846846,13,39,20,39,"[0 0 1 1 0 0 0 0 0 1 0 1 0 0 1 0 0 0 0 0 0 0 0 0 1 0 0 0 1 1 0 0 1 0 0 0 1
 1 0 1 1 0 1 1 0 0 0 1 0 0 0 1 0 1 0 1 0 0 0 0 0 1 0 1 1 0 0 0 0 0 1 1 0 0
 0 1 0 1 0 0 0 0 0 0 1 0 0 0 1 0 0 0 0 1 0 0 0 1 1 0 0 0 0 0 1 0 0 0 0 1 0]",40
819,4,gad7,9,PCA,XG,4,0.3855421686746988,0.5405405405405406,16,44,15,36,"[1 0 1 0 0 0 0 0 0 1 0 0 1 0 0 0 0 0 1 0 0 0 0 0 1 0 0 0 0 1 0 0 0 0 1 0 0
 1 0 0 0 1 0 0 1 1 0 1 0 0 1 0 0 0 0 0 0 1 0 0 0 0 0 0 0 1 1 0 1 1 0 0 0 1
 0 1 1 1 0 1 0 0 1 0 1 0 0 0 0 0 1 0 1 0 0 0 0 0 0 0 1 0 0 0 0 0 0 1 0 0 1]",40
820,4,gad7,9,PCA,SVC,1,0.3373493975903614,0.5045045045045045,14,42,17,38,"[1 0 0 1 0 0 0 0 0 0 1 1 0 0 0 0 0 0 1 0 0 0 1 1 0 1 0 0 1 0 0 0 0 1 0 0 0
 0 0 0 0 0 1 1 1 0 0 0 0 0 0 0 0 0 0 0 0 0 0 0 0 1 1 1 0 1 1 1 0 1 0 1 1 0
 1 0 0 1 1 0 0 0 0 0 0 1 0 0 0 1 0 0 0 0 0 0 0 0 0 0 1 0 1 0 0 0 0 1 0 1 0]",41
821,4,gad7,9,PCA,kNN,1,0.4339622641509434,0.4594594594594595,23,28,31,29,"[1 1 1 1 0 1 0 0 0 1 0 1 1 0 1 0 0 0 1 0 0 0 1 1 0 1 0 1 1 1 0 0 0 1 0 1 0
 0 1 0 0 0 0 0 1 1 1 0 1 1 1 1 1 0 0 0 0 0 0 1 0 0 1 0 0 1 1 0 0 1 0 1 1 0
 1 1 1 1 0 1 1 0 0 0 1 1 0 0 1 0 0 0 1 0 1 1 1 0 0 1 1 0 1 1 0 0 0 1 0 1 1]",41
822,4,gad7,9,PCA,RF,1,0.46464646464646464,0.5225225225225225,23,35,24,29,"[1 1 1 1 0 0 0 0 0 1 1 1 1 0 0 0 0 0 1 0 0 1 1 1 0 1 0 1 1 1 0 0 0 1 1 1 0
 1 0 1 1 0 0 0 1 1 1 0 0 1 1 0 1 1 1 0 0 0 0 0 1 1 1 0 0 1 1 0 0 1 0 1 0 0
 0 0 0 1 1 0 1 0 0 0 1 0 0 0 0 0 0 0 0 0 0 1 1 0 0 1 1 0 0 0 0 0 0 1 0 1 0]",41
823,4,gad7,9,PCA,LR,1,0.549618320610687,0.46846846846846846,36,16,43,16,"[0 1 1 0 1 0 0 1 1 1 1 1 1 1 1 1 0 1 1 1 0 1 1 1 1 0 1 0 0 1 1 1 1 1 0 1 1
 1 1 1 1 1 1 0 1 0 1 1 0 1 1 1 1 1 1 1 1 0 1 0 1 0 0 1 1 0 1 0 1 0 1 0 1 1
 1 1 1 1 1 1 1 1 0 1 1 1 1 1 1 1 1 1 0 0 0 0 0 0 1 1 0 1 1 0 1 1 1 1 0 0 1]",41
824,4,gad7,9,PCA,XG,1,0.4421052631578947,0.5225225225225225,21,37,22,31,"[1 1 1 1 0 0 0 0 0 1 0 0 1 0 0 0 0 0 1 0 0 1 1 1 0 1 0 1 1 1 0 0 0 1 1 1 0
 1 0 0 0 0 0 0 1 1 1 0 0 1 1 1 1 1 0 0 0 0 0 0 1 0 1 0 0 1 1 0 0 1 0 1 0 0
 0 0 0 0 1 0 1 0 0 0 1 0 0 0 1 0 0 0 0 0 0 1 1 0 0 1 1 1 0 0 0 0 0 1 0 1 0]",41
825,4,gad7,9,PCA,SVC,2,0.46601941747572817,0.5045045045045045,24,32,27,28,"[1 0 1 1 1 0 0 0 0 1 1 1 0 1 0 0 0 1 1 0 0 0 1 1 0 1 0 0 1 1 0 0 1 1 0 0 0
 1 1 1 1 0 1 1 0 0 1 0 0 0 0 0 1 0 1 0 0 0 1 0 0 1 1 0 0 1 1 1 0 1 0 1 1 0
 1 0 0 1 1 0 0 0 0 1 0 1 1 1 1 1 1 0 0 0 0 0 0 0 1 0 1 0 1 0 0 0 1 1 0 1 0]",41
826,4,gad7,9,PCA,kNN,2,0.42857142857142855,0.42342342342342343,24,23,36,28,"[0 1 0 1 1 0 0 1 0 0 1 0 1 1 0 0 0 1 1 0 0 1 1 1 1 1 0 1 1 1 0 1 0 0 1 1 0
 1 1 0 0 0 1 1 0 1 1 0 0 1 1 0 1 1 1 1 0 0 0 1 0 0 1 0 0 0 1 0 0 1 1 1 1 0
 1 0 1 0 1 1 1 0 0 0 0 1 1 1 0 1 1 0 1 0 0 1 1 0 0 1 1 1 0 1 0 0 1 1 0 1 1]",41
827,4,gad7,9,PCA,RF,2,0.4158415841584159,0.46846846846846846,21,31,28,31,"[0 0 0 1 1 0 0 1 0 0 1 1 1 1 0 0 0 1 1 0 0 0 1 1 0 1 0 1 1 1 0 1 0 1 1 1 0
 0 0 0 0 0 1 0 0 1 1 0 0 1 1 0 1 0 1 0 0 0 0 0 0 1 1 0 0 0 1 0 0 1 1 0 0 0
 1 0 1 1 1 1 1 0 0 0 0 0 1 1 0 1 1 0 0 0 0 1 1 0 0 1 1 0 0 0 1 0 1 1 0 1 0]",41
828,4,gad7,9,PCA,LR,2,0.3373493975903614,0.5045045045045045,14,42,17,38,"[0 0 1 0 1 0 0 0 0 1 1 1 0 1 0 0 0 1 0 0 0 0 0 1 0 0 0 0 0 1 0 0 0 1 0 0 0
 1 0 0 1 0 1 1 0 0 1 0 0 0 0 0 1 0 1 0 0 0 1 0 0 0 0 0 0 0 1 0 0 0 0 0 0 0
 1 0 0 1 1 0 0 0 0 1 0 0 1 0 1 1 1 0 0 0 0 0 0 0 1 0 0 0 0 0 0 0 1 1 0 1 0]",41
829,4,gad7,9,PCA,XG,2,0.43564356435643564,0.4864864864864865,22,32,27,30,"[0 0 0 0 1 0 0 1 0 0 1 0 1 1 0 0 0 1 1 0 0 0 1 0 0 1 0 0 1 1 1 1 0 1 1 1 0
 1 1 1 0 0 1 0 0 1 1 0 0 1 1 0 1 0 1 0 0 0 0 0 0 1 1 0 0 0 0 0 0 1 1 0 0 0
 1 0 1 1 1 1 1 0 0 0 0 0 1 1 0 1 1 0 0 0 0 1 1 0 0 1 1 0 0 1 1 0 1 1 0 1 0]",41
830,4,gad7,9,PCA,SVC,3,0.39175257731958757,0.46846846846846846,19,33,26,33,"[0 0 1 1 1 0 0 0 0 1 1 1 0 1 0 0 0 1 1 0 0 0 1 1 0 1 0 0 1 1 0 0 0 1 0 0 0
 1 0 0 1 0 1 1 0 0 1 0 0 0 0 0 1 0 1 0 0 0 1 0 0 0 1 0 0 1 1 1 0 1 0 1 1 0
 1 0 0 1 1 0 0 0 0 1 0 1 1 1 1 1 1 0 0 0 0 0 0 0 1 0 1 0 0 0 0 0 1 1 0 1 0]",41
831,4,gad7,9,PCA,kNN,3,0.4144144144144144,0.4144144144144144,23,23,36,29,"[0 0 0 1 1 0 0 1 0 1 1 1 1 0 1 0 0 1 0 0 0 0 1 0 1 1 0 0 0 1 0 0 0 0 1 1 0
 1 1 1 1 0 1 1 0 1 1 0 0 1 1 0 1 1 1 1 1 0 0 1 0 1 1 0 0 1 0 1 0 1 1 1 1 1
 1 1 0 1 1 0 1 0 0 0 0 0 0 0 1 1 1 0 1 0 1 1 1 0 0 1 0 0 0 1 1 0 1 1 0 1 1]",41
832,4,gad7,9,PCA,RF,3,0.3655913978494624,0.46846846846846846,17,35,24,35,"[0 0 0 1 0 0 0 0 0 0 1 1 1 0 0 0 0 0 1 0 0 0 0 0 0 1 0 0 0 1 1 0 0 0 0 1 0
 1 0 1 1 0 1 0 0 1 1 0 0 1 1 0 1 0 1 0 0 0 0 1 1 1 1 0 0 0 0 1 0 1 0 0 0 0
 1 0 0 1 1 1 1 0 0 0 0 0 0 1 0 1 0 0 0 0 0 1 1 0 0 1 1 0 0 0 1 0 1 1 0 1 1]",41
833,4,gad7,9,PCA,LR,3,0.4117647058823529,0.4594594594594595,21,30,29,31,"[0 0 1 1 1 0 0 0 1 1 1 1 0 1 0 0 0 1 1 0 0 0 1 1 0 1 0 0 1 1 0 0 0 1 0 0 0
 1 1 0 1 0 1 1 0 0 1 0 0 0 0 0 1 0 1 1 0 0 1 0 0 0 1 0 0 1 1 1 0 1 0 1 1 0
 1 0 1 1 1 0 1 0 0 1 0 1 1 1 1 1 1 0 0 0 0 0 0 0 1 0 0 0 1 0 0 0 1 1 0 1 0]",41
834,4,gad7,9,PCA,XG,3,0.37500000000000006,0.4594594594594595,18,33,26,34,"[0 0 0 1 1 0 0 0 0 1 0 1 1 0 1 0 0 0 1 0 0 0 0 0 0 0 0 0 1 1 1 1 0 0 0 1 0
 1 1 1 1 0 1 0 0 1 1 0 0 1 1 1 1 0 1 0 0 0 0 1 1 1 1 0 0 0 0 0 0 1 0 0 0 0
 1 0 0 1 1 0 1 0 0 0 0 0 0 1 1 0 1 0 0 0 0 1 0 0 0 1 1 0 0 0 1 0 1 1 0 1 1]",41
835,4,gad7,9,PCA,SVC,4,0.5172413793103449,0.4954954954954955,30,25,34,22,"[0 0 1 1 1 1 0 0 1 1 1 1 0 1 0 0 0 1 1 0 0 0 1 1 0 1 0 1 1 1 1 0 1 1 0 0 0
 1 1 1 1 0 1 1 0 1 1 1 1 1 0 0 1 0 1 1 0 0 1 1 1 1 1 0 0 0 1 1 0 1 0 0 1 0
 1 0 1 1 1 0 1 0 0 1 0 1 1 1 1 1 1 0 1 0 1 0 1 0 1 0 1 0 1 0 0 0 1 1 0 1 0]",41
836,4,gad7,9,PCA,kNN,4,0.4684684684684685,0.46846846846846846,26,26,33,26,"[0 0 0 1 1 0 0 0 0 1 1 0 1 1 0 0 0 0 0 0 0 0 1 0 1 1 0 1 1 1 1 0 1 1 1 1 1
 1 1 0 0 0 1 1 0 1 1 0 0 1 1 1 0 1 1 1 1 0 0 1 0 0 1 0 0 0 1 1 0 1 1 0 1 0
 1 0 0 1 1 1 1 0 0 0 0 0 0 0 1 0 1 1 1 0 1 1 1 0 0 1 0 1 0 1 1 1 1 1 0 1 1]",41
837,4,gad7,9,PCA,RF,4,0.4044943820224719,0.5225225225225225,18,40,19,34,"[0 0 0 1 1 0 0 0 0 1 0 1 1 1 0 0 0 0 0 0 0 0 0 1 0 0 0 0 0 1 1 0 0 1 1 1 0
 0 0 1 0 0 1 0 0 1 0 0 0 1 0 1 0 0 0 0 1 0 0 1 0 1 1 0 0 0 0 1 0 1 1 0 0 0
 1 0 0 1 1 1 0 0 0 0 0 0 0 0 0 1 1 0 0 0 0 1 0 0 0 1 1 0 0 0 0 0 1 1 0 1 1]",41
838,4,gad7,9,PCA,LR,4,0.4509803921568628,0.4954954954954955,23,32,27,29,"[0 1 1 0 1 0 0 0 1 1 1 1 0 1 0 0 0 1 1 0 0 0 1 1 0 1 0 0 1 1 0 0 0 1 0 0 0
 1 1 1 1 0 1 1 0 0 1 0 0 1 0 0 1 0 1 1 0 0 1 0 1 1 0 0 0 0 0 1 0 0 1 0 1 0
 1 0 1 1 1 0 1 0 0 1 0 1 1 1 1 1 1 0 0 0 0 0 0 0 1 0 0 0 1 0 0 0 1 1 0 1 0]",41
839,4,gad7,9,PCA,XG,4,0.3255813953488372,0.4774774774774775,14,39,20,38,"[0 0 0 0 0 0 0 0 0 1 0 1 0 1 0 0 0 0 0 0 0 0 0 0 0 0 0 0 1 1 1 1 0 1 1 1 0
 1 0 0 0 0 1 0 0 1 1 0 0 1 1 1 0 0 0 0 1 0 0 1 0 1 1 0 0 0 0 0 0 1 1 0 0 0
 1 0 0 1 0 1 0 0 0 0 0 0 0 0 0 0 1 0 0 0 0 1 0 0 0 1 1 0 0 0 0 0 1 1 0 1 1]",41
840,4,gad7,9,PCA,SVC,1,0.30952380952380953,0.4774774774774775,13,40,19,39,"[0 0 0 0 0 0 0 1 1 1 0 1 0 0 1 0 0 0 1 0 0 0 0 0 0 0 0 1 0 0 1 1 0 0 0 1 0
 1 1 0 1 0 0 0 0 0 0 1 0 0 0 0 0 1 0 0 0 1 0 0 1 0 0 1 0 0 0 0 0 0 0 0 0 0
 1 0 1 0 1 1 0 0 0 0 1 1 0 0 0 1 0 1 0 0 0 0 0 1 0 1 0 0 0 0 1 1 1 0 0 0 1]",42
841,4,gad7,9,PCA,kNN,1,0.4313725490196078,0.4774774774774775,22,31,28,30,"[1 1 0 0 0 0 0 1 1 0 1 0 0 0 1 1 0 0 0 0 1 1 0 0 1 0 0 0 0 1 1 1 0 0 0 1 0
 0 1 0 1 1 0 1 0 1 0 1 1 0 0 0 0 1 0 0 1 0 0 0 0 1 0 1 1 0 0 1 0 0 0 0 0 0
 1 0 1 0 0 1 1 0 1 1 0 1 1 0 1 1 0 1 1 1 1 1 1 1 0 0 1 1 0 1 0 0 1 1 0 1 0]",42
842,4,gad7,9,PCA,RF,1,0.44680851063829785,0.5315315315315315,21,38,21,31,"[1 0 0 1 0 0 0 1 0 0 1 1 0 0 0 1 0 0 1 0 0 1 0 0 1 0 0 0 0 1 1 1 0 0 0 1 0
 1 0 0 0 0 0 0 0 1 0 1 1 1 0 0 0 1 1 0 0 1 1 0 0 0 1 0 0 1 0 0 0 0 1 0 0 0
 0 0 0 0 1 1 1 1 0 1 0 1 0 0 1 0 1 1 1 1 0 0 1 0 0 0 1 0 0 0 0 1 0 1 0 1 1]",42
843,4,gad7,9,PCA,LR,1,0.3448275862068965,0.4864864864864865,15,39,20,37,"[0 0 0 1 0 0 0 1 1 0 0 0 1 1 1 0 0 1 1 0 0 0 0 0 0 0 1 1 0 0 0 1 0 0 0 1 0
 0 1 0 1 0 0 0 0 1 0 1 0 0 0 1 1 1 1 0 0 0 0 0 1 0 0 1 0 0 0 0 0 0 0 1 1 0
 0 0 0 0 1 0 0 1 0 0 0 1 0 0 0 1 0 1 0 0 0 0 0 1 0 1 0 0 0 0 0 1 1 0 1 0 1]",42
844,4,gad7,9,PCA,XG,1,0.4444444444444444,0.5045045045045045,22,34,25,30,"[1 0 1 0 0 0 0 1 0 0 0 1 0 0 1 1 0 0 1 0 1 1 0 0 1 0 0 0 0 1 1 1 0 0 0 1 0
 1 0 0 0 0 0 1 0 1 0 1 1 1 0 0 0 1 0 0 1 1 0 0 0 0 1 1 0 1 0 0 0 0 0 0 0 0
 1 0 1 0 1 1 1 1 1 1 0 1 0 0 1 0 0 1 0 1 0 0 1 1 0 0 1 1 0 0 0 1 1 1 0 1 1]",42
845,4,gad7,9,PCA,SVC,2,0.33333333333333337,0.4954954954954955,14,41,18,38,"[0 0 0 0 1 1 1 0 0 1 0 0 0 0 0 0 0 0 0 0 0 0 0 1 0 0 0 0 0 1 1 1 1 0 0 0 1
 0 0 0 1 0 0 0 1 0 0 1 0 0 0 0 0 0 1 0 0 1 1 1 0 0 0 1 0 1 0 0 0 0 0 0 0 0
 1 0 1 0 0 1 1 0 0 0 1 1 1 0 0 1 1 0 0 1 0 1 1 0 0 0 0 0 0 0 1 0 0 0 0 0 0]",42
846,4,gad7,9,PCA,kNN,2,0.4772727272727273,0.5855855855855856,21,44,15,31,"[0 0 1 0 0 0 0 1 1 1 0 0 0 0 1 0 1 0 1 0 1 0 1 1 0 0 0 0 0 0 0 0 0 1 0 0 0
 0 1 0 0 0 0 1 0 1 1 1 1 0 0 0 0 1 1 0 1 0 0 0 0 0 0 1 0 0 1 0 0 0 0 0 0 0
 0 0 0 0 1 1 1 1 0 0 1 1 1 0 0 1 0 0 0 1 0 1 1 1 0 0 1 0 0 0 0 0 1 0 0 0 0]",42
847,4,gad7,9,PCA,RF,2,0.49438202247191015,0.5945945945945946,22,44,15,30,"[0 1 0 0 1 0 1 1 0 0 0 0 0 0 0 0 1 0 0 0 0 0 0 0 0 0 0 1 0 0 1 1 0 1 0 0 1
 0 1 0 1 0 0 1 0 1 0 1 0 0 0 0 0 1 1 0 1 1 0 0 0 0 0 1 0 0 0 1 0 0 1 0 0 0
 1 0 0 1 1 1 1 1 1 0 0 1 0 0 1 0 0 0 1 0 0 1 0 1 0 0 1 0 0 0 1 0 1 0 0 0 0]",42
848,4,gad7,9,PCA,LR,2,0.4285714285714286,0.4954954954954955,21,34,25,31,"[0 0 0 0 1 1 1 0 0 1 0 0 1 1 0 0 0 1 0 0 0 0 0 1 0 0 1 1 0 1 1 1 1 0 0 0 1
 0 1 0 1 0 0 0 1 0 0 1 0 0 0 1 1 1 1 0 0 1 1 1 0 0 0 1 0 1 0 0 0 0 0 1 1 0
 1 0 1 0 1 0 1 0 0 0 1 1 1 0 0 1 1 0 0 1 0 1 1 0 0 1 0 0 0 0 1 1 0 0 0 0 1]",42
849,4,gad7,9,PCA,XG,2,0.44943820224719105,0.5585585585585585,20,42,17,32,"[0 0 1 0 1 0 1 0 0 1 0 0 0 0 0 0 1 0 0 0 1 0 0 0 0 0 0 1 0 0 1 1 0 1 0 1 1
 0 1 0 1 1 0 0 0 1 0 1 0 0 0 0 0 1 1 0 0 1 0 0 0 0 0 1 0 0 0 1 0 0 0 0 0 0
 1 0 0 1 1 1 1 1 1 0 1 1 0 0 1 0 0 0 0 0 0 1 0 1 0 0 1 0 0 0 1 0 1 0 0 0 0]",42
850,4,gad7,9,PCA,SVC,3,0.46464646464646464,0.5225225225225225,23,35,24,29,"[0 0 0 0 1 1 1 1 1 1 0 0 1 0 1 0 0 0 0 0 0 0 0 1 0 0 0 1 0 1 1 1 1 0 0 1 1
 1 1 0 0 0 0 0 1 0 1 0 0 0 0 0 0 1 1 0 0 1 1 1 0 0 0 1 0 1 0 0 0 0 0 0 0 0
 1 0 1 0 1 1 1 0 0 0 1 1 1 0 0 1 1 1 0 1 0 1 1 1 0 1 0 0 0 0 1 1 1 0 0 0 1]",42
851,4,gad7,9,PCA,kNN,3,0.47058823529411764,0.5135135135135135,24,33,26,28,"[0 0 1 0 0 0 1 1 1 1 0 0 0 1 1 0 0 1 0 1 0 0 0 0 0 1 1 1 0 0 1 1 0 0 0 1 0
 0 1 0 1 0 0 0 1 1 1 1 0 1 0 1 1 1 0 0 1 1 1 0 0 0 0 1 0 1 1 0 0 0 0 1 1 0
 1 0 1 0 1 1 1 1 0 0 0 1 1 0 0 1 0 0 0 0 0 1 0 1 1 0 1 0 1 1 1 0 1 0 0 0 0]",42
852,4,gad7,9,PCA,RF,3,0.40476190476190477,0.5495495495495496,17,44,15,35,"[0 0 1 0 0 0 1 0 0 0 0 0 0 0 0 0 0 0 0 1 0 0 0 0 0 0 0 1 1 1 1 1 0 1 0 1 0
 0 0 0 1 0 0 1 1 1 1 1 0 0 0 0 0 1 1 0 1 1 0 0 0 0 0 1 0 0 0 0 0 0 1 0 0 0
 1 0 0 0 1 1 1 1 0 0 0 1 0 0 0 0 0 0 0 0 0 1 0 1 0 0 1 0 0 0 1 0 0 0 0 0 0]",42
853,4,gad7,9,PCA,LR,3,0.4842105263157894,0.5585585585585585,23,39,20,29,"[0 0 0 0 1 1 1 1 1 1 0 0 1 0 1 0 0 0 0 0 0 0 0 1 0 0 0 1 0 1 1 0 1 0 0 1 1
 0 1 0 0 0 0 0 1 0 0 0 0 0 0 0 0 1 1 0 0 1 1 1 0 0 0 1 0 1 0 0 0 0 0 0 0 0
 1 0 1 0 1 1 1 0 0 0 1 1 1 0 0 1 1 0 0 1 0 1 1 1 0 1 0 0 0 0 1 1 1 0 0 0 1]",42
854,4,gad7,9,PCA,XG,3,0.3902439024390244,0.5495495495495496,16,45,14,36,"[0 0 1 0 0 0 0 0 0 0 0 0 0 0 0 0 0 0 0 1 1 0 0 0 0 0 0 1 0 0 1 1 0 1 0 1 0
 0 0 0 1 0 0 0 1 1 0 1 0 0 0 0 0 1 1 0 0 1 0 0 0 1 0 1 0 1 0 1 0 0 1 0 0 0
 1 0 0 0 1 0 0 1 0 0 1 1 0 1 0 0 0 0 0 0 0 1 0 0 0 0 1 0 0 0 1 0 1 0 0 0 0]",42
855,4,gad7,9,PCA,SVC,4,0.4950495049504951,0.5405405405405406,25,35,24,27,"[0 0 0 0 1 1 1 1 1 1 0 0 1 0 1 0 0 0 0 0 0 0 0 1 0 0 0 1 0 1 1 1 1 1 0 1 1
 0 1 0 0 0 0 0 1 0 1 1 0 0 1 0 0 1 1 0 0 1 1 1 0 0 0 1 0 1 0 0 0 0 0 0 0 0
 1 0 1 0 1 1 1 0 0 0 1 1 1 0 0 1 1 1 0 1 0 1 1 1 0 1 0 0 0 0 1 1 1 0 0 0 1]",42
856,4,gad7,9,PCA,kNN,4,0.45454545454545453,0.4594594594594595,25,26,33,27,"[0 0 1 0 0 0 1 1 1 0 0 0 0 1 1 0 0 1 0 1 0 0 0 0 1 1 1 1 1 1 1 1 0 0 1 1 0
 0 1 1 1 1 1 1 1 1 1 1 0 1 0 1 1 1 1 0 0 0 1 0 0 0 0 1 0 1 0 0 0 0 0 1 1 0
 0 1 0 0 1 1 0 1 0 0 1 1 1 1 0 1 0 1 0 0 0 1 1 1 1 1 1 0 1 0 0 0 1 0 1 1 0]",42
857,4,gad7,9,PCA,RF,4,0.3488372093023256,0.4954954954954955,15,40,19,37,"[0 0 1 0 0 1 1 0 0 0 0 0 0 0 0 0 0 0 0 0 1 0 0 0 0 1 0 0 1 1 1 1 0 0 0 0 0
 0 1 0 1 0 0 1 1 0 1 1 0 1 1 0 0 1 1 0 0 1 0 0 0 0 0 1 0 1 0 0 0 0 1 0 0 0
 1 1 0 0 1 1 0 1 0 0 0 1 0 0 0 0 0 1 0 0 0 1 0 0 0 0 1 0 0 0 0 0 0 0 1 0 1]",42
858,4,gad7,9,PCA,LR,4,0.4742268041237113,0.5405405405405406,23,37,22,29,"[0 0 0 0 1 1 1 1 1 1 0 0 1 0 1 0 0 0 0 1 0 0 0 1 0 0 0 1 0 1 1 0 1 0 0 1 1
 0 1 0 0 0 0 0 1 0 1 0 0 0 0 0 0 1 1 0 0 1 1 1 0 0 0 1 0 1 0 0 0 0 0 0 0 0
 1 0 1 0 1 1 1 0 0 0 1 1 1 0 0 1 1 0 0 1 0 1 1 1 0 1 0 0 0 0 1 1 1 0 0 0 1]",42
859,4,gad7,9,PCA,XG,4,0.43956043956043955,0.5405405405405406,20,40,19,32,"[0 0 0 0 0 1 1 0 0 0 0 0 0 0 0 1 0 0 0 1 1 0 1 1 0 1 0 0 0 0 1 1 0 0 0 1 0
 0 1 0 1 0 0 0 1 1 0 1 1 1 0 0 0 1 1 0 0 1 0 0 0 0 0 1 0 1 0 1 0 0 0 0 0 0
 0 1 0 0 1 1 0 1 0 1 1 1 1 0 0 0 0 1 0 0 0 1 0 0 0 0 1 0 0 0 1 1 1 0 0 0 1]",42
860,4,gad7,9,PCA,SVC,1,0.2857142857142857,0.5045045045045045,11,45,14,41,"[0 0 0 1 0 0 0 0 0 0 0 0 0 0 0 0 0 1 0 1 0 0 0 0 0 0 0 0 1 0 1 1 1 0 0 0 1
 1 1 0 0 0 0 0 0 0 0 0 0 1 0 0 0 0 0 0 0 0 0 1 0 1 0 1 0 0 1 0 1 0 1 0 0 0
 0 0 0 0 0 0 0 1 0 1 0 0 1 0 0 0 0 1 0 1 0 1 0 0 0 0 0 0 0 0 0 1 1 0 0 0 0]",43
861,4,gad7,9,PCA,kNN,1,0.39560439560439564,0.5045045045045045,18,38,21,34,"[1 0 0 0 0 0 0 0 1 0 1 0 1 0 1 0 0 1 0 1 0 1 0 0 0 0 0 0 1 0 1 1 1 1 0 1 1
 0 0 0 0 1 1 1 0 1 0 0 1 0 0 1 0 0 0 0 0 1 1 0 0 1 0 1 1 0 0 0 1 0 1 1 0 1
 0 0 1 0 0 0 0 1 0 1 0 0 1 1 0 0 0 0 0 0 0 1 0 0 0 0 0 0 0 1 0 1 1 0 0 0 0]",43
862,4,gad7,9,PCA,RF,1,0.4301075268817205,0.5225225225225225,20,38,21,32,"[1 0 0 0 1 0 1 0 1 0 1 0 1 0 1 1 0 1 0 0 0 1 0 0 0 0 0 0 0 1 1 1 0 1 0 1 0
 1 0 0 1 1 1 1 1 1 0 0 1 0 0 0 0 0 0 0 1 1 1 0 0 1 0 0 1 0 0 0 0 0 1 0 0 1
 0 0 1 0 0 0 0 1 0 0 0 0 1 0 0 0 0 0 0 0 1 1 0 0 0 0 1 0 0 1 0 1 1 1 0 0 1]",43
863,4,gad7,9,PCA,LR,1,0.5470085470085471,0.5225225225225225,32,26,33,20,"[1 1 1 1 1 0 0 0 1 1 0 1 0 0 1 0 0 1 1 1 1 0 1 1 1 1 1 1 1 1 1 0 1 0 1 1 1
 0 1 0 0 0 1 1 0 0 1 1 1 0 1 1 1 1 0 1 0 0 0 1 1 0 0 1 0 1 1 1 0 1 0 0 1 1
 1 0 0 0 1 0 1 1 0 1 1 1 1 0 0 0 1 1 0 1 1 0 0 1 0 1 1 1 1 0 1 0 0 0 1 0 0]",43
864,4,gad7,9,PCA,XG,1,0.39560439560439564,0.5045045045045045,18,38,21,34,"[1 0 0 0 0 0 0 0 1 0 1 0 1 0 1 0 0 1 0 0 0 1 0 0 0 0 0 0 0 1 1 1 0 1 0 1 0
 1 0 0 1 1 1 1 1 1 0 0 1 0 0 0 0 0 0 0 1 1 1 0 0 1 0 0 1 0 0 0 1 0 1 1 0 1
 0 0 1 0 0 0 0 1 0 0 0 0 1 0 0 0 0 0 0 0 1 1 0 0 0 0 1 0 0 1 0 1 1 1 0 0 0]",43
865,4,gad7,9,PCA,SVC,2,0.3958333333333333,0.4774774774774775,19,34,25,33,"[1 1 0 1 1 1 0 0 0 1 1 1 0 0 1 1 0 0 1 0 0 0 0 0 0 0 0 0 1 0 0 1 1 1 1 1 1
 1 0 0 0 0 0 0 0 0 0 1 0 1 0 0 0 0 0 0 0 1 1 1 0 1 1 1 0 0 0 1 1 0 1 0 0 0
 0 0 0 0 0 0 1 1 0 1 0 1 0 0 1 0 0 1 1 1 0 1 0 0 0 1 1 0 0 0 0 1 1 0 0 1 0]",43
866,4,gad7,9,PCA,kNN,2,0.5098039215686274,0.5495495495495496,26,35,24,26,"[1 1 0 0 0 0 0 0 1 0 1 1 1 1 0 0 1 0 1 0 0 0 0 0 1 0 0 0 1 0 0 0 1 1 0 1 1
 0 1 0 0 0 0 0 1 0 0 1 0 0 1 1 0 1 0 1 1 1 1 0 0 0 0 1 1 0 0 1 1 0 1 1 0 0
 1 0 1 0 0 0 0 1 1 1 1 1 0 1 0 0 0 0 0 1 1 1 0 1 0 1 1 1 0 1 0 1 1 0 0 1 0]",43
867,4,gad7,9,PCA,RF,2,0.4680851063829788,0.5495495495495496,22,39,20,30,"[0 1 0 0 0 1 0 0 1 0 1 0 1 1 1 1 1 0 1 0 0 0 0 0 0 0 0 0 1 0 0 0 1 1 0 1 1
 0 0 0 1 1 1 0 1 1 1 0 0 0 0 0 0 0 0 0 1 1 1 0 0 0 0 1 1 0 0 1 0 0 1 0 0 0
 0 0 1 0 0 0 0 1 1 1 1 1 0 0 0 0 0 0 0 0 1 1 0 1 0 0 1 0 0 0 0 1 1 1 0 1 0]",43
868,4,gad7,9,PCA,LR,2,0.3703703703703704,0.5405405405405406,15,45,14,37,"[1 1 0 1 1 1 0 0 0 1 0 1 0 0 1 0 0 0 1 0 0 0 0 0 0 0 0 0 1 0 0 0 1 0 1 1 1
 1 0 0 0 0 0 0 0 0 0 1 0 0 0 0 0 0 0 0 0 1 0 1 0 0 0 1 0 0 0 1 0 0 0 0 0 0
 0 0 0 0 0 0 1 1 0 1 0 1 0 0 0 0 0 1 0 1 0 0 0 0 0 1 1 0 0 0 0 1 0 0 0 0 0]",43
869,4,gad7,9,PCA,XG,2,0.5106382978723405,0.5855855855855856,24,41,18,28,"[0 1 0 0 1 1 0 0 1 0 1 0 1 1 0 0 1 1 1 0 0 0 0 0 1 0 0 0 1 0 0 0 1 1 0 1 1
 1 0 0 1 1 1 0 1 0 1 0 0 0 1 0 0 0 0 0 1 1 1 0 0 0 0 1 1 0 0 1 0 0 0 0 0 0
 0 1 1 0 0 0 0 1 1 1 0 1 0 0 0 0 0 0 0 0 1 1 0 1 0 0 1 0 0 0 0 1 0 1 0 1 0]",43
870,4,gad7,9,PCA,SVC,3,0.4,0.4864864864864865,19,35,24,33,"[1 1 0 1 1 1 0 0 0 1 1 1 0 0 1 1 0 0 1 0 0 0 0 0 0 0 0 0 1 0 0 0 1 1 1 1 1
 1 0 0 0 0 0 0 0 1 0 1 0 0 0 0 0 0 0 0 0 1 1 1 0 0 1 1 1 0 0 1 1 0 1 0 0 0
 0 0 0 0 0 0 1 1 0 1 0 1 0 0 1 0 0 1 1 1 0 1 0 0 0 1 1 0 0 0 0 1 1 0 0 1 0]",43
871,4,gad7,9,PCA,kNN,3,0.5660377358490566,0.5855855855855856,30,35,24,22,"[0 1 0 0 0 1 0 1 1 1 1 1 1 1 0 0 1 0 0 0 0 0 0 0 0 0 1 0 0 0 0 0 1 1 0 0 1
 0 1 1 1 1 0 0 0 1 1 0 0 0 1 0 0 1 1 1 1 1 1 0 0 0 0 1 1 1 0 1 0 0 1 1 0 0
 1 0 1 1 0 1 0 1 1 1 1 1 0 1 0 1 0 0 0 1 1 0 1 1 1 0 1 0 0 0 0 1 1 1 0 1 0]",43
872,4,gad7,9,PCA,RF,3,0.5319148936170213,0.6036036036036037,25,42,17,27,"[1 0 0 0 1 0 0 0 1 1 1 1 1 1 0 0 1 0 1 0 0 0 0 0 1 0 0 0 1 0 0 0 1 1 0 0 1
 0 0 0 1 1 0 0 1 1 1 1 0 0 0 0 0 0 0 1 1 1 1 0 0 0 0 1 1 0 0 1 1 0 1 0 0 0
 0 0 1 0 0 0 0 1 1 1 0 0 0 0 0 0 0 0 0 1 1 1 0 0 0 0 1 0 0 0 0 1 1 1 0 1 0]",43
873,4,gad7,9,PCA,LR,3,0.3703703703703704,0.5405405405405406,15,45,14,37,"[1 1 0 1 1 1 0 0 0 1 0 1 0 0 1 0 0 0 1 0 0 0 0 0 0 0 0 0 1 0 0 0 1 0 1 1 1
 1 0 0 0 0 0 0 0 0 0 1 0 0 0 0 0 0 0 0 0 1 0 1 0 0 0 1 0 0 0 1 0 0 0 0 0 0
 0 0 0 0 0 0 1 1 0 1 0 1 0 0 0 0 0 1 0 1 0 0 0 0 0 1 1 0 0 0 0 1 0 0 0 0 0]",43
874,4,gad7,9,PCA,XG,3,0.5054945054945056,0.5945945945945946,23,43,16,29,"[1 1 0 0 1 0 0 0 1 0 1 0 1 0 0 0 1 0 0 0 0 0 0 0 1 0 0 0 1 0 0 0 1 0 0 1 1
 1 0 0 1 1 0 0 1 0 1 1 0 0 1 0 0 0 0 1 1 1 1 0 0 0 0 1 1 0 0 1 0 0 0 0 0 0
 0 1 1 0 0 0 0 1 1 1 0 1 0 0 0 0 1 0 0 0 1 0 0 0 0 0 1 0 0 0 0 1 1 1 0 1 0]",43
875,4,gad7,9,PCA,SVC,4,0.37894736842105264,0.46846846846846846,18,34,25,34,"[1 1 0 1 1 1 0 0 0 1 1 1 0 0 1 1 0 0 1 0 0 0 0 0 0 0 0 0 1 0 0 0 1 1 1 1 1
 1 1 0 0 0 0 0 0 0 0 1 0 0 1 0 0 0 0 0 0 1 1 1 0 0 1 1 0 0 0 1 1 0 1 0 0 0
 0 0 0 0 0 0 1 1 0 1 0 1 0 0 1 0 0 1 1 1 0 1 0 0 0 1 1 0 0 0 0 1 1 0 0 1 0]",43
876,4,gad7,9,PCA,kNN,4,0.4421052631578947,0.5225225225225225,21,37,22,31,"[0 1 0 0 0 1 0 0 0 1 1 1 1 0 0 0 0 0 0 0 0 1 0 0 0 1 0 1 0 1 0 0 1 1 1 1 1
 0 1 0 0 1 0 0 0 1 1 0 1 0 1 1 1 0 0 0 1 1 1 0 0 0 0 1 1 1 0 0 0 0 0 1 0 0
 0 0 1 0 0 0 0 1 1 1 0 1 1 1 0 0 0 0 0 0 1 0 0 0 0 0 0 1 0 1 0 1 0 1 0 1 0]",43
877,4,gad7,9,PCA,RF,4,0.5567010309278351,0.6126126126126126,27,41,18,25,"[1 0 0 1 1 0 0 0 1 1 1 1 1 0 0 0 0 0 1 0 0 0 0 0 1 0 0 0 1 0 0 0 1 1 0 1 1
 0 1 0 1 1 0 0 1 1 1 1 0 0 0 0 0 0 0 0 1 1 1 0 0 0 0 1 1 0 0 1 1 0 1 1 0 0
 1 0 1 0 0 0 0 1 1 1 0 0 0 1 0 0 0 0 0 1 1 0 0 0 0 0 1 0 0 1 0 1 1 1 0 1 0]",43
878,4,gad7,9,PCA,LR,4,0.3703703703703704,0.5405405405405406,15,45,14,37,"[1 1 0 1 1 1 0 0 0 1 0 1 0 0 1 0 0 0 1 0 0 0 0 0 0 0 0 0 1 0 0 0 1 0 1 1 1
 1 0 0 0 0 0 0 0 0 0 1 0 0 0 0 0 0 0 0 0 1 0 1 0 0 0 1 0 0 0 1 0 0 0 0 0 0
 0 0 0 0 0 0 1 1 0 1 0 1 0 0 0 0 0 1 0 1 0 0 0 0 0 1 1 0 0 0 0 1 0 0 0 0 0]",43
879,4,gad7,9,PCA,XG,4,0.4565217391304348,0.5495495495495496,21,40,19,31,"[1 1 0 1 1 0 0 0 1 1 1 0 1 0 0 0 1 0 0 0 0 0 0 0 1 0 0 0 1 0 0 0 1 0 0 1 1
 1 1 0 1 1 0 0 1 1 1 1 0 0 0 0 0 0 0 0 1 1 1 0 0 0 0 0 1 0 0 1 0 0 1 1 0 0
 0 0 1 0 0 0 0 1 1 0 1 0 0 0 0 0 0 0 0 1 1 0 0 0 0 0 1 0 0 1 0 1 0 1 0 1 0]",43
880,4,gad7,9,PCA,SVC,1,0.536231884057971,0.42342342342342343,37,10,49,15,"[1 1 1 1 0 1 1 0 1 1 1 0 0 0 1 1 0 0 1 1 0 1 1 1 1 1 1 1 0 0 0 1 1 1 1 1 1
 0 1 1 1 0 1 0 1 1 1 0 1 1 1 1 1 1 1 1 0 1 1 1 1 1 1 0 1 1 0 1 1 1 1 0 1 1
 1 1 1 1 1 1 1 0 0 1 0 1 1 1 1 1 0 1 1 1 0 1 0 1 1 1 1 1 1 1 1 1 1 1 1 1 1]",44
881,4,gad7,9,PCA,kNN,1,0.37254901960784315,0.42342342342342343,19,28,31,33,"[0 0 1 0 1 0 0 1 0 0 0 0 1 0 0 1 0 1 1 0 0 1 1 1 1 0 0 1 0 0 0 0 0 0 1 1 0
 1 0 0 0 0 1 0 1 1 0 0 1 0 1 1 1 1 0 0 0 0 1 1 1 1 1 0 0 0 0 0 1 1 0 1 1 1
 1 1 1 1 0 1 0 1 0 1 0 0 0 0 0 1 0 0 1 0 0 1 0 1 0 1 0 0 0 1 0 1 1 1 0 0 1]",44
882,4,gad7,9,PCA,RF,1,0.25882352941176473,0.43243243243243246,11,37,22,41,"[0 0 1 0 1 0 1 1 0 0 0 0 0 0 1 1 0 0 0 0 0 0 1 0 0 1 0 0 0 0 0 0 0 1 0 0 0
 1 0 0 0 0 0 0 1 0 0 0 0 0 0 1 0 0 0 0 0 0 0 0 0 1 1 0 1 0 0 0 1 0 0 1 1 0
 1 1 0 0 1 0 1 1 0 1 0 1 0 0 0 1 0 0 1 0 0 1 0 1 0 0 1 0 1 0 0 1 1 0 0 0 0]",44
883,4,gad7,9,PCA,LR,1,0.4918032786885245,0.44144144144144143,30,19,40,22,"[1 1 0 1 0 1 1 0 1 1 1 0 0 0 1 1 0 0 1 1 0 1 0 1 0 1 0 1 0 0 0 1 1 1 1 1 1
 0 1 1 1 0 1 0 1 1 1 0 1 1 1 1 1 1 1 1 0 1 0 1 0 1 0 0 1 1 0 1 0 1 1 0 1 1
 1 1 1 1 1 1 0 0 0 1 0 1 1 1 1 0 0 1 1 1 0 1 0 0 1 0 1 1 1 0 1 1 0 0 1 1 0]",44
884,4,gad7,9,PCA,XG,1,0.2650602409638554,0.45045045045045046,11,39,20,41,"[0 0 1 0 1 0 0 1 0 0 0 0 0 0 1 1 0 0 0 0 0 0 1 0 0 1 0 0 0 0 0 0 0 0 0 0 0
 1 0 0 0 0 1 0 1 0 0 0 0 0 0 1 0 0 0 0 0 0 0 0 0 1 1 0 1 0 0 0 1 0 0 1 1 0
 1 1 0 0 0 1 1 1 0 1 0 0 0 0 0 1 0 0 1 0 0 1 0 1 0 1 1 0 0 0 0 1 1 0 0 0 0]",44
885,4,gad7,9,PCA,SVC,2,0.4587155963302752,0.46846846846846846,25,27,32,27,"[1 0 1 1 0 0 1 0 0 0 1 0 0 0 0 0 0 0 1 0 0 1 1 1 1 1 1 1 0 0 0 1 0 0 1 1 0
 0 1 1 0 0 0 0 0 1 1 0 1 1 0 0 1 1 0 0 0 0 1 1 1 0 1 0 0 1 0 1 1 1 0 0 0 1
 0 1 1 1 1 1 1 0 0 0 0 0 1 1 1 1 0 1 1 0 1 1 0 1 1 1 0 1 0 1 0 0 1 1 1 1 1]",44
886,4,gad7,9,PCA,kNN,2,0.46464646464646464,0.5225225225225225,23,35,24,29,"[0 1 0 0 0 0 0 1 1 0 0 0 0 0 0 1 0 1 0 0 0 1 1 1 0 1 1 0 0 0 0 0 0 0 1 1 0
 0 1 0 0 0 1 0 1 1 0 0 1 1 1 0 1 1 0 1 0 0 0 1 0 1 0 0 1 0 0 1 0 1 0 1 1 1
 1 1 0 0 0 0 1 1 0 1 0 0 1 1 0 1 1 0 1 0 1 0 0 1 0 0 0 1 0 1 0 1 1 0 1 0 0]",44
887,4,gad7,9,PCA,RF,2,0.4175824175824176,0.5225225225225225,19,39,20,33,"[0 0 0 0 0 0 0 1 1 0 0 0 0 0 0 1 0 0 0 0 0 1 1 0 0 1 1 0 0 0 0 1 0 0 0 1 0
 1 0 0 0 0 1 0 1 1 0 0 1 1 0 0 0 1 0 1 0 0 0 1 0 1 1 0 1 0 0 0 0 0 0 0 1 1
 1 1 0 0 0 1 1 1 0 1 0 0 1 0 0 1 0 0 1 0 0 0 0 0 1 1 0 1 0 1 0 1 1 0 0 0 1]",44
888,4,gad7,9,PCA,LR,2,0.36585365853658536,0.5315315315315315,15,44,15,37,"[0 0 0 1 0 0 1 0 0 0 1 0 0 0 0 0 0 0 1 0 0 0 0 0 0 0 0 0 0 0 0 1 0 0 0 0 0
 0 1 1 0 0 1 0 0 0 1 0 0 0 0 0 0 0 0 0 0 0 0 0 0 0 0 0 0 1 0 1 0 0 0 0 0 1
 0 0 1 1 1 1 0 0 0 0 0 0 1 1 1 1 1 1 1 0 1 1 0 0 1 0 0 1 0 0 0 0 1 0 1 1 0]",44
889,4,gad7,9,PCA,XG,2,0.3448275862068965,0.4864864864864865,15,39,20,37,"[0 0 0 0 0 0 1 1 0 0 0 0 0 0 0 1 0 0 0 0 0 1 1 1 0 1 0 0 0 0 0 0 0 0 0 1 0
 1 0 0 0 0 1 0 1 1 0 0 1 1 0 0 0 1 1 1 0 0 0 1 0 1 1 0 1 0 0 0 0 0 0 0 1 1
 1 1 0 0 0 1 0 1 0 1 0 0 0 0 1 1 0 0 1 0 0 0 0 0 0 1 0 1 0 0 0 1 1 0 0 0 0]",44
890,4,gad7,9,PCA,SVC,3,0.4130434782608696,0.5135135135135135,19,38,21,33,"[1 0 1 1 0 0 1 0 0 0 1 0 0 0 0 0 0 0 1 0 0 0 1 0 1 0 1 0 0 0 0 1 0 0 0 0 0
 0 1 1 0 0 0 0 0 0 1 0 0 0 0 0 0 0 0 0 0 0 0 0 1 0 1 0 0 1 0 1 1 0 0 0 0 1
 0 0 1 1 1 1 1 0 0 0 0 0 1 1 1 1 0 1 1 0 0 1 0 1 1 0 0 1 0 1 0 0 1 1 1 1 1]",44
891,4,gad7,9,PCA,kNN,3,0.4210526315789474,0.5045045045045045,20,36,23,32,"[0 0 0 0 0 0 0 1 0 0 0 0 1 0 0 1 0 1 1 0 0 1 0 0 0 0 1 1 0 0 0 1 0 0 1 1 1
 0 1 0 0 0 1 0 0 1 0 0 1 1 0 1 0 1 1 1 0 0 0 1 0 1 0 0 0 0 0 0 0 1 0 1 1 1
 0 1 0 0 0 0 0 1 0 1 0 0 1 1 0 1 1 0 1 0 1 0 0 1 1 0 0 1 0 0 1 1 1 0 1 0 0]",44
892,4,gad7,9,PCA,RF,3,0.3820224719101124,0.5045045045045045,17,39,20,35,"[0 0 0 0 0 0 0 1 0 0 0 0 0 0 0 1 0 0 0 0 0 1 0 0 0 1 1 1 0 0 0 1 0 0 1 1 0
 1 0 1 0 0 1 0 1 1 0 0 1 1 0 0 0 1 1 1 0 0 0 1 0 1 1 0 0 0 0 0 0 0 0 1 1 1
 1 1 0 0 0 1 0 1 0 1 0 0 1 0 0 1 0 0 0 0 0 0 0 0 1 0 0 1 1 0 0 1 1 0 0 0 0]",44
893,4,gad7,9,PCA,LR,3,0.3855421686746988,0.5405405405405406,16,44,15,36,"[1 0 0 1 0 0 1 0 0 0 1 0 0 0 0 0 0 0 1 0 0 0 0 0 0 0 0 0 0 0 0 1 0 0 0 0 0
 0 1 1 0 0 1 0 0 0 1 0 0 0 0 0 0 0 0 0 0 0 0 0 0 0 0 0 0 1 0 1 0 0 0 0 0 1
 0 0 1 1 1 1 0 0 0 0 0 0 1 1 1 1 1 1 1 0 1 1 0 0 1 0 0 1 0 0 0 0 1 0 1 1 0]",44
894,4,gad7,9,PCA,XG,3,0.33707865168539325,0.46846846846846846,15,37,22,37,"[0 0 0 0 1 0 0 1 0 0 0 0 0 0 0 1 0 0 0 0 0 1 0 0 0 1 0 1 0 0 0 1 0 0 0 1 0
 1 1 0 0 0 1 0 1 1 0 0 1 1 0 1 0 1 1 1 0 0 0 1 0 1 1 0 0 0 0 0 0 1 0 1 1 1
 0 1 0 0 0 1 0 1 0 1 0 0 1 0 0 1 0 0 0 0 0 0 0 0 0 1 0 1 0 0 0 1 1 0 1 0 0]",44
895,4,gad7,9,PCA,SVC,4,0.3529411764705882,0.5045045045045045,15,41,18,37,"[0 0 0 1 0 0 1 0 0 0 1 0 0 0 0 0 0 0 1 0 0 0 0 0 0 0 1 1 0 0 0 1 0 0 1 0 0
 0 1 1 0 0 0 0 0 0 1 0 0 0 0 1 1 0 0 0 0 0 0 0 0 0 0 0 0 1 0 1 0 0 0 0 1 1
 0 0 1 1 1 1 0 0 0 0 0 0 1 1 1 1 0 1 0 0 0 1 0 0 1 1 0 1 0 0 0 0 1 0 1 1 0]",44
896,4,gad7,9,PCA,kNN,4,0.509090909090909,0.5135135135135135,28,29,30,24,"[0 1 0 1 0 0 1 1 0 0 1 0 0 0 0 1 0 1 0 0 0 1 1 1 0 1 1 1 0 0 0 1 0 0 1 1 1
 0 1 1 1 0 1 0 1 0 1 0 1 1 1 1 1 1 0 1 0 0 0 1 0 1 0 0 1 0 0 1 0 1 1 1 1 1
 1 1 0 0 1 0 1 1 0 1 0 0 1 1 0 1 1 1 1 0 1 0 0 0 0 0 0 1 0 1 0 1 1 0 0 1 1]",44
897,4,gad7,9,PCA,RF,4,0.34408602150537637,0.45045045045045046,16,34,25,36,"[0 1 0 0 0 0 1 1 0 0 0 0 0 0 0 1 0 0 0 0 0 1 0 0 0 1 1 0 0 0 0 1 0 0 1 1 1
 1 0 0 0 0 0 0 1 1 0 0 1 1 0 1 0 1 0 1 0 0 0 1 0 1 0 0 1 0 0 1 0 1 0 1 1 1
 1 1 0 0 0 1 1 1 0 1 0 0 1 0 0 1 0 1 0 0 0 0 0 0 0 0 0 1 0 0 0 1 1 1 0 0 1]",44
898,4,gad7,9,PCA,LR,4,0.4190476190476191,0.45045045045045046,22,28,31,30,"[0 1 0 1 0 0 1 0 0 1 1 0 0 0 1 0 0 0 1 1 0 0 0 1 0 1 0 1 0 0 0 1 0 1 1 0 1
 0 1 1 1 0 0 0 0 1 1 0 1 0 1 1 0 1 0 1 0 1 1 0 0 0 0 0 0 1 0 1 0 0 1 0 0 1
 0 1 1 1 1 1 0 0 0 1 0 0 1 1 1 1 1 1 1 0 1 1 0 0 1 1 0 1 0 0 0 1 1 0 1 1 0]",44
899,4,gad7,9,PCA,XG,4,0.3111111111111111,0.44144144144144143,14,35,24,38,"[0 0 0 0 0 0 1 1 0 0 0 0 0 0 0 1 0 0 1 0 0 1 0 0 0 1 1 1 0 0 0 0 0 0 1 1 0
 1 0 0 0 0 0 0 1 0 0 0 1 1 0 1 0 1 1 1 0 0 0 1 0 1 0 0 0 0 0 0 0 1 0 1 1 1
 1 1 0 0 0 1 1 1 0 1 0 0 1 0 0 1 0 0 1 0 0 1 0 0 0 0 0 0 0 1 0 0 1 1 0 0 1]",44
900,4,gad7,9,PCA,SVC,1,0.5441176470588236,0.44144144144144143,37,12,47,15,"[0 1 1 1 0 0 0 0 1 1 0 1 0 1 1 1 1 1 1 1 1 1 1 1 1 1 1 1 1 1 1 1 1 1 0 1 1
 1 1 1 1 0 1 1 1 1 0 1 0 1 0 0 1 1 1 1 1 1 1 1 0 0 0 1 0 1 1 1 0 1 1 1 1 1
 1 0 1 1 1 1 1 1 0 1 0 1 1 1 0 0 0 1 1 1 1 0 1 1 1 0 1 1 1 1 1 1 1 1 1 1 0]",45
901,4,gad7,9,PCA,kNN,1,0.4375,0.5135135135135135,21,36,23,31,"[0 1 0 1 0 0 0 0 0 0 0 1 0 0 0 0 0 1 0 1 0 1 0 1 1 0 0 0 0 1 1 0 0 0 0 1 1
 1 1 0 0 0 1 1 0 0 0 0 0 1 0 0 1 1 0 0 0 0 1 1 0 0 0 1 0 0 1 1 0 0 0 1 1 1
 0 0 0 0 1 0 1 0 0 1 0 1 1 0 0 0 0 0 1 0 1 0 1 1 1 0 1 1 0 0 1 1 1 0 1 0 1]",45
902,4,gad7,9,PCA,RF,1,0.4893617021276596,0.5675675675675675,23,40,19,29,"[1 1 0 1 0 0 0 0 1 0 0 0 1 0 0 0 0 1 0 1 0 0 0 1 0 0 1 0 0 1 1 0 1 0 0 0 0
 1 1 0 0 0 1 1 0 0 0 0 0 0 0 0 1 0 0 0 0 0 0 1 1 0 0 1 0 0 1 1 0 0 0 1 1 1
 0 1 0 1 1 0 1 0 0 1 0 1 0 0 0 0 0 0 0 0 1 0 1 1 1 0 0 1 0 0 1 1 1 0 1 1 1]",45
903,4,gad7,9,PCA,LR,1,0.47058823529411764,0.43243243243243246,28,20,39,24,"[0 1 1 1 0 0 0 0 1 1 0 0 0 1 1 1 1 1 1 1 1 1 1 1 0 1 1 1 1 1 0 1 1 1 0 1 1
 1 1 1 1 0 1 1 1 0 0 1 1 1 0 0 0 1 1 1 1 1 1 1 0 0 0 1 0 0 0 1 0 1 1 0 0 0
 1 0 1 1 1 1 1 1 0 0 0 1 1 1 0 0 0 1 0 1 1 0 1 0 1 0 0 0 1 1 1 1 0 0 1 0 0]",45
904,4,gad7,9,PCA,XG,1,0.505050505050505,0.5585585585585585,25,37,22,27,"[1 1 0 1 0 0 0 0 1 0 0 0 1 0 0 0 0 1 0 1 0 1 0 1 1 0 1 0 0 1 1 0 1 0 0 0 0
 1 1 0 0 0 1 1 0 0 0 0 1 0 0 0 1 1 0 0 1 0 0 1 1 0 0 1 0 0 1 1 0 0 0 1 1 1
 0 1 0 0 1 0 1 0 0 1 0 1 0 0 0 0 0 0 0 0 1 0 1 1 1 0 1 1 0 0 1 1 1 0 1 1 1]",45
905,4,gad7,9,PCA,SVC,2,0.5581395348837209,0.4864864864864865,36,18,41,16,"[1 1 1 1 0 0 0 0 1 1 0 1 0 1 1 0 1 1 1 0 1 1 1 1 1 0 0 1 1 1 1 1 1 1 0 1 1
 1 1 1 0 0 1 0 0 1 0 1 0 1 0 0 1 1 1 1 1 1 1 1 0 0 0 1 0 1 1 1 0 1 1 1 1 1
 1 0 1 1 1 1 0 1 0 1 0 1 1 1 0 0 1 1 1 1 0 1 1 1 1 0 1 1 0 1 1 1 1 1 1 1 0]",45
906,4,gad7,9,PCA,kNN,2,0.4117647058823529,0.4594594594594595,21,30,29,31,"[1 0 1 1 0 0 0 0 1 0 0 0 0 1 0 0 0 0 1 0 0 0 0 1 0 0 0 1 0 0 1 0 1 1 1 1 1
 0 1 0 0 0 1 0 0 1 0 0 0 1 0 0 0 1 0 0 1 1 1 0 0 1 0 1 0 0 0 1 0 1 1 1 1 0
 1 1 1 1 1 1 1 1 0 0 0 0 1 0 0 0 1 0 1 0 0 1 1 0 0 0 1 1 1 1 1 0 1 1 0 1 0]",45
907,4,gad7,9,PCA,RF,2,0.3764705882352941,0.5225225225225225,16,42,17,36,"[1 0 1 0 0 0 0 0 1 0 0 0 1 0 1 0 0 0 0 0 0 0 0 0 0 0 0 0 0 0 1 0 0 1 0 1 0
 0 1 0 0 0 1 0 0 0 0 0 0 1 0 0 0 0 0 0 1 1 1 0 0 0 0 1 0 0 0 1 0 1 0 1 1 1
 1 0 0 1 1 1 0 1 0 1 0 0 0 0 0 0 0 0 1 0 1 1 0 1 0 0 1 1 0 0 0 0 0 0 0 1 0]",45
908,4,gad7,9,PCA,LR,2,0.4631578947368421,0.5405405405405406,22,38,21,30,"[0 1 1 1 0 0 0 0 1 1 0 0 0 0 1 1 1 0 0 1 0 1 1 1 0 1 1 0 0 0 0 0 0 1 0 1 1
 1 1 0 1 0 1 1 1 1 0 0 1 1 0 0 0 1 0 0 0 0 1 0 0 0 0 0 0 0 0 0 0 0 0 1 1 0
 0 0 0 0 1 0 1 0 0 0 0 1 1 0 0 0 0 1 0 1 1 0 1 0 1 0 0 0 0 0 1 1 0 1 1 0 0]",45
909,4,gad7,9,PCA,XG,2,0.4,0.5675675675675675,16,47,12,36,"[1 0 1 0 0 0 0 0 1 0 0 0 1 0 1 0 0 0 0 0 0 0 1 0 0 0 0 0 0 1 0 0 0 0 0 0 0
 1 1 1 0 0 0 0 0 0 0 0 0 0 0 0 0 0 0 0 1 1 0 1 0 0 0 1 0 0 0 1 0 1 0 1 1 1
 0 0 0 0 1 0 0 0 0 1 0 0 0 0 0 0 0 0 1 0 1 0 0 1 0 0 1 1 0 0 0 0 0 1 0 1 0]",45
910,4,gad7,9,PCA,SVC,3,0.5354330708661418,0.46846846846846846,34,18,41,18,"[1 1 1 1 0 0 0 0 1 1 0 1 0 1 1 0 1 1 1 0 1 1 1 1 1 0 0 1 1 1 1 1 1 1 0 1 1
 1 1 1 0 0 1 0 0 1 0 1 0 1 0 0 1 1 1 1 1 1 1 1 0 0 0 1 0 1 1 1 0 1 1 0 0 1
 1 0 1 1 1 1 0 1 0 1 0 1 1 1 0 0 1 1 1 1 0 1 1 1 1 0 1 1 0 1 1 1 1 1 1 1 0]",45
911,4,gad7,9,PCA,kNN,3,0.4536082474226804,0.5225225225225225,22,36,23,30,"[1 0 1 0 0 0 0 0 0 1 0 1 0 0 1 0 0 0 0 0 0 0 1 1 0 0 0 0 1 1 0 1 1 0 0 1 1
 0 1 1 0 0 1 0 0 1 0 0 0 1 0 0 0 1 1 0 1 1 1 1 0 1 0 0 0 0 0 1 0 1 1 0 0 0
 0 1 0 1 0 0 0 1 0 1 0 1 0 0 0 0 1 0 1 1 0 1 0 0 1 0 1 1 1 0 0 1 0 1 1 1 0]",45
912,4,gad7,9,PCA,RF,3,0.46511627906976744,0.5855855855855856,20,45,14,32,"[1 0 1 0 0 0 0 0 1 0 0 1 0 0 1 0 0 0 0 0 1 0 0 0 0 0 0 0 1 0 0 0 0 1 0 1 1
 0 1 1 0 0 1 0 0 1 0 0 0 1 0 0 0 1 0 1 1 1 1 0 0 0 0 1 0 0 0 1 0 1 0 0 0 0
 0 0 0 1 1 1 0 0 0 1 0 0 0 0 0 0 0 0 1 0 1 1 0 0 1 0 0 0 0 0 0 0 0 1 1 1 0]",45
913,4,gad7,9,PCA,LR,3,0.5309734513274337,0.5225225225225225,30,28,31,22,"[0 1 1 1 0 0 0 0 1 1 0 1 0 1 1 0 1 1 0 0 1 1 1 1 0 0 0 1 1 0 1 1 0 1 0 0 1
 1 1 1 0 0 1 0 0 1 0 1 0 1 0 0 0 0 1 0 1 1 0 1 0 0 0 1 0 1 1 1 0 0 1 1 1 1
 1 0 1 1 1 1 0 1 0 1 0 1 1 0 0 0 0 1 0 1 0 0 1 1 1 0 1 1 0 1 1 1 1 0 1 1 0]",45
914,4,gad7,9,PCA,XG,3,0.4731182795698925,0.5585585585585585,22,40,19,30,"[1 1 1 0 0 0 0 0 1 0 0 1 0 0 1 0 0 0 0 0 0 1 0 0 0 0 0 0 1 0 0 0 0 1 0 1 1
 0 1 1 0 0 1 0 0 1 0 0 0 1 0 0 0 1 0 1 1 1 1 0 0 0 0 0 0 0 1 1 0 1 0 1 0 0
 0 0 0 1 1 0 0 0 0 1 1 1 0 1 0 0 1 0 1 0 1 1 0 0 1 0 0 1 0 0 0 0 0 1 1 1 1]",45
915,4,gad7,9,PCA,SVC,4,0.5384615384615384,0.4594594594594595,35,16,43,17,"[1 1 1 1 0 0 0 0 1 1 0 1 0 1 1 1 1 1 1 0 1 1 1 1 1 0 0 1 1 1 1 1 1 1 0 1 1
 1 1 1 1 0 1 0 0 1 0 1 0 1 0 0 1 1 1 1 1 1 1 1 0 0 0 1 0 1 1 1 0 1 1 0 0 1
 1 0 1 1 1 1 1 1 0 1 0 1 1 1 0 0 1 1 1 1 0 1 1 1 1 0 1 1 0 1 1 1 1 1 1 1 0]",45
916,4,gad7,9,PCA,kNN,4,0.4285714285714286,0.4954954954954955,21,34,25,31,"[1 0 1 0 0 0 0 0 1 1 0 1 0 1 1 0 1 1 1 0 1 0 0 1 0 0 0 0 0 1 1 0 0 1 1 1 1
 0 1 0 1 0 0 0 1 1 0 0 0 1 0 0 0 1 1 0 0 0 1 0 0 1 0 0 0 0 1 0 0 0 0 0 0 0
 1 1 0 1 0 1 1 1 0 1 0 1 0 0 0 0 1 0 1 0 0 1 0 0 1 0 1 0 0 0 1 1 0 1 1 1 0]",45
917,4,gad7,9,PCA,RF,4,0.37974683544303794,0.5585585585585585,15,47,12,37,"[1 0 1 0 0 0 0 0 1 1 0 1 0 0 0 0 1 0 0 0 0 0 0 0 0 0 0 0 1 0 0 0 0 1 0 1 1
 1 0 1 0 0 0 0 0 1 0 0 0 1 0 0 0 0 1 0 0 1 1 0 0 0 0 0 0 0 1 0 0 1 0 0 0 0
 0 0 0 1 1 0 0 0 0 1 0 0 0 0 0 0 0 0 1 0 0 1 0 0 0 0 0 0 0 0 0 0 0 1 1 1 0]",45
918,4,gad7,9,PCA,LR,4,0.5486725663716814,0.5405405405405406,31,29,30,21,"[0 1 1 1 0 0 0 0 1 1 0 0 0 1 1 0 1 0 1 0 1 1 1 1 1 0 0 1 1 0 1 1 0 1 0 0 1
 1 1 1 0 0 1 0 1 1 0 1 0 1 0 0 1 0 1 0 1 1 0 1 0 0 0 1 0 0 0 0 0 1 1 1 1 1
 1 0 1 1 0 1 0 1 0 1 0 1 1 0 0 0 0 1 0 1 0 0 1 1 1 0 1 1 0 1 1 1 1 1 1 1 0]",45
919,4,gad7,9,PCA,XG,4,0.37499999999999994,0.5495495495495496,15,46,13,37,"[1 0 1 0 0 0 0 0 1 1 0 1 0 0 0 0 1 0 0 0 0 0 0 0 0 0 0 0 1 0 1 0 0 1 0 1 1
 0 1 1 0 0 0 0 0 1 0 0 0 1 0 0 0 0 1 0 0 1 0 0 0 0 0 0 0 0 1 0 0 1 0 1 0 0
 0 0 0 0 1 0 0 0 0 1 1 0 0 1 0 0 0 0 1 0 0 0 0 0 0 0 0 0 0 0 0 0 0 1 1 1 0]",45
920,4,gad7,9,PCA,SVC,1,0.40425531914893614,0.4954954954954955,19,36,23,33,"[0 0 0 0 0 0 0 0 1 1 0 0 0 0 0 0 0 0 1 0 0 0 1 1 1 1 1 0 0 0 0 0 1 0 0 0 1
 0 0 1 1 0 0 0 0 0 1 0 0 1 0 1 0 0 0 1 1 1 1 0 0 1 1 0 0 0 0 0 1 0 0 0 0 0
 0 0 1 1 0 0 1 0 1 1 1 1 1 1 0 1 0 0 1 1 0 0 1 1 0 1 1 0 0 0 1 0 0 1 1 0 1]",46
921,4,gad7,9,PCA,kNN,1,0.4375,0.5135135135135135,21,36,23,31,"[0 1 0 1 1 1 0 1 1 0 0 0 0 0 1 0 1 1 1 0 0 0 0 0 1 0 0 0 0 0 1 0 0 0 0 0 0
 0 1 0 1 0 0 0 1 1 0 0 1 0 0 1 0 0 0 1 1 1 0 1 0 1 1 1 0 0 0 0 1 0 1 0 0 0
 1 0 1 0 0 1 0 0 0 1 0 0 0 1 1 0 0 1 1 0 0 1 1 1 1 1 0 0 0 1 0 0 0 1 0 1 1]",46
922,4,gad7,9,PCA,RF,1,0.23684210526315785,0.4774774774774775,9,44,15,43,"[0 1 0 1 0 1 0 1 0 0 0 0 0 0 0 0 1 0 0 0 0 0 0 0 1 0 0 1 0 0 0 0 1 0 0 0 1
 0 0 0 0 0 0 0 1 0 0 0 0 0 0 0 0 0 0 1 0 0 0 1 0 0 1 1 0 0 0 0 0 0 1 0 0 0
 0 0 1 1 0 0 0 0 0 1 0 0 0 1 0 0 0 0 0 0 0 0 0 1 0 1 0 0 0 1 0 0 0 1 0 0 1]",46
923,4,gad7,9,PCA,LR,1,0.5714285714285714,0.5405405405405406,34,26,33,18,"[1 1 0 1 1 1 0 1 0 0 1 1 1 0 1 1 1 0 1 0 1 0 0 1 1 1 1 1 1 1 1 1 0 1 1 1 1
 1 1 0 0 1 1 1 1 0 1 1 1 0 1 1 1 1 0 0 0 0 0 0 0 0 0 0 1 0 1 1 1 1 1 1 0 1
 1 1 0 1 1 1 1 1 0 1 0 0 1 0 1 0 1 1 0 0 0 0 0 1 1 0 0 0 1 0 1 1 1 1 0 0 0]",46
924,4,gad7,9,PCA,XG,1,0.30952380952380953,0.4774774774774775,13,40,19,39,"[0 1 0 1 0 1 0 1 0 0 0 0 0 0 0 0 1 1 1 0 0 0 0 0 1 0 0 1 0 0 0 0 1 0 0 0 1
 0 0 0 1 0 0 0 1 0 0 0 0 0 0 0 0 0 0 1 0 0 0 1 0 1 1 1 0 0 0 0 1 0 0 0 0 0
 0 0 1 1 0 0 0 0 0 1 0 0 0 1 1 0 0 0 1 0 0 1 0 1 0 1 0 0 0 1 0 0 0 1 0 1 1]",46
925,4,gad7,9,PCA,SVC,2,0.43999999999999995,0.4954954954954955,22,33,26,30,"[0 0 0 1 0 0 0 1 1 1 1 0 1 0 1 0 0 0 0 0 0 0 1 0 0 0 1 0 0 0 0 0 0 0 1 0 1
 1 0 1 0 0 0 0 0 0 1 1 0 1 1 1 0 1 0 1 1 1 1 0 0 1 1 0 0 1 0 0 1 0 0 0 0 0
 0 1 1 1 1 1 0 0 1 0 1 0 1 1 0 1 0 0 1 0 0 0 1 1 1 1 1 0 0 0 0 1 1 1 1 0 1]",46
926,4,gad7,9,PCA,kNN,2,0.43298969072164945,0.5045045045045045,21,35,24,31,"[0 0 0 0 1 1 0 1 1 1 0 1 0 0 0 0 0 0 0 0 0 0 0 0 1 0 1 0 0 1 0 0 0 0 0 0 1
 0 1 1 1 0 0 1 0 0 0 1 0 0 0 1 1 0 0 1 1 1 0 1 0 1 1 0 0 1 0 0 0 0 1 0 0 0
 1 1 1 1 1 0 0 0 1 0 1 0 0 1 0 1 0 1 1 0 0 1 1 0 1 1 1 1 0 0 0 1 1 0 0 0 1]",46
927,4,gad7,9,PCA,RF,2,0.2469135802469136,0.45045045045045046,10,40,19,42,"[0 0 0 1 0 1 0 1 1 0 1 0 0 0 0 0 0 0 0 0 0 0 0 0 1 0 0 0 0 0 0 0 0 0 0 0 1
 1 0 0 0 0 0 0 0 0 0 1 0 0 1 0 0 0 0 1 0 1 0 1 0 1 1 0 0 1 0 0 0 0 1 0 0 0
 0 1 1 0 0 0 1 0 1 0 0 0 0 1 0 0 0 0 1 0 0 1 1 0 1 1 0 0 0 0 0 0 1 0 0 0 1]",46
928,4,gad7,9,PCA,LR,2,0.4948453608247423,0.5585585585585585,24,38,21,28,"[0 0 0 1 0 0 1 1 0 0 1 0 1 1 1 0 0 0 0 1 0 1 1 0 0 0 1 0 0 0 0 0 1 0 1 0 1
 1 0 0 1 0 0 0 0 0 1 1 0 1 1 1 0 1 1 1 0 0 0 0 1 0 0 0 0 1 0 0 1 0 0 0 1 0
 0 1 1 1 1 1 0 0 0 0 0 1 1 1 0 0 0 0 0 1 1 0 1 1 1 0 0 0 0 0 0 1 1 1 1 0 0]",46
929,4,gad7,9,PCA,XG,2,0.25316455696202533,0.46846846846846846,10,42,17,42,"[0 1 0 1 0 1 0 1 0 0 0 0 1 0 0 0 0 0 0 0 0 0 0 0 1 0 1 0 0 0 0 0 0 0 0 0 1
 0 0 0 0 0 0 0 0 0 0 1 0 0 1 0 0 0 0 1 0 0 0 1 0 1 1 0 0 1 0 0 0 0 0 0 0 0
 0 1 1 0 1 0 1 0 1 0 0 0 0 1 0 0 0 0 1 0 0 1 0 1 0 1 0 0 0 0 0 0 0 0 0 1 1]",46
930,4,gad7,9,PCA,SVC,3,0.4301075268817205,0.5225225225225225,20,38,21,32,"[0 0 0 1 0 0 0 1 1 0 1 0 1 0 1 0 0 0 0 0 0 0 1 0 0 0 1 0 0 0 0 0 0 0 0 0 1
 1 0 1 0 0 0 0 0 0 1 1 0 0 1 1 0 1 0 1 1 1 1 0 0 0 0 0 0 0 0 0 1 0 0 0 0 0
 0 1 1 1 1 1 0 0 1 0 1 0 1 1 0 1 0 0 0 0 0 0 1 1 1 1 1 0 0 0 0 1 1 1 1 0 1]",46
931,4,gad7,9,PCA,kNN,3,0.4347826086956522,0.5315315315315315,20,39,20,32,"[0 0 1 1 0 0 0 1 1 0 1 1 0 0 0 0 0 0 0 0 0 0 0 0 0 0 1 0 1 0 0 0 0 0 0 0 0
 0 1 1 1 0 0 0 1 0 0 0 0 0 1 1 1 0 0 0 1 1 0 0 0 1 1 0 0 0 0 1 0 0 0 0 0 0
 0 1 1 1 0 0 1 1 1 0 1 0 0 1 1 1 1 1 1 0 0 0 1 1 0 1 1 0 0 0 0 1 1 1 0 0 0]",46
932,4,gad7,9,PCA,RF,3,0.3516483516483517,0.46846846846846846,16,36,23,36,"[0 0 1 1 0 1 0 1 1 0 1 1 0 0 0 1 0 0 0 0 0 0 0 0 1 0 0 0 1 0 0 0 0 0 0 0 1
 1 0 0 1 0 0 0 1 0 0 1 0 0 0 0 1 0 0 1 0 1 0 1 0 0 1 0 0 1 0 0 1 0 0 0 0 0
 0 1 1 0 1 0 1 0 1 0 1 0 1 1 0 1 0 1 1 0 0 1 1 0 0 1 1 0 0 0 0 0 1 0 0 0 1]",46
933,4,gad7,9,PCA,LR,3,0.5,0.4954954954954955,28,27,32,24,"[0 0 0 1 1 1 1 1 1 0 1 0 1 1 1 0 0 0 1 1 0 1 1 1 1 1 1 0 0 0 0 0 1 0 0 0 1
 1 0 1 1 0 0 0 0 0 1 1 1 0 1 1 0 1 1 1 1 1 0 0 1 0 0 0 0 0 0 0 1 0 0 0 1 0
 0 1 1 1 1 1 0 0 1 0 1 1 1 1 0 1 0 0 0 1 1 0 1 1 1 1 1 0 0 0 1 1 1 1 1 0 1]",46
934,4,gad7,9,PCA,XG,3,0.38636363636363635,0.5135135135135135,17,40,19,35,"[0 0 1 1 0 1 0 1 1 0 1 0 0 0 0 1 0 0 0 0 0 0 0 0 1 0 0 0 1 0 0 0 0 0 0 0 1
 0 0 0 0 0 0 1 0 1 0 1 0 0 1 0 1 0 0 1 0 1 0 1 0 0 1 1 0 1 0 1 1 0 0 0 0 0
 0 1 1 0 1 0 1 0 1 0 1 0 0 1 1 1 0 0 0 0 0 0 0 0 0 1 1 0 1 0 0 0 0 0 0 0 1]",46
935,4,gad7,9,PCA,SVC,4,0.46464646464646464,0.5225225225225225,23,35,24,29,"[0 1 0 1 1 0 0 1 1 0 1 1 1 0 1 0 0 0 0 0 0 0 1 0 0 0 1 0 0 0 0 0 0 0 1 1 1
 1 0 1 0 0 0 0 0 0 1 1 1 0 1 1 0 1 0 1 1 1 1 0 0 0 0 0 0 0 0 0 1 0 0 0 0 0
 0 1 1 1 1 1 0 0 1 0 1 0 1 1 0 1 0 0 0 0 0 0 1 1 1 1 1 0 0 0 0 1 1 1 1 0 1]",46
936,4,gad7,9,PCA,kNN,4,0.5321100917431193,0.5405405405405406,29,31,28,23,"[0 0 1 1 1 0 0 1 1 0 1 1 0 0 1 0 0 0 0 0 0 0 0 0 0 0 1 0 1 1 1 1 0 0 1 0 1
 1 1 1 1 0 0 1 1 1 1 0 1 0 1 1 1 0 0 1 1 1 1 0 0 0 0 1 0 0 0 0 1 0 0 0 0 0
 0 1 1 0 1 0 1 1 1 1 1 0 1 1 0 1 0 1 1 0 0 0 1 1 1 1 1 0 1 1 0 1 1 1 0 0 1]",46
937,4,gad7,9,PCA,RF,4,0.3855421686746988,0.5405405405405406,16,44,15,36,"[0 0 1 1 0 0 0 1 1 0 1 1 0 0 0 0 0 0 0 0 0 0 0 0 0 0 1 0 1 0 0 0 0 0 0 0 1
 1 0 0 0 0 0 0 1 0 0 0 0 0 0 0 1 0 0 1 0 1 1 0 0 0 1 0 0 1 0 0 0 0 0 0 0 0
 0 1 1 0 1 0 1 0 1 0 0 0 1 1 0 0 0 0 0 0 0 0 1 0 1 1 0 0 1 0 0 1 1 0 0 1 0]",46
938,4,gad7,9,PCA,LR,4,0.5523809523809525,0.5765765765765766,29,35,24,23,"[0 1 0 1 1 0 0 1 1 0 1 1 1 0 0 1 0 0 0 0 0 0 1 0 0 0 1 0 1 0 0 0 1 0 0 1 1
 1 0 1 1 0 0 0 1 0 0 1 1 0 1 1 1 1 0 1 1 1 1 0 0 0 0 0 0 0 0 0 1 0 0 0 0 0
 1 1 1 1 1 1 0 0 1 1 1 1 1 1 0 1 0 0 0 1 0 0 1 1 1 1 1 0 0 0 0 1 1 0 1 0 1]",46
939,4,gad7,9,PCA,XG,4,0.3855421686746988,0.5405405405405406,16,44,15,36,"[0 0 0 0 0 0 0 1 1 0 0 1 0 0 1 0 1 0 0 0 0 0 0 0 0 0 1 0 1 0 0 0 0 0 1 0 1
 0 0 0 0 0 0 0 1 0 0 0 0 0 0 0 1 0 0 1 0 1 0 0 0 0 1 0 0 1 0 0 0 0 0 0 0 0
 0 1 1 1 0 0 1 0 1 1 1 0 1 1 0 1 0 1 0 0 0 0 1 0 0 1 1 0 1 0 0 1 0 0 0 0 0]",46
940,4,gad7,9,PCA,SVC,1,0.46153846153846156,0.5585585585585585,21,41,18,31,"[1 0 0 0 0 1 1 0 1 0 0 0 0 0 0 1 0 0 1 1 0 0 1 0 0 1 0 1 0 0 0 0 1 0 0 1 0
 0 1 0 0 0 1 0 1 0 1 0 0 0 0 0 0 0 0 1 1 0 1 1 0 0 0 1 0 1 0 1 0 0 1 1 1 0
 0 0 0 0 0 0 1 0 0 0 0 1 0 0 1 0 1 1 0 0 1 0 1 0 0 0 0 0 1 0 0 1 0 1 1 1 1]",47
941,4,gad7,9,PCA,kNN,1,0.42553191489361697,0.5135135135135135,20,37,22,32,"[0 1 0 0 1 1 0 0 0 0 1 0 1 0 0 0 0 0 1 0 1 1 0 0 1 1 1 0 0 1 0 0 0 0 0 0 0
 1 0 0 1 0 1 1 1 0 0 0 1 1 1 0 0 0 1 1 0 0 0 1 0 0 0 0 1 0 0 0 0 1 0 0 1 0
 0 1 0 1 0 1 0 0 0 1 1 1 0 0 1 0 0 0 1 1 0 0 1 1 1 0 0 0 0 0 0 1 0 1 1 0 1]",47
942,4,gad7,9,PCA,RF,1,0.3764705882352941,0.5225225225225225,16,42,17,36,"[0 0 0 0 1 0 0 0 0 0 1 0 1 0 0 0 1 0 0 0 0 1 0 1 1 0 1 1 0 1 0 0 0 0 0 0 0
 0 0 0 1 0 0 1 0 1 0 0 0 1 0 0 0 0 1 1 0 0 0 0 0 0 0 0 0 0 1 0 0 0 0 0 1 0
 0 0 0 0 1 1 0 0 0 0 1 0 0 1 0 1 1 1 0 1 0 0 1 1 0 0 1 0 0 1 0 1 0 0 1 0 1]",47
943,4,gad7,9,PCA,LR,1,0.33766233766233766,0.5405405405405406,13,47,12,39,"[0 0 0 0 0 1 1 0 1 0 0 0 0 0 0 0 0 0 1 1 0 0 0 0 0 0 0 1 0 0 0 0 1 0 0 1 0
 0 1 0 0 0 1 0 0 0 0 0 0 0 0 0 0 0 0 1 1 0 0 1 0 0 0 0 0 1 0 1 0 0 0 0 1 0
 0 0 0 0 0 0 1 0 0 0 0 1 0 0 1 0 1 1 0 0 1 0 0 0 0 0 0 0 0 0 0 1 0 1 0 0 1]",47
944,4,gad7,9,PCA,XG,1,0.40909090909090906,0.5315315315315315,18,41,18,34,"[0 1 0 0 1 0 0 0 0 0 1 0 1 0 0 0 1 0 0 0 0 1 0 1 1 1 1 1 0 1 0 0 0 0 0 0 0
 0 0 0 1 0 0 1 1 1 0 0 0 1 0 0 0 0 1 1 0 0 0 0 0 0 0 0 0 0 0 0 0 0 0 0 1 0
 0 1 0 0 1 1 0 0 0 0 1 0 0 1 0 1 1 1 0 1 0 0 1 1 0 0 1 0 0 1 0 1 0 0 1 0 1]",47
945,4,gad7,9,PCA,SVC,2,0.4807692307692308,0.5135135135135135,25,32,27,27,"[0 1 1 1 0 1 1 1 1 0 0 1 0 0 1 0 0 0 0 1 0 0 0 0 0 1 0 1 0 0 1 0 1 1 1 0 0
 1 1 1 1 0 1 0 1 0 0 0 0 1 0 0 1 1 0 1 1 0 1 1 1 0 0 0 1 1 0 1 0 0 1 1 1 0
 0 0 1 0 0 0 1 0 0 1 0 1 0 0 0 1 0 1 1 0 0 1 0 0 1 0 1 0 0 1 1 1 1 1 0 0 1]",47
946,4,gad7,9,PCA,kNN,2,0.5217391304347826,0.6036036036036037,24,43,16,28,"[0 1 0 0 0 1 0 1 0 0 0 0 1 0 1 0 0 0 0 1 1 0 0 0 1 1 0 1 0 0 1 0 0 1 0 0 0
 1 1 1 1 0 0 0 1 0 0 0 0 1 0 1 1 0 1 1 0 0 1 1 0 0 0 0 0 1 0 0 0 0 1 1 1 0
 0 0 0 1 0 0 1 0 0 0 0 1 0 0 0 1 0 0 0 0 0 1 0 0 0 0 0 0 1 1 1 0 1 1 1 1 0]",47
947,4,gad7,9,PCA,RF,2,0.46511627906976744,0.5855855855855856,20,45,14,32,"[0 1 0 0 0 1 0 1 0 0 0 0 0 0 0 0 0 0 1 0 0 1 0 0 0 0 0 0 0 1 1 0 0 0 1 0 0
 1 0 1 1 0 0 0 0 0 0 0 0 1 0 0 1 0 1 1 0 1 1 1 0 0 0 0 1 0 0 0 0 0 1 1 1 0
 0 0 0 1 0 0 0 0 0 0 1 1 0 0 0 1 0 0 0 1 0 0 1 1 1 0 0 0 0 1 1 0 0 1 1 0 0]",47
948,4,gad7,9,PCA,LR,2,0.49056603773584906,0.5135135135135135,26,31,28,26,"[0 1 1 1 0 1 1 1 1 0 0 1 0 0 1 0 0 0 0 1 0 0 0 0 0 1 0 1 0 0 1 0 0 1 1 1 0
 1 1 1 1 0 1 0 1 0 0 0 0 1 0 0 1 1 0 1 1 0 1 1 1 0 0 0 1 1 0 0 0 0 1 1 1 0
 0 0 1 0 0 0 1 0 0 1 0 1 0 0 1 1 1 1 1 0 1 1 0 0 1 0 1 0 0 1 1 1 1 1 0 0 1]",47
949,4,gad7,9,PCA,XG,2,0.39999999999999997,0.5135135135135135,18,39,20,34,"[0 1 0 0 0 1 1 1 1 0 0 0 0 0 0 0 0 0 1 0 0 1 0 0 0 1 0 1 0 1 1 0 0 0 0 0 0
 1 0 1 1 0 0 0 1 0 0 0 0 1 0 0 0 0 1 1 0 1 0 1 0 0 0 0 1 0 0 0 0 1 0 0 1 0
 0 0 0 1 0 1 0 0 0 0 1 1 1 0 0 1 0 1 0 1 0 0 1 1 1 0 0 0 0 1 1 0 0 1 1 0 0]",47
950,4,gad7,9,PCA,SVC,3,0.48000000000000004,0.5315315315315315,24,35,24,28,"[0 1 1 1 0 1 1 1 1 0 0 1 0 0 1 0 0 0 0 1 0 0 0 0 0 1 0 1 0 0 1 0 1 1 1 0 0
 1 0 1 1 0 1 0 1 0 0 0 0 1 0 0 1 1 0 1 1 0 1 1 1 0 0 0 1 0 0 0 0 0 1 1 1 0
 0 0 1 0 0 0 0 0 0 1 0 1 0 0 0 1 0 1 1 0 0 1 0 0 1 0 1 0 0 1 1 1 1 1 0 0 1]",47
951,4,gad7,9,PCA,kNN,3,0.4814814814814815,0.4954954954954955,26,29,30,26,"[0 1 0 1 0 1 0 1 0 0 0 1 0 0 0 1 0 0 0 1 1 0 1 0 0 1 1 1 0 0 1 1 0 1 1 1 0
 0 1 1 1 0 0 1 1 1 1 0 1 1 0 1 1 0 0 1 1 0 1 1 1 0 0 1 0 1 0 0 0 0 1 1 1 0
 0 0 1 1 0 0 1 0 1 1 0 1 0 0 0 1 0 0 1 0 1 0 0 0 1 1 1 0 1 1 1 0 1 1 1 0 0]",47
952,4,gad7,9,PCA,RF,3,0.5111111111111111,0.6036036036036037,23,44,15,29,"[1 1 1 0 0 1 0 1 0 0 0 1 0 0 0 0 0 0 1 0 1 0 0 0 0 0 0 1 0 0 1 0 0 0 0 0 0
 1 0 1 1 0 0 0 0 1 1 0 0 1 0 0 1 0 1 1 0 0 1 1 0 0 0 1 1 0 0 0 0 0 0 1 1 0
 0 0 1 1 0 1 0 0 0 0 0 1 0 0 0 1 0 0 0 1 0 0 1 1 0 0 1 0 0 1 1 0 1 1 0 0 0]",47
953,4,gad7,9,PCA,LR,3,0.49056603773584906,0.5135135135135135,26,31,28,26,"[0 1 1 1 0 1 1 1 1 0 0 1 0 0 1 0 0 0 0 1 0 0 0 0 0 1 0 1 0 0 1 0 0 1 1 1 0
 1 1 1 1 0 1 0 1 0 0 0 0 1 0 0 1 1 0 1 1 0 1 1 1 0 0 0 1 1 0 0 0 0 1 1 1 0
 0 0 1 0 0 0 1 0 0 1 0 1 0 0 1 1 1 1 1 0 1 1 0 0 1 0 1 0 0 1 1 1 1 1 0 0 1]",47
954,4,gad7,9,PCA,XG,3,0.46153846153846156,0.5585585585585585,21,41,18,31,"[1 1 1 1 0 1 0 1 0 0 0 1 0 0 0 0 0 0 0 0 1 0 0 0 0 0 0 1 0 0 1 0 0 0 0 0 0
 1 0 1 1 0 0 0 0 1 1 0 0 1 0 0 0 0 0 1 0 1 1 1 0 0 0 1 0 0 0 0 0 0 0 0 1 0
 0 0 1 1 0 1 0 0 0 1 0 1 0 0 0 1 0 1 0 1 0 0 1 1 0 1 0 0 1 1 1 0 0 1 1 1 0]",47
955,4,gad7,9,PCA,SVC,4,0.5185185185185186,0.5315315315315315,28,31,28,24,"[0 1 1 1 0 1 1 1 1 0 0 1 0 0 1 1 0 0 1 1 0 0 1 0 0 1 0 1 0 0 1 0 1 1 1 0 0
 1 0 1 1 0 1 0 1 0 1 0 0 1 0 0 1 1 0 1 1 0 1 1 1 0 0 1 1 0 0 0 0 0 1 1 1 0
 0 0 1 0 0 0 0 0 0 1 0 1 0 0 0 1 0 1 1 0 0 1 0 0 1 0 1 0 1 1 1 1 1 1 1 1 1]",47
956,4,gad7,9,PCA,kNN,4,0.5142857142857143,0.5405405405405406,27,33,26,25,"[0 1 1 1 0 1 0 1 0 0 1 1 0 0 0 0 0 0 1 1 1 0 1 0 0 1 1 0 0 0 1 1 1 1 1 1 0
 0 0 1 1 0 0 0 1 1 1 0 0 1 1 0 0 0 1 1 1 0 1 1 1 0 0 1 0 0 0 0 0 0 1 1 1 0
 0 1 1 0 1 0 0 0 0 1 0 1 0 0 0 1 1 0 1 0 1 0 0 0 1 0 0 0 1 1 0 1 1 1 1 1 0]",47
957,4,gad7,9,PCA,RF,4,0.4772727272727273,0.5855855855855856,21,44,15,31,"[1 0 0 0 0 1 0 1 0 0 0 1 0 0 0 0 0 0 1 0 1 0 1 0 0 0 0 0 0 0 1 0 1 0 1 0 0
 1 0 1 1 0 0 0 0 0 1 0 0 1 1 0 1 0 0 1 0 0 1 1 0 0 0 1 1 0 0 0 0 0 1 1 1 0
 0 0 0 1 0 1 0 0 0 1 0 1 0 0 0 1 0 0 0 0 0 0 1 1 0 0 0 0 0 1 0 0 1 1 0 1 0]",47
958,4,gad7,9,PCA,LR,4,0.5,0.5315315315315315,26,33,26,26,"[0 1 1 1 0 1 1 1 1 0 0 1 0 0 1 0 0 0 0 1 0 0 0 0 0 1 0 1 0 0 1 0 1 1 1 1 0
 1 0 1 1 0 1 0 1 0 0 0 0 1 0 0 1 1 0 1 1 0 1 1 1 0 0 0 1 0 0 0 0 0 1 1 1 0
 0 0 1 0 0 0 0 0 0 1 0 1 0 0 1 1 1 1 1 0 1 1 0 0 1 0 1 0 0 1 1 1 1 1 0 0 1]",47
959,4,gad7,9,PCA,XG,4,0.4545454545454546,0.5675675675675675,20,43,16,32,"[0 0 0 0 0 1 0 1 0 0 0 1 0 0 0 1 0 0 0 0 1 0 1 0 0 1 0 0 0 1 1 0 1 0 0 0 0
 0 0 1 1 0 0 0 0 0 0 0 0 1 1 0 1 0 0 1 1 1 1 1 0 0 0 0 0 0 0 0 1 0 0 0 1 0
 0 0 1 1 0 1 0 0 0 1 0 1 0 0 0 0 0 0 0 0 0 0 1 1 0 0 0 0 1 1 1 0 1 1 1 1 0]",47
960,4,gad7,9,PCA,SVC,1,0.3157894736842105,0.4144144144144144,15,31,28,37,"[0 0 0 1 0 0 1 0 1 0 0 1 1 0 0 0 1 0 1 0 0 0 1 1 0 1 1 0 0 0 0 0 0 0 1 1 0
 0 0 1 1 1 0 0 1 0 1 0 1 1 1 1 0 0 0 0 0 1 0 0 0 0 1 0 0 1 1 1 1 0 0 0 0 1
 1 0 0 1 1 0 1 0 0 1 0 0 1 0 0 0 1 0 1 0 1 0 0 0 0 1 0 1 0 1 0 0 1 1 0 0 0]",48
961,4,gad7,9,PCA,kNN,1,0.4112149532710281,0.43243243243243246,22,26,33,30,"[1 1 0 1 1 0 1 1 1 0 0 1 1 0 0 0 1 0 0 0 0 1 1 0 1 0 1 1 1 1 0 0 0 1 0 1 0
 0 0 1 1 0 0 1 1 1 1 1 1 0 1 0 0 1 0 0 0 1 0 0 0 1 1 0 1 1 0 1 1 0 0 1 0 1
 1 0 1 1 1 0 1 0 0 0 0 0 1 0 0 0 0 0 1 0 1 1 0 1 1 1 1 0 1 0 0 1 0 0 0 1 1]",48
962,4,gad7,9,PCA,RF,1,0.43999999999999995,0.4954954954954955,22,33,26,30,"[1 0 0 1 1 0 0 0 1 0 0 1 1 0 0 0 0 0 0 0 0 1 1 0 1 0 1 1 1 1 1 1 0 1 0 1 0
 0 0 1 1 0 0 0 0 1 1 1 1 0 1 0 1 0 0 0 0 0 1 0 0 1 0 0 0 1 0 1 1 1 0 1 0 0
 0 0 1 0 1 0 1 1 1 1 0 0 1 0 0 0 0 0 0 0 1 1 0 0 1 1 0 0 1 0 0 1 1 1 0 0 1]",48
963,4,gad7,9,PCA,LR,1,0.273972602739726,0.5225225225225225,10,48,11,42,"[0 0 0 1 0 0 1 0 1 0 0 0 0 0 0 0 1 0 0 1 0 0 1 0 0 0 0 0 0 0 0 0 0 0 0 1 0
 0 0 1 0 0 0 0 1 0 0 0 1 1 1 0 0 0 0 0 0 1 0 0 0 0 0 0 0 1 1 0 0 0 0 0 0 1
 1 0 0 0 0 0 0 0 0 0 0 0 0 0 0 0 0 0 0 0 1 0 0 0 0 1 0 0 0 0 0 0 1 1 0 0 0]",48
964,4,gad7,9,PCA,XG,1,0.3958333333333333,0.4774774774774775,19,34,25,33,"[1 0 0 1 1 0 0 0 1 0 0 1 1 0 0 0 0 0 0 0 0 1 1 0 1 0 1 1 1 1 0 1 0 1 0 1 0
 0 0 1 1 0 0 0 0 1 1 1 1 0 1 0 0 0 0 0 0 0 1 0 0 1 0 0 0 1 0 1 1 1 0 1 0 0
 0 0 1 0 1 0 1 1 1 1 0 0 1 0 0 0 0 0 0 0 1 1 0 0 1 1 0 0 1 0 0 1 0 0 0 0 1]",48
965,4,gad7,9,PCA,SVC,2,0.40404040404040403,0.46846846846846846,20,32,27,32,"[0 0 1 1 1 1 1 0 1 0 1 1 0 0 0 1 1 0 0 0 0 0 1 0 0 0 0 1 0 0 0 0 1 1 0 1 0
 0 0 0 1 0 1 1 1 0 1 1 1 1 1 1 0 0 0 1 1 1 0 1 1 0 1 1 0 1 0 0 0 0 0 0 0 1
 1 1 0 0 0 0 1 0 0 1 0 0 1 0 0 1 0 0 0 0 0 0 0 1 0 1 0 0 0 0 1 1 1 1 0 1 0]",48
966,4,gad7,9,PCA,kNN,2,0.4230769230769231,0.4594594594594595,22,29,30,30,"[0 1 1 1 1 0 1 1 1 0 0 1 1 1 0 0 1 1 0 0 0 1 1 0 1 0 1 1 0 0 0 1 1 0 1 1 0
 0 0 0 1 0 0 0 1 0 0 1 0 0 1 1 0 1 0 0 1 1 1 1 0 0 1 1 1 1 0 0 0 0 0 0 0 1
 0 1 1 0 0 1 1 1 0 1 0 0 0 0 1 1 1 0 1 0 0 0 0 0 0 0 1 0 1 0 1 1 0 0 0 1 1]",48
967,4,gad7,9,PCA,RF,2,0.34408602150537637,0.45045045045045046,16,34,25,36,"[0 0 1 1 1 0 1 0 1 0 0 1 1 0 0 0 1 0 0 0 0 1 1 0 1 0 0 1 1 0 0 0 1 0 1 1 0
 0 0 0 0 0 0 0 1 0 0 1 1 1 0 1 0 1 0 0 1 1 1 0 0 1 0 1 0 1 0 0 0 1 0 1 0 1
 0 0 0 0 0 1 1 0 0 1 0 0 0 0 0 0 0 0 1 0 1 0 0 0 0 0 1 0 1 0 0 1 0 0 0 1 1]",48
968,4,gad7,9,PCA,LR,2,0.37500000000000006,0.4594594594594595,18,33,26,34,"[0 0 1 1 1 1 0 0 1 0 1 1 0 0 0 1 1 0 0 0 0 0 1 0 0 0 0 1 0 0 0 0 1 1 0 1 0
 0 0 0 1 0 1 1 1 0 0 1 1 1 1 1 0 0 0 1 1 1 0 1 1 0 1 1 0 1 0 0 0 0 0 0 0 1
 1 1 0 0 0 0 1 0 0 1 0 0 0 0 0 1 0 0 0 0 0 0 0 1 0 1 0 0 0 0 1 1 1 1 0 1 0]",48
969,4,gad7,9,PCA,XG,2,0.35416666666666663,0.44144144144144143,17,32,27,35,"[0 1 0 1 1 0 1 0 1 0 0 1 1 1 0 0 1 1 0 0 0 1 1 0 1 0 0 1 1 0 0 0 1 0 1 1 0
 0 0 0 0 0 0 1 1 0 0 1 1 0 0 1 0 1 1 0 1 1 1 0 0 1 0 1 0 0 0 0 0 0 0 1 0 1
 0 0 0 0 0 1 1 0 0 1 0 0 0 0 0 1 0 0 1 0 1 0 0 1 0 0 1 0 1 0 0 1 0 0 0 1 1]",48
970,4,gad7,9,PCA,SVC,3,0.3711340206185567,0.45045045045045046,18,32,27,34,"[0 0 1 1 1 0 1 0 1 0 1 1 0 0 0 1 1 0 0 0 0 0 1 0 0 0 0 1 0 0 0 0 0 1 0 1 0
 0 0 1 1 0 1 1 1 0 1 1 1 1 1 1 0 0 0 1 1 1 0 1 0 0 1 0 0 1 0 0 0 0 0 0 0 1
 1 1 0 0 0 0 1 0 0 1 0 0 1 0 0 1 0 0 0 0 1 0 0 1 0 1 0 0 0 0 1 1 1 1 0 1 0]",48
971,4,gad7,9,PCA,kNN,3,0.49056603773584906,0.5135135135135135,26,31,28,26,"[0 1 1 1 1 0 1 0 1 0 0 1 1 1 0 0 1 0 0 0 0 1 1 0 1 0 0 0 1 0 0 1 0 1 1 1 0
 0 0 0 1 0 0 1 1 0 0 1 0 0 1 1 1 1 1 0 1 1 1 1 0 0 1 0 1 1 0 0 0 1 0 1 0 1
 1 1 1 0 0 0 1 0 1 1 0 1 0 0 1 1 1 0 1 0 0 0 0 1 0 1 1 0 0 0 1 1 0 0 0 1 0]",48
972,4,gad7,9,PCA,RF,3,0.346938775510204,0.42342342342342343,17,30,29,35,"[0 1 1 1 1 0 1 0 1 0 0 1 1 1 0 0 1 1 0 0 0 1 1 0 1 0 0 0 0 0 0 0 1 1 0 1 0
 0 0 0 0 0 0 1 0 0 0 1 0 1 1 1 1 1 0 0 1 1 1 1 0 1 1 0 0 1 0 0 0 1 0 1 0 1
 0 1 0 0 0 0 1 0 0 1 0 0 0 0 0 0 1 0 1 0 1 0 0 1 0 1 1 0 0 0 0 1 0 0 0 1 1]",48
973,4,gad7,9,PCA,LR,3,0.3877551020408163,0.4594594594594595,19,32,27,33,"[0 0 1 1 1 1 1 0 1 0 1 1 0 0 0 1 1 0 0 0 0 0 1 0 0 0 0 1 0 0 0 0 1 1 0 1 0
 0 0 0 1 0 1 1 1 0 0 1 1 1 1 1 0 0 0 1 1 1 0 1 1 0 1 1 0 1 0 0 0 0 0 0 0 1
 1 1 0 0 0 0 1 0 0 1 0 0 1 0 0 1 0 0 0 0 0 0 0 1 0 1 0 0 0 0 1 1 1 1 0 1 0]",48
974,4,gad7,9,PCA,XG,3,0.3225806451612903,0.43243243243243246,15,33,26,37,"[0 1 0 1 0 0 1 0 1 0 0 1 1 1 0 0 1 1 0 0 0 0 1 0 1 0 0 0 1 0 0 0 1 0 0 1 0
 0 0 0 0 0 0 0 1 0 0 1 0 1 0 1 1 1 0 0 0 1 1 0 0 1 1 1 0 0 0 0 0 1 0 1 0 1
 0 0 1 0 0 0 1 0 0 1 0 0 0 0 0 0 1 0 1 0 1 0 0 1 0 1 0 0 1 0 0 1 1 0 0 1 1]",48
975,4,gad7,9,PCA,SVC,4,0.37254901960784315,0.42342342342342343,19,28,31,33,"[0 0 1 1 1 0 1 0 1 0 1 1 0 0 0 1 1 0 0 0 0 0 1 0 1 0 0 1 0 1 0 0 0 1 0 1 0
 0 0 1 1 0 1 1 1 0 1 1 1 1 1 1 0 0 0 1 1 1 1 1 0 0 1 0 0 1 0 0 0 0 0 0 0 1
 1 1 0 1 0 0 1 0 0 1 0 0 1 0 0 1 0 0 0 0 1 0 0 1 0 1 0 1 0 0 1 1 1 1 0 1 0]",48
976,4,gad7,9,PCA,kNN,4,0.4230769230769231,0.4594594594594595,22,29,30,30,"[0 1 1 1 1 0 1 0 1 1 1 1 1 0 0 0 1 0 0 0 0 1 1 0 1 0 0 0 1 1 0 1 0 1 0 1 0
 0 1 0 0 0 0 1 1 0 0 1 1 0 1 1 0 0 0 0 1 1 1 1 0 0 1 0 1 1 0 0 0 0 0 0 0 1
 1 1 1 0 0 0 1 1 1 1 0 1 1 0 1 1 0 1 0 0 0 0 0 1 0 0 1 0 1 0 1 1 0 0 0 1 0]",48
977,4,gad7,9,PCA,RF,4,0.42000000000000004,0.4774774774774775,21,32,27,31,"[0 1 1 1 0 0 1 0 1 0 0 1 1 0 0 0 1 0 0 0 0 1 1 0 1 0 0 1 1 1 1 1 1 1 1 1 0
 0 0 0 1 0 1 1 0 0 0 1 1 0 1 1 1 0 0 0 1 1 1 0 0 0 0 0 0 0 0 0 0 1 0 0 0 1
 0 1 1 0 0 0 1 1 0 1 0 1 1 0 1 1 1 0 1 0 0 0 0 1 0 0 1 0 0 0 0 1 0 0 0 1 0]",48
978,4,gad7,9,PCA,LR,4,0.3877551020408163,0.4594594594594595,19,32,27,33,"[0 0 1 1 1 1 1 0 1 0 1 1 0 0 0 1 1 0 0 0 0 0 1 0 0 0 0 1 0 0 0 0 1 1 0 1 0
 0 0 0 1 0 1 1 1 0 0 1 1 1 1 1 0 0 0 1 1 1 0 1 1 0 1 1 0 1 0 0 0 0 0 0 0 1
 1 1 0 0 0 0 1 0 0 1 0 0 1 0 0 1 0 0 0 0 0 0 0 1 0 1 0 0 0 0 1 1 1 1 0 1 0]",48
979,4,gad7,9,PCA,XG,4,0.43564356435643564,0.4864864864864865,22,32,27,30,"[0 1 1 0 0 1 1 0 1 0 0 0 1 0 0 0 1 0 0 0 0 1 1 0 1 0 0 1 1 0 1 0 1 1 0 1 0
 0 0 1 1 0 0 1 1 1 0 1 0 1 1 1 0 1 0 0 1 1 1 0 0 0 1 1 0 0 0 0 0 1 0 1 0 1
 0 1 0 0 0 0 1 1 0 1 0 1 0 0 1 0 1 0 1 0 0 0 0 1 0 0 1 0 1 0 0 1 1 0 0 1 1]",48
980,4,gad7,9,PCA,SVC,1,0.5040650406504065,0.45045045045045046,31,19,40,21,"[1 1 1 0 0 1 1 1 0 1 1 0 1 1 1 1 0 0 0 0 0 1 0 1 0 1 0 1 1 1 0 1 0 1 1 1 0
 1 0 1 1 1 0 0 0 1 0 1 0 1 1 1 0 1 1 0 1 0 1 1 1 1 0 1 1 1 0 1 1 1 1 0 1 1
 0 1 0 0 1 1 0 0 1 0 1 1 1 0 0 1 1 1 1 0 0 0 0 1 1 1 1 1 1 1 1 0 1 1 1 1 1]",49
981,4,gad7,9,PCA,kNN,1,0.537037037037037,0.5495495495495496,29,32,27,23,"[0 0 1 0 1 1 1 0 0 1 1 0 1 1 1 1 0 1 1 0 1 0 0 1 0 0 1 0 1 1 0 1 1 0 0 1 1
 0 1 1 0 1 1 1 0 0 0 1 0 1 1 0 1 1 1 0 1 0 1 1 1 1 0 1 1 0 0 1 1 1 1 0 0 0
 0 0 0 0 0 0 0 0 0 1 1 0 1 0 0 1 0 1 0 0 0 0 0 1 1 1 1 0 0 0 1 0 1 0 1 1 0]",49
982,4,gad7,9,PCA,RF,1,0.4716981132075472,0.4954954954954955,25,30,29,27,"[0 0 0 1 0 1 1 0 1 0 1 1 1 1 0 1 0 0 0 0 0 0 0 1 0 1 1 1 0 0 1 0 0 1 0 1 1
 0 1 1 0 1 1 0 1 1 0 1 0 1 1 0 0 1 1 0 1 1 1 1 1 0 0 1 0 1 0 0 0 0 0 1 0 1
 0 1 0 1 1 1 0 0 1 0 0 1 0 1 0 1 0 1 1 1 0 0 0 1 1 0 1 1 0 0 0 0 0 0 1 1 0]",49
983,4,gad7,9,PCA,LR,1,0.549618320610687,0.46846846846846846,36,16,43,16,"[1 1 1 0 0 1 1 1 1 1 1 0 0 0 1 1 1 1 1 0 1 1 1 0 0 1 0 1 1 1 1 1 0 1 1 0 1
 1 1 1 1 1 1 1 1 1 0 1 1 1 1 0 1 1 1 0 0 0 0 1 1 1 0 1 1 1 1 1 1 0 1 0 1 1
 1 1 1 0 1 1 0 1 1 0 0 1 1 0 1 1 1 1 1 0 1 0 1 0 1 0 1 1 1 1 1 0 1 1 0 0 1]",49
984,4,gad7,9,PCA,XG,1,0.46296296296296297,0.4774774774774775,25,28,31,27,"[0 0 0 1 1 1 1 0 1 0 1 0 1 1 0 1 0 0 0 0 0 0 0 1 0 1 1 1 0 0 1 0 0 1 0 1 1
 0 1 1 0 1 1 1 1 1 0 1 0 1 1 0 0 1 1 0 1 1 1 1 1 1 0 1 0 1 0 0 0 1 1 0 0 1
 0 1 0 0 1 1 0 0 1 0 0 1 0 0 0 1 0 1 1 1 0 0 0 1 1 0 1 1 0 0 0 0 1 0 1 1 0]",49
985,4,gad7,9,PCA,SVC,2,0.36585365853658536,0.5315315315315315,15,44,15,37,"[0 1 1 0 0 0 1 0 1 1 0 0 0 0 1 1 0 0 1 0 0 0 1 0 0 0 0 1 0 1 0 0 0 0 1 1 0
 0 1 0 0 1 0 0 0 0 0 1 1 1 0 0 0 0 1 0 0 0 0 0 0 0 0 0 0 0 0 0 0 0 0 0 0 0
 1 1 1 0 0 0 0 0 1 0 1 1 1 0 0 0 0 0 0 0 0 0 0 0 0 0 0 0 0 1 1 0 1 1 0 0 0]",49
986,4,gad7,9,PCA,kNN,2,0.4791666666666667,0.5495495495495496,23,38,21,29,"[0 1 1 0 0 0 1 1 1 0 0 0 1 0 0 1 0 0 0 0 1 0 1 1 0 0 1 1 0 0 0 0 1 1 1 1 0
 0 1 0 0 1 0 0 1 0 0 1 1 1 0 1 0 0 1 0 0 0 0 0 0 1 0 0 0 0 1 1 0 0 0 0 0 0
 1 1 0 0 1 0 0 0 1 0 1 1 1 1 1 0 0 0 0 0 0 0 0 1 0 1 0 0 0 1 1 0 1 1 1 1 0]",49
987,4,gad7,9,PCA,RF,2,0.4565217391304348,0.5495495495495496,21,40,19,31,"[0 1 1 1 0 0 1 1 0 1 0 0 1 0 0 1 0 0 0 0 0 0 0 1 0 0 0 1 0 0 0 0 0 1 0 1 1
 0 0 0 0 1 1 1 0 0 1 1 1 0 1 1 0 0 1 0 0 0 0 1 1 0 0 0 0 0 0 0 1 0 0 0 0 0
 1 1 0 0 0 0 0 0 1 0 1 1 0 0 1 0 0 0 0 0 0 0 1 1 1 1 0 0 0 1 0 0 1 1 1 1 0]",49
988,4,gad7,9,PCA,LR,2,0.380952380952381,0.5315315315315315,16,43,16,36,"[0 1 1 0 1 0 1 0 1 1 0 0 0 0 1 1 0 0 1 0 0 0 1 0 0 0 0 1 0 1 0 0 0 0 1 1 0
 0 1 0 0 1 0 0 0 0 0 1 1 1 0 0 0 0 1 0 0 0 0 0 0 0 0 0 0 0 0 0 0 0 0 0 0 0
 1 1 1 0 0 0 0 0 1 1 1 1 1 0 0 0 0 0 0 0 0 0 0 0 0 0 0 0 0 1 1 0 1 1 0 0 0]",49
989,4,gad7,9,PCA,XG,2,0.4842105263157894,0.5585585585585585,23,39,20,29,"[0 1 1 1 0 0 0 1 0 1 0 0 1 0 0 1 0 0 0 0 0 0 0 1 0 0 1 1 0 0 0 0 0 1 0 1 1
 0 1 0 0 1 0 1 0 0 1 0 1 0 1 1 0 1 1 0 1 1 0 1 1 0 0 0 0 0 0 1 1 0 0 1 0 0
 1 1 0 0 0 0 0 0 1 0 0 1 1 1 0 0 0 0 0 1 0 0 0 1 1 1 0 0 0 0 1 0 1 0 1 1 0]",49
990,4,gad7,9,PCA,SVC,3,0.36585365853658536,0.5315315315315315,15,44,15,37,"[0 1 1 0 0 0 1 0 1 1 0 0 0 0 1 1 0 0 1 0 0 0 1 0 0 0 0 1 0 1 0 0 0 0 1 1 0
 0 1 0 0 1 0 0 0 0 0 1 1 1 0 0 0 0 1 0 0 0 0 0 0 0 0 0 0 0 0 0 0 0 0 0 0 0
 1 1 1 0 0 0 0 0 1 0 1 1 1 0 0 0 0 0 0 0 0 0 0 0 0 0 0 0 0 1 1 0 1 1 0 0 0]",49
991,4,gad7,9,PCA,kNN,3,0.4444444444444444,0.5495495495495496,20,41,18,32,"[1 1 1 0 0 0 0 1 0 1 0 0 1 0 0 1 1 0 0 0 0 0 1 1 0 0 1 1 0 0 0 0 0 1 1 1 1
 1 0 0 0 1 1 0 0 0 0 1 1 1 0 1 0 1 1 0 0 1 0 0 0 0 0 0 0 0 1 0 0 0 0 0 0 0
 0 0 0 0 1 0 0 0 1 0 1 1 0 0 1 0 0 0 0 0 0 1 0 0 0 1 0 0 0 1 1 0 1 0 1 0 0]",49
992,4,gad7,9,PCA,RF,3,0.4318181818181818,0.5495495495495496,19,42,17,33,"[0 1 1 0 0 0 0 1 0 1 0 0 0 0 0 1 0 0 0 0 0 0 1 1 0 0 0 1 0 0 0 0 0 1 1 1 1
 0 0 0 0 0 1 0 0 0 1 0 1 1 0 0 0 1 1 0 0 1 0 1 1 1 0 0 0 0 0 0 0 0 0 1 0 0
 1 0 0 0 0 0 0 0 1 0 1 1 0 0 1 0 0 0 0 1 0 0 1 1 0 1 0 0 0 1 0 0 1 1 1 0 0]",49
993,4,gad7,9,PCA,LR,3,0.380952380952381,0.5315315315315315,16,43,16,36,"[0 1 1 0 1 0 1 0 1 1 0 0 0 0 1 1 0 0 1 0 0 0 1 0 0 0 0 1 0 1 0 0 0 0 1 1 0
 0 1 0 0 1 0 0 0 0 0 1 1 1 0 0 0 0 1 0 0 0 0 0 0 0 0 0 0 0 0 0 0 0 0 0 0 0
 1 1 1 0 0 0 0 0 1 1 1 1 1 0 0 0 0 0 0 0 0 0 0 0 0 0 0 0 0 1 1 0 1 1 0 0 0]",49
994,4,gad7,9,PCA,XG,3,0.44943820224719105,0.5585585585585585,20,42,17,32,"[0 1 1 0 0 0 0 1 0 1 0 0 0 0 0 1 0 0 0 0 0 0 0 1 0 0 1 1 0 0 0 0 0 1 1 1 1
 0 0 0 0 0 1 1 0 0 1 0 0 1 1 0 0 1 1 0 0 0 0 1 1 0 0 0 0 0 1 1 0 0 0 0 0 0
 0 0 0 0 0 0 0 0 1 0 1 1 0 0 1 0 1 0 0 1 0 0 1 1 0 1 0 0 0 1 0 0 1 1 1 1 0]",49
995,4,gad7,9,PCA,SVC,4,0.36585365853658536,0.5315315315315315,15,44,15,37,"[0 1 1 0 0 0 1 0 1 1 0 0 0 0 1 1 0 0 1 0 0 0 1 0 0 0 0 1 0 1 0 0 0 0 1 1 0
 0 1 0 0 1 0 0 0 0 0 1 1 1 0 0 0 0 1 0 0 0 0 0 0 0 0 0 0 0 0 0 0 0 0 0 0 0
 1 1 1 0 0 0 0 0 1 0 1 1 1 0 0 0 0 0 0 0 0 0 0 0 0 0 0 0 0 1 1 0 1 1 0 0 0]",49
996,4,gad7,9,PCA,kNN,4,0.3636363636363637,0.4954954954954955,16,39,20,36,"[0 1 1 0 0 0 1 0 0 1 0 0 0 0 0 1 0 0 0 0 0 0 1 1 0 0 0 1 0 0 0 0 1 1 1 1 0
 1 1 0 1 1 0 0 1 0 0 1 1 1 0 0 1 1 1 0 0 0 0 0 0 1 0 0 0 0 1 1 0 0 0 0 0 0
 0 0 0 0 0 0 0 0 1 0 1 1 0 0 0 0 0 0 0 0 0 0 1 1 0 0 0 0 0 1 1 0 1 0 1 1 0]",49
997,4,gad7,9,PCA,RF,4,0.35714285714285715,0.5135135135135135,15,42,17,37,"[0 1 1 0 1 0 1 0 0 1 0 0 0 0 0 1 1 0 0 0 0 0 1 1 0 0 0 1 0 0 0 0 0 1 0 0 0
 0 0 0 0 1 0 0 0 0 1 1 0 1 0 0 0 0 1 0 0 1 0 0 1 1 0 0 0 0 0 1 0 0 0 0 0 0
 0 1 0 0 0 0 0 0 1 0 1 1 0 0 0 0 0 0 0 1 0 0 1 1 0 1 0 0 0 1 1 0 1 0 1 0 0]",49
998,4,gad7,9,PCA,LR,4,0.380952380952381,0.5315315315315315,16,43,16,36,"[0 1 1 0 1 0 1 0 1 1 0 0 0 0 1 1 0 0 1 0 0 0 1 0 0 0 0 1 0 1 0 0 0 0 1 1 0
 0 1 0 0 1 0 0 0 0 0 1 1 1 0 0 0 0 1 0 0 0 0 0 0 0 0 0 0 0 0 0 0 0 0 0 0 0
 1 1 1 0 0 0 0 0 1 1 1 1 1 0 0 0 0 0 0 0 0 0 0 0 0 0 0 0 0 1 1 0 1 1 0 0 0]",49
999,4,gad7,9,PCA,XG,4,0.40476190476190477,0.5495495495495496,17,44,15,35,"[0 1 0 0 0 0 1 1 0 1 0 0 0 0 0 1 0 0 0 0 0 0 1 1 0 0 1 1 0 0 0 0 0 0 0 0 0
 0 0 0 1 1 0 0 1 0 1 1 0 1 1 0 0 0 1 0 0 1 0 0 1 0 0 0 0 0 0 0 0 0 0 0 0 0
 0 1 0 0 0 0 0 0 1 0 1 1 0 0 0 0 0 0 0 1 0 0 1 1 1 1 0 0 0 1 1 0 1 0 1 0 0]",49
1000,4,gad7,9,PCA,SVC,1,0.5755395683453237,0.46846846846846846,40,12,47,12,"[1 1 0 1 0 1 1 1 1 0 1 1 1 0 1 0 0 1 0 1 0 1 0 0 1 1 1 1 0 1 1 1 1 1 1 1 1
 1 1 1 1 0 1 1 1 1 1 1 1 0 0 0 1 0 1 1 0 1 1 1 1 1 0 1 1 1 1 1 1 0 1 1 1 1
 1 1 1 1 1 1 1 1 1 1 1 1 1 1 0 0 0 1 1 1 1 1 1 1 1 1 1 0 1 1 1 1 1 1 1 1 0]",50
1001,4,gad7,9,PCA,kNN,1,0.4421052631578947,0.5225225225225225,21,37,22,31,"[0 1 0 0 0 1 0 1 0 0 1 1 1 0 1 0 0 1 0 1 0 0 1 0 0 0 0 0 0 0 0 1 0 0 1 0 1
 1 1 0 0 0 0 0 1 1 1 0 1 0 1 0 1 0 0 0 0 0 0 1 1 1 0 1 1 0 0 1 1 0 0 1 0 0
 0 0 0 0 0 1 0 1 0 0 0 1 0 0 1 0 0 0 0 0 1 1 0 1 1 0 0 0 1 0 1 1 1 0 1 1 0]",50
1002,4,gad7,9,PCA,RF,1,0.49019607843137253,0.5315315315315315,25,34,25,27,"[0 1 1 1 0 1 1 1 0 0 1 1 1 0 1 0 0 1 0 0 0 0 1 0 1 1 1 0 0 0 0 1 0 0 1 1 1
 1 1 1 1 0 1 0 1 0 0 0 1 0 1 0 1 0 0 0 0 0 0 1 1 0 0 0 0 0 0 0 1 0 0 0 1 0
 0 0 0 1 0 1 0 0 0 1 0 1 0 1 1 0 0 1 1 0 1 1 1 1 1 0 0 1 1 0 1 1 1 0 0 0 0]",50
1003,4,gad7,9,PCA,LR,1,0.544,0.4864864864864865,34,20,39,18,"[0 1 0 1 0 1 1 0 1 0 1 1 1 0 1 0 0 1 0 1 0 1 0 0 1 1 1 1 0 1 1 1 1 1 0 1 1
 1 0 1 1 0 1 1 1 1 1 1 1 1 0 0 1 0 0 1 0 1 0 1 0 1 0 1 1 0 1 1 1 0 0 1 1 1
 1 1 1 1 1 1 1 1 1 1 1 1 1 1 0 0 0 1 1 1 1 0 1 1 1 1 1 0 0 1 1 0 0 0 1 0 0]",50
1004,4,gad7,9,PCA,XG,1,0.48484848484848486,0.5405405405405406,24,36,23,28,"[0 1 1 1 0 1 0 1 0 0 1 1 1 0 1 0 0 1 0 1 0 0 1 0 1 1 0 0 0 0 0 1 0 0 1 1 1
 1 1 0 1 0 1 0 1 0 0 0 1 0 1 0 1 0 0 0 0 0 0 1 1 0 0 0 0 0 0 0 1 0 0 0 1 0
 0 0 0 1 0 1 0 0 0 1 0 1 0 0 1 0 0 1 1 0 0 1 1 1 1 0 0 1 1 0 1 1 1 0 1 0 0]",50
1005,4,gad7,9,PCA,SVC,2,0.4301075268817205,0.5225225225225225,20,38,21,32,"[1 0 1 0 0 0 1 0 1 0 1 0 0 0 0 0 0 0 0 0 0 0 0 0 0 0 1 0 0 0 0 0 0 1 1 0 0
 1 1 0 0 0 0 1 0 1 0 1 1 0 0 0 0 0 0 0 0 0 1 1 1 0 0 0 0 1 1 1 0 0 1 0 1 0
 0 0 0 0 0 1 0 1 0 1 1 1 0 1 0 0 0 1 1 0 0 1 0 0 1 1 1 0 1 0 1 1 1 1 1 1 0]",50
1006,4,gad7,9,PCA,kNN,2,0.5319148936170213,0.6036036036036037,25,42,17,27,"[0 0 0 0 0 0 1 1 0 0 1 0 0 0 1 0 0 0 0 0 0 0 1 1 0 0 0 0 0 0 0 1 0 1 1 0 0
 1 0 0 0 0 1 0 1 1 0 1 0 0 1 0 1 0 0 0 0 1 1 1 0 0 0 0 0 1 0 1 1 1 1 0 1 0
 0 0 0 0 0 1 0 1 0 1 0 0 0 1 1 0 1 1 0 1 0 0 0 0 0 1 0 1 1 0 1 1 1 0 1 1 1]",50
1007,4,gad7,9,PCA,RF,2,0.47058823529411764,0.5945945945945946,20,46,13,32,"[0 0 0 0 0 1 1 1 0 0 1 0 0 0 1 0 0 1 0 0 0 0 1 0 0 0 0 0 0 0 0 1 0 1 0 0 1
 0 1 0 0 0 1 0 1 0 0 0 1 0 1 0 1 0 0 0 0 0 1 1 0 0 0 0 0 1 0 1 0 0 1 0 0 0
 0 0 0 0 0 1 0 0 0 1 0 1 0 1 1 0 0 1 0 0 0 1 0 1 0 1 0 1 0 0 1 0 0 0 0 1 0]",50
1008,4,gad7,9,PCA,LR,2,0.39506172839506176,0.5585585585585585,16,46,13,36,"[0 0 1 0 0 0 1 0 1 0 1 0 0 0 0 0 0 0 0 0 0 0 0 0 0 0 1 0 0 0 0 0 0 1 1 0 0
 1 0 0 0 0 0 1 0 1 0 1 1 0 0 0 0 0 0 0 0 0 1 1 0 0 0 0 0 0 1 0 0 0 1 0 1 0
 0 0 0 0 0 0 0 1 0 0 1 1 0 1 0 0 0 1 1 0 0 0 0 0 1 1 1 0 0 0 1 0 1 0 1 0 0]",50
1009,4,gad7,9,PCA,XG,2,0.4597701149425288,0.5765765765765766,20,44,15,32,"[0 0 0 0 0 1 1 1 0 0 1 0 0 0 1 0 0 1 0 0 0 0 1 0 0 0 0 0 0 0 1 1 0 0 0 0 1
 0 1 0 0 0 1 0 1 1 0 0 1 0 1 0 1 0 0 0 0 0 1 1 0 0 0 0 0 1 0 0 0 0 0 0 0 0
 0 0 0 0 0 1 0 0 0 1 0 1 0 1 1 0 0 1 1 0 0 0 0 1 0 0 0 1 1 0 1 1 1 0 1 1 0]",50
1010,4,gad7,9,PCA,SVC,3,0.4210526315789474,0.5045045045045045,20,36,23,32,"[1 0 0 0 0 0 1 1 1 0 1 0 0 0 0 0 0 0 0 0 0 0 0 0 0 0 1 0 0 0 0 0 0 1 1 0 0
 1 1 0 0 0 0 1 0 1 0 1 1 0 0 0 0 0 1 0 0 0 1 1 1 0 0 0 0 1 1 1 0 0 1 0 1 0
 0 0 0 0 0 1 0 1 0 1 1 1 0 1 0 0 0 1 1 0 0 1 0 1 1 1 1 0 1 0 1 1 1 1 1 1 0]",50
1011,4,gad7,9,PCA,kNN,3,0.5252525252525252,0.5765765765765766,26,38,21,26,"[0 0 0 1 0 0 1 0 0 0 1 0 0 0 0 0 0 1 0 0 0 1 1 1 0 0 0 0 0 1 0 1 0 0 1 0 0
 1 1 0 0 0 1 0 1 1 0 0 1 0 1 0 1 0 1 0 0 1 1 0 1 0 0 0 0 1 0 1 0 1 1 1 1 0
 1 0 0 1 0 1 0 1 0 1 0 1 0 1 1 0 1 1 0 0 0 1 0 0 0 1 0 1 1 0 0 1 1 0 1 1 1]",50
1012,4,gad7,9,PCA,RF,3,0.441860465116279,0.5675675675675675,19,44,15,33,"[0 0 1 0 0 0 1 1 0 0 1 0 0 0 1 0 0 1 0 0 0 0 1 0 0 0 0 0 0 0 0 1 0 0 0 0 0
 1 0 0 0 0 0 0 1 1 0 0 1 0 1 0 1 0 0 0 0 0 1 1 0 0 0 0 0 1 0 1 0 0 1 0 1 0
 0 0 0 0 0 1 0 1 0 1 0 1 0 0 1 0 0 1 0 0 0 1 0 0 0 1 0 1 1 0 1 1 0 0 1 1 0]",50
1013,4,gad7,9,PCA,LR,3,0.39506172839506176,0.5585585585585585,16,46,13,36,"[0 0 1 0 0 0 1 0 1 0 1 0 0 0 0 0 0 0 0 0 0 0 0 0 0 0 1 0 0 0 0 0 0 1 1 0 0
 1 0 0 0 0 0 1 0 1 0 1 1 0 0 0 0 0 0 0 0 0 1 1 0 0 0 0 0 0 1 0 0 0 1 0 1 0
 0 0 0 0 0 0 0 1 0 0 1 1 0 1 0 0 0 1 1 0 0 0 0 0 1 1 1 0 0 0 1 0 1 0 1 0 0]",50
1014,4,gad7,9,PCA,XG,3,0.4347826086956522,0.5315315315315315,20,39,20,32,"[0 0 0 0 0 0 1 1 0 0 1 0 0 0 1 0 0 1 0 0 0 1 1 0 0 0 0 0 0 0 1 1 0 1 0 0 1
 0 1 0 0 0 1 0 1 1 0 0 1 0 1 0 1 0 1 0 0 1 1 1 0 0 0 0 0 1 1 1 0 0 0 0 1 0
 0 0 0 0 0 1 0 0 0 1 0 1 0 0 1 0 0 1 1 0 0 1 0 1 0 1 0 1 1 0 1 1 0 0 0 1 0]",50
1015,4,gad7,9,PCA,SVC,4,0.4421052631578947,0.5225225225225225,21,37,22,31,"[1 0 0 0 0 0 1 1 1 0 1 0 0 0 0 0 0 0 0 0 0 0 0 0 0 0 1 0 0 0 0 0 0 1 1 1 0
 1 1 0 0 0 0 1 0 1 0 1 1 0 0 0 0 0 1 0 0 0 1 1 1 0 0 0 0 1 1 1 0 0 1 0 1 0
 0 0 0 0 0 1 0 1 0 1 1 1 0 1 0 0 0 1 1 0 0 1 0 1 1 1 1 0 1 0 1 1 1 0 1 1 0]",50
1016,4,gad7,9,PCA,kNN,4,0.5688073394495413,0.5765765765765766,31,33,26,21,"[0 1 0 0 1 1 1 0 1 0 0 0 1 0 0 1 1 1 1 0 0 0 1 1 0 0 0 1 1 0 0 1 0 1 1 0 0
 1 0 1 1 0 1 0 0 1 0 0 1 0 1 0 1 0 0 0 1 1 1 0 0 1 0 0 0 1 0 1 1 1 1 0 1 0
 1 0 0 0 1 1 0 1 0 1 0 0 0 1 1 1 1 1 0 1 0 1 1 0 1 1 1 1 1 0 0 0 1 0 1 1 1]",50
1017,4,gad7,9,PCA,RF,4,0.425,0.5855855855855856,17,48,11,35,"[0 0 1 0 0 0 1 0 0 0 0 0 0 0 1 0 0 1 0 0 0 0 1 0 0 0 0 0 0 0 0 1 0 0 0 0 1
 0 0 0 0 0 0 0 0 1 0 0 0 0 1 0 1 0 1 0 0 0 1 0 0 0 0 0 0 1 0 0 0 0 1 0 1 0
 0 0 0 0 1 1 0 1 0 1 0 0 0 1 1 0 0 1 0 0 0 1 0 0 0 1 0 0 1 0 1 0 1 0 0 1 0]",50
1018,4,gad7,9,PCA,LR,4,0.4318181818181818,0.5495495495495496,19,42,17,33,"[1 0 1 0 0 0 1 1 1 0 1 0 0 0 0 0 0 0 0 0 0 0 0 0 0 0 1 0 0 0 0 0 0 1 1 1 0
 1 0 0 0 0 0 1 0 1 0 1 1 0 0 0 0 0 0 0 0 0 1 1 0 0 0 0 0 1 1 0 0 0 1 0 1 0
 0 0 0 0 0 1 0 1 0 1 1 1 0 1 0 0 0 1 1 0 0 0 0 0 1 1 1 0 1 0 1 0 1 0 1 0 0]",50
1019,4,gad7,9,PCA,XG,4,0.3855421686746988,0.5405405405405406,16,44,15,36,"[0 0 1 0 0 0 1 1 0 0 0 0 0 0 1 0 0 1 0 0 0 0 1 0 0 0 0 0 0 0 0 1 0 0 1 0 1
 0 0 0 0 0 0 0 0 1 0 0 1 0 1 0 1 0 0 0 0 1 0 1 0 0 0 0 0 1 0 1 0 0 0 0 1 0
 0 0 0 0 1 1 0 0 0 1 0 0 0 1 1 0 0 0 0 0 0 1 0 0 1 1 0 1 1 0 0 1 1 0 0 1 0]",50
1020,4,gad7,9,PCA,SVC,1,0.19999999999999998,0.4954954954954955,7,48,11,45,"[0 0 0 0 0 0 0 0 1 1 0 0 0 0 0 0 0 0 0 0 0 0 0 0 0 0 0 0 0 0 0 0 0 0 1 1 0
 0 0 0 0 0 0 0 0 0 0 0 0 0 0 0 0 0 0 1 1 0 0 0 0 0 0 0 1 1 0 1 1 0 0 0 0 0
 0 0 0 0 1 0 0 1 0 0 0 0 0 0 0 0 1 0 0 0 0 0 1 1 0 0 0 0 0 0 0 0 1 1 1 0 0]",51
1021,4,gad7,9,PCA,kNN,1,0.4716981132075472,0.4954954954954955,25,30,29,27,"[0 0 0 0 0 0 0 1 1 0 1 0 1 0 1 0 1 0 1 0 1 1 0 0 0 0 0 0 0 0 1 0 1 0 1 0 0
 0 0 0 0 0 1 0 1 1 1 1 0 1 1 0 1 0 1 1 0 1 1 1 1 1 0 1 1 0 1 1 1 0 0 0 0 1
 1 0 1 0 0 1 0 1 1 0 1 1 0 0 0 0 1 0 0 0 0 1 1 1 1 1 0 1 0 1 1 1 1 1 1 1 0]",51
1022,4,gad7,9,PCA,RF,1,0.4897959183673469,0.5495495495495496,24,37,22,28,"[1 0 0 0 1 1 0 1 1 0 0 0 1 0 0 0 1 0 0 0 0 1 0 0 0 0 0 0 1 0 0 0 0 0 0 0 0
 0 1 0 1 0 1 0 1 1 0 0 0 1 1 1 0 0 1 1 0 1 1 1 1 1 0 0 0 1 0 1 1 1 1 0 0 1
 0 0 1 1 0 0 0 0 1 0 1 1 0 0 0 0 1 0 0 1 0 1 1 1 0 1 0 1 1 0 0 0 0 1 1 0 1]",51
1023,4,gad7,9,PCA,LR,1,0.36781609195402304,0.5045045045045045,16,40,19,36,"[0 0 1 1 0 0 1 1 0 1 1 0 0 1 0 1 0 0 0 0 1 1 0 0 0 0 0 0 0 0 1 0 0 0 0 0 0
 0 0 1 0 0 0 0 1 0 0 1 0 0 1 0 0 0 0 1 1 0 0 1 0 1 1 0 0 0 0 1 1 0 0 0 0 0
 0 0 1 0 0 0 1 0 0 1 0 1 0 0 1 0 1 1 1 0 0 0 1 1 0 1 0 0 0 0 0 0 0 0 1 0 1]",51
1024,4,gad7,9,PCA,XG,1,0.5,0.5495495495495496,25,36,23,27,"[1 0 0 0 1 1 0 0 1 0 0 0 1 0 0 0 1 0 0 0 1 0 0 0 0 0 0 0 1 0 1 0 0 0 1 0 0
 0 0 0 1 0 1 0 0 1 1 1 0 1 1 1 1 0 1 1 0 1 1 0 1 0 0 1 0 1 0 1 1 1 1 0 0 1
 0 0 0 1 1 1 0 1 1 0 1 1 0 0 0 0 1 0 0 1 0 1 1 1 0 0 0 1 1 0 1 0 0 1 1 0 0]",51
1025,4,gad7,9,PCA,SVC,2,0.4954128440366972,0.5045045045045045,27,29,30,25,"[1 1 0 1 1 1 0 0 1 1 0 1 0 0 1 0 1 0 0 0 0 0 0 1 1 0 1 0 1 0 0 1 0 1 1 1 1
 0 0 0 1 0 0 1 0 1 0 0 1 0 0 0 1 0 0 1 1 1 1 0 1 0 0 1 1 1 1 1 1 1 1 1 0 1
 0 1 0 1 1 1 0 1 0 0 0 0 0 0 1 1 1 0 0 1 1 1 1 1 0 0 1 0 0 0 0 1 1 1 1 0 0]",51
1026,4,gad7,9,PCA,kNN,2,0.46153846153846156,0.4954954954954955,24,31,28,28,"[0 0 0 0 0 1 0 1 1 0 0 1 0 0 1 1 0 1 0 1 1 1 0 0 1 0 1 0 1 0 1 0 0 1 0 0 0
 0 0 0 1 0 0 0 1 0 0 1 1 0 0 0 1 1 1 1 0 1 0 1 0 1 1 1 1 1 1 1 1 0 0 0 0 1
 1 1 1 0 1 1 0 1 0 0 1 1 0 0 0 0 1 0 0 1 0 1 1 1 0 1 0 0 0 1 0 0 1 0 1 0 1]",51
1027,4,gad7,9,PCA,RF,2,0.4693877551020408,0.5315315315315315,23,36,23,29,"[1 0 0 1 1 1 0 1 1 0 1 1 0 0 1 0 0 0 0 1 1 1 0 0 1 0 0 0 1 0 1 0 0 1 0 0 0
 0 0 0 1 0 0 0 1 0 0 1 0 0 0 0 1 0 1 1 0 1 0 1 0 1 0 0 1 1 1 1 1 1 0 0 0 1
 1 1 1 1 0 1 0 0 0 0 1 1 0 0 0 0 1 0 0 0 0 1 1 1 0 1 0 0 0 0 0 0 0 0 1 0 1]",51
1028,4,gad7,9,PCA,LR,2,0.5142857142857143,0.5405405405405406,27,33,26,25,"[0 1 1 1 1 1 1 1 1 0 1 1 0 1 0 1 1 0 0 0 1 1 0 1 0 0 0 0 0 0 1 0 0 1 0 0 1
 0 0 1 1 0 0 1 1 1 0 1 0 0 1 0 1 0 0 0 1 0 1 1 1 1 1 0 1 1 0 0 0 0 0 0 0 0
 0 1 1 1 1 0 1 0 0 1 0 1 0 0 1 1 1 1 1 0 1 0 0 0 0 1 1 0 0 0 0 1 0 0 1 0 1]",51
1029,4,gad7,9,PCA,XG,2,0.3870967741935483,0.4864864864864865,18,36,23,34,"[0 0 0 0 0 1 0 1 1 0 0 1 0 0 1 0 0 0 0 1 1 1 0 0 1 0 0 0 1 0 1 0 0 1 0 0 1
 0 0 0 1 0 0 0 1 0 0 1 0 0 0 0 1 0 1 1 0 1 0 1 1 1 1 0 1 1 0 1 1 1 0 0 0 1
 1 1 1 0 0 1 0 0 1 0 0 1 0 0 0 0 1 0 0 0 0 0 1 1 0 1 0 0 0 0 0 0 0 0 1 0 0]",51
1030,4,gad7,9,PCA,SVC,3,0.4842105263157894,0.5585585585585585,23,39,20,29,"[1 1 0 0 1 1 0 0 1 1 0 1 0 1 1 0 0 0 0 0 0 0 0 0 0 0 0 0 1 0 0 0 0 1 1 1 0
 0 0 0 1 0 0 1 0 1 0 0 0 0 0 0 1 0 0 1 1 0 1 0 0 0 0 0 1 1 1 1 1 1 1 0 0 0
 0 1 0 1 1 1 0 1 0 0 0 0 0 0 1 1 1 0 0 0 1 1 1 1 0 0 1 0 0 0 0 0 1 1 1 0 0]",51
1031,4,gad7,9,PCA,kNN,3,0.5504587155963302,0.5585585585585585,30,32,27,22,"[0 0 0 0 1 1 1 1 0 0 0 1 1 0 1 1 0 1 0 1 1 1 0 0 1 0 1 0 0 0 1 1 0 1 0 1 0
 0 0 1 0 1 0 0 1 0 0 1 0 1 0 0 1 1 1 1 0 1 1 1 0 1 1 1 1 0 0 1 1 0 1 0 0 0
 0 1 1 1 0 1 1 0 0 1 0 1 0 0 0 0 1 0 1 0 0 1 1 1 0 1 1 0 1 1 0 1 0 0 1 1 1]",51
1032,4,gad7,9,PCA,RF,3,0.4313725490196078,0.4774774774774775,22,31,28,30,"[0 0 0 1 1 1 0 1 1 1 0 1 0 0 1 1 0 0 0 1 1 1 0 0 1 0 1 0 1 0 1 0 0 0 0 1 0
 0 0 0 1 0 0 0 1 0 0 1 0 0 0 0 1 0 1 1 0 1 0 1 1 1 0 0 1 1 0 1 1 1 0 0 0 0
 1 1 1 1 1 1 1 0 0 0 1 1 0 0 0 0 1 0 0 0 0 1 0 1 0 1 1 0 0 1 0 0 0 0 1 1 1]",51
1033,4,gad7,9,PCA,LR,3,0.49090909090909085,0.4954954954954955,27,28,31,25,"[1 1 0 1 1 1 1 1 0 0 0 1 0 1 0 0 1 0 0 0 1 1 0 1 0 0 0 0 0 0 1 0 0 1 0 0 1
 0 0 1 1 0 0 1 1 1 0 0 0 0 0 0 1 0 0 1 1 0 1 1 1 1 1 0 1 1 1 0 1 0 1 0 0 1
 0 1 1 1 1 0 1 1 0 1 0 1 0 0 1 1 1 0 1 1 1 0 1 1 0 1 1 0 0 0 0 1 1 1 1 0 1]",51
1034,4,gad7,9,PCA,XG,3,0.37777777777777777,0.4954954954954955,17,38,21,35,"[0 0 0 1 1 1 0 0 1 1 0 1 0 0 1 1 0 0 0 1 1 0 0 0 1 0 1 0 1 0 1 0 0 1 0 1 0
 0 0 0 1 0 0 0 0 0 0 1 0 1 0 0 1 0 1 1 0 1 0 0 1 0 0 0 0 1 0 1 1 1 0 0 0 0
 1 1 0 0 0 1 0 0 0 0 0 1 0 0 0 0 1 0 0 0 0 0 0 1 0 0 1 0 0 1 0 0 0 0 1 1 0]",51
1035,4,gad7,9,PCA,SVC,4,0.3870967741935483,0.4864864864864865,18,36,23,34,"[1 1 0 1 1 1 0 0 1 1 0 1 0 0 0 0 0 0 0 0 0 0 0 1 1 0 0 0 0 0 0 0 0 1 0 0 1
 0 0 0 1 0 1 0 0 0 0 0 0 0 0 0 1 0 0 1 1 1 0 0 1 0 0 1 1 1 0 1 1 0 0 0 0 0
 0 1 0 1 1 1 0 0 0 0 0 0 1 0 1 1 1 0 0 0 1 0 1 1 0 0 1 1 0 0 0 1 1 1 1 0 0]",51
1036,4,gad7,9,PCA,kNN,4,0.5405405405405405,0.5405405405405406,30,30,29,22,"[0 0 0 0 0 0 1 1 1 0 0 0 1 0 0 1 0 0 1 1 1 1 0 0 1 1 1 0 0 0 1 0 1 0 0 0 1
 1 0 1 0 0 1 0 1 0 0 1 1 1 0 1 1 1 0 0 1 1 1 1 0 1 1 1 1 0 0 1 0 0 1 0 0 0
 1 1 1 1 1 1 1 0 1 1 0 1 1 0 1 0 1 0 1 1 0 1 0 1 0 1 1 1 0 1 0 0 1 0 1 0 1]",51
1037,4,gad7,9,PCA,RF,4,0.4583333333333333,0.5315315315315315,22,37,22,30,"[0 0 0 1 0 0 0 1 1 1 0 0 0 0 1 0 0 0 1 1 1 1 0 0 1 0 1 0 0 1 1 0 0 0 0 1 0
 0 0 0 1 0 0 0 1 1 0 1 0 1 0 0 1 0 0 1 0 1 0 1 0 1 1 1 1 1 0 1 1 0 0 0 0 0
 1 1 1 0 0 1 0 0 0 0 0 1 0 1 0 0 1 0 0 0 0 1 0 1 0 1 1 0 0 0 0 0 0 0 1 1 1]",51
1038,4,gad7,9,PCA,LR,4,0.4912280701754386,0.4774774774774775,28,25,34,24,"[1 1 0 1 1 1 1 1 0 1 0 1 0 1 0 1 1 0 0 0 1 1 0 1 0 0 0 0 0 0 1 0 0 1 1 0 1
 0 0 1 1 0 0 1 1 1 0 1 0 0 0 0 1 0 0 1 1 0 1 1 1 1 1 0 1 1 1 0 1 0 1 0 0 1
 0 1 1 1 1 0 1 1 0 1 0 1 0 0 1 1 1 0 1 1 1 0 1 1 0 1 1 0 0 0 0 1 1 1 1 0 1]",51
1039,4,gad7,9,PCA,XG,4,0.38636363636363635,0.5135135135135135,17,40,19,35,"[0 0 0 1 1 0 0 0 1 1 0 0 0 0 1 0 0 0 0 1 1 0 0 0 1 0 1 1 1 0 1 0 0 0 0 1 0
 0 0 0 1 0 0 0 0 0 0 1 0 1 0 0 1 0 0 1 0 1 0 0 0 0 1 0 1 1 0 1 1 0 0 0 0 0
 1 1 0 0 0 1 1 0 0 1 0 1 0 1 0 0 1 0 0 0 0 0 0 1 0 0 0 1 0 0 0 0 0 0 1 1 0]",51
1040,4,gad7,9,PCA,SVC,1,0.5179856115107914,0.3963963963963964,36,8,51,16,"[1 1 1 1 0 1 1 1 0 1 0 0 1 0 1 1 1 1 1 1 1 1 1 1 1 1 1 1 1 0 1 1 1 1 0 0 1
 1 1 1 1 0 1 1 1 1 1 1 1 1 1 1 1 0 0 1 1 1 0 1 1 1 0 0 1 0 1 1 1 1 1 1 1 1
 1 1 1 1 1 1 1 0 1 0 1 0 1 0 1 1 1 1 0 1 1 1 1 1 1 0 1 1 1 1 1 0 0 1 1 1 0]",52
1041,4,gad7,9,PCA,kNN,1,0.4158415841584159,0.46846846846846846,21,31,28,31,"[0 0 1 1 0 0 1 0 0 0 0 0 1 0 0 1 1 0 0 1 0 1 1 0 1 1 1 0 1 1 0 1 0 1 0 1 1
 0 0 0 0 0 0 0 0 0 0 1 0 0 0 0 0 0 1 0 1 1 0 1 0 1 1 1 0 0 1 0 1 0 1 1 1 0
 0 0 1 0 1 0 1 0 0 1 1 0 1 0 1 0 0 1 0 1 1 1 1 1 0 0 0 0 1 1 1 1 0 0 1 0 0]",52
1042,4,gad7,9,PCA,RF,1,0.3578947368421052,0.45045045045045046,17,33,26,35,"[0 0 1 1 0 0 0 0 0 0 0 0 1 0 0 0 1 0 0 0 0 1 1 1 1 0 1 0 0 0 0 0 1 1 0 1 1
 0 0 1 1 0 0 0 0 1 0 0 0 0 0 0 1 0 0 0 1 0 1 1 0 0 1 1 0 1 0 0 1 0 0 1 1 0
 0 0 0 0 1 0 1 0 0 1 1 0 1 0 1 0 1 0 0 1 1 1 1 1 0 0 0 0 0 1 0 0 1 1 1 0 1]",52
1043,4,gad7,9,PCA,LR,1,0.5074626865671641,0.40540540540540543,34,11,48,18,"[1 1 1 1 0 1 1 1 0 1 0 0 1 0 1 1 1 1 1 1 1 1 1 1 0 1 1 1 1 0 1 1 1 1 0 0 1
 1 1 1 1 0 0 1 1 1 1 1 1 1 1 1 1 0 0 1 0 1 0 1 1 1 0 0 1 0 1 1 1 1 1 1 0 1
 1 1 1 1 1 1 1 0 1 0 0 0 1 0 1 1 1 1 0 1 1 1 1 1 1 0 1 1 1 1 1 0 0 1 1 1 0]",52
1044,4,gad7,9,PCA,XG,1,0.37894736842105264,0.46846846846846846,18,34,25,34,"[0 0 1 1 0 0 1 0 0 0 0 0 1 0 0 0 1 0 0 0 0 1 1 1 1 0 1 0 0 0 0 1 1 1 0 1 1
 0 0 1 1 0 0 0 0 1 0 0 0 0 0 0 1 0 0 0 1 1 1 1 0 0 0 1 0 1 0 0 1 0 1 1 1 0
 0 0 0 0 1 0 1 0 0 1 0 0 1 0 1 0 1 0 0 1 1 1 1 1 0 0 0 0 0 1 0 0 0 1 1 0 0]",52
1045,4,gad7,9,PCA,SVC,2,0.345679012345679,0.5225225225225225,14,44,15,38,"[0 0 1 1 0 0 1 1 0 1 0 0 0 0 0 0 0 1 0 0 1 0 1 0 0 0 0 0 0 0 0 0 0 1 0 0 0
 0 0 0 0 0 1 0 0 0 0 1 0 1 0 0 1 0 0 0 0 1 0 1 0 0 0 0 0 0 1 0 1 0 1 1 0 1
 0 0 0 0 0 0 1 0 1 0 1 0 1 0 0 0 0 0 0 0 0 0 0 1 1 0 0 0 0 0 1 0 0 1 1 0 0]",52
1046,4,gad7,9,PCA,kNN,2,0.4946236559139785,0.5765765765765766,23,41,18,29,"[1 1 1 0 0 0 1 0 0 0 1 0 0 0 0 0 1 0 0 0 1 0 0 1 0 0 1 0 1 1 0 0 0 1 0 0 0
 0 1 1 1 0 1 0 0 1 1 1 0 0 1 0 0 0 1 0 0 1 0 0 0 0 1 0 0 0 0 0 0 1 1 1 1 1
 0 0 1 0 0 0 1 0 1 0 0 0 1 0 1 0 0 0 0 0 0 0 0 0 1 1 0 0 0 0 1 1 1 0 1 1 1]",52
1047,4,gad7,9,PCA,RF,2,0.36585365853658536,0.5315315315315315,15,44,15,37,"[0 0 1 0 0 0 1 0 0 0 0 0 0 0 1 0 0 1 0 0 1 0 0 1 0 0 1 0 0 1 0 0 0 0 0 1 0
 0 0 1 1 0 1 0 0 1 0 0 0 0 0 1 0 0 1 0 0 0 1 0 0 0 0 1 0 0 0 0 0 1 1 1 1 0
 0 0 0 0 0 0 1 0 1 1 1 0 1 0 0 0 0 0 0 0 1 0 0 0 1 0 0 0 0 0 1 1 0 0 0 0 0]",52
1048,4,gad7,9,PCA,LR,2,0.3855421686746988,0.5405405405405406,16,44,15,36,"[0 0 1 1 0 0 1 1 0 1 0 0 0 0 0 0 0 1 0 0 1 0 1 0 0 0 0 0 0 0 0 0 0 1 0 0 0
 0 0 0 0 0 1 0 0 0 0 1 0 1 0 0 1 0 0 0 0 1 0 1 0 0 0 0 0 0 1 0 1 0 1 1 0 1
 0 0 0 0 0 0 1 0 1 0 1 1 1 0 1 0 0 0 0 0 0 0 0 1 1 0 0 0 0 0 1 0 0 1 1 0 0]",52
1049,4,gad7,9,PCA,XG,2,0.4285714285714286,0.5675675675675675,18,45,14,34,"[0 0 1 0 0 0 1 0 0 0 0 0 1 0 0 0 0 0 0 0 1 1 0 0 0 0 1 0 0 1 0 0 1 1 0 0 0
 0 0 1 1 0 1 0 0 1 0 0 0 0 1 1 0 0 1 0 1 0 1 0 0 0 0 1 0 0 0 0 0 0 1 1 1 0
 0 0 1 0 0 0 1 0 0 1 1 0 1 0 1 0 0 0 0 1 1 0 0 0 1 0 0 0 0 0 1 0 0 0 0 0 0]",52
1050,4,gad7,9,PCA,SVC,3,0.36144578313253006,0.5225225225225225,15,43,16,37,"[0 0 1 1 0 0 1 1 0 1 0 0 0 0 0 0 0 1 0 0 1 0 1 0 0 0 0 0 0 0 0 0 0 1 0 0 0
 0 0 0 1 0 1 0 0 0 0 1 0 1 0 0 1 0 0 0 0 1 0 1 0 0 0 0 0 0 1 0 1 0 1 1 0 1
 0 0 0 0 0 0 1 0 1 0 1 0 1 0 1 0 0 0 0 0 0 0 0 1 1 0 0 0 0 0 1 0 0 1 1 0 0]",52
1051,4,gad7,9,PCA,kNN,3,0.5825242718446602,0.6126126126126126,30,38,21,22,"[1 1 1 1 1 1 1 1 0 0 1 0 0 1 1 0 1 1 0 0 1 1 0 1 0 0 1 0 0 1 0 0 0 1 0 0 0
 0 0 0 1 1 1 0 0 1 0 0 0 1 1 0 0 1 1 0 1 1 0 0 0 0 1 1 0 0 1 0 0 1 1 0 1 0
 0 0 0 0 0 0 1 1 0 0 1 0 1 0 1 1 1 0 1 0 1 0 0 0 1 0 0 0 0 0 1 1 1 1 1 0 1]",52
1052,4,gad7,9,PCA,RF,3,0.4318181818181818,0.5495495495495496,19,42,17,33,"[1 0 1 1 0 0 1 1 0 0 0 0 0 0 1 0 0 1 0 0 0 1 0 1 0 0 1 0 0 1 0 0 0 1 0 0 0
 0 0 1 1 0 1 0 0 1 0 0 0 1 0 0 0 0 1 0 1 1 1 0 0 0 0 1 0 0 0 0 0 1 1 1 1 0
 0 0 0 0 0 0 1 0 0 0 1 0 1 0 1 0 0 0 0 0 1 0 0 0 1 0 0 0 0 0 1 1 0 1 1 0 0]",52
1053,4,gad7,9,PCA,LR,3,0.3855421686746988,0.5405405405405406,16,44,15,36,"[0 0 1 1 0 0 1 1 0 1 0 0 0 0 0 0 0 1 0 0 1 0 1 0 0 0 0 0 0 0 0 0 0 1 0 0 0
 0 0 0 0 0 1 0 0 0 0 1 0 1 0 0 1 0 0 0 0 1 0 1 0 0 0 0 0 0 1 0 1 0 1 1 0 1
 0 0 0 0 0 0 1 0 1 0 1 1 1 0 1 0 0 0 0 0 0 0 0 1 1 0 0 0 0 0 1 0 0 1 1 0 0]",52
1054,4,gad7,9,PCA,XG,3,0.5,0.6036036036036037,22,45,14,30,"[1 0 1 1 0 1 1 0 0 0 0 0 0 0 1 0 0 0 0 0 1 0 0 1 0 0 1 0 0 1 0 0 0 1 0 0 1
 0 0 1 1 0 1 0 0 1 0 0 0 1 1 0 0 0 1 0 1 1 1 0 0 0 0 1 0 0 0 0 0 1 1 0 1 0
 0 0 0 0 0 0 0 0 0 0 1 0 1 0 1 0 1 0 0 0 1 0 1 0 1 0 0 0 0 0 1 1 0 1 0 0 0]",52
1055,4,gad7,9,PCA,SVC,4,0.3414634146341463,0.5135135135135135,14,43,16,38,"[0 0 1 1 0 0 1 1 0 1 0 0 0 0 0 0 0 1 0 0 1 0 1 0 0 0 0 0 0 0 0 0 0 1 0 0 0
 0 0 0 1 0 1 0 0 0 0 1 0 1 0 0 1 0 0 0 0 1 0 1 0 0 0 0 0 0 1 0 1 0 1 1 0 1
 0 0 0 0 0 0 1 0 1 0 1 0 1 0 0 0 0 0 0 0 0 0 0 1 1 0 0 0 0 0 1 0 0 1 1 0 0]",52
1056,4,gad7,9,PCA,kNN,4,0.5294117647058824,0.5675675675675675,27,36,23,25,"[1 1 0 1 1 0 1 1 0 0 0 0 1 1 0 0 1 1 0 0 1 0 0 1 1 1 0 0 0 1 0 0 0 1 0 0 0
 0 0 0 1 0 1 0 0 0 0 1 0 1 1 0 0 1 1 1 1 1 0 1 0 0 1 1 1 0 1 1 1 1 1 0 1 0
 0 0 0 0 0 0 1 1 0 0 1 0 1 0 0 0 0 0 1 0 1 1 0 0 1 0 0 1 0 0 1 1 0 1 1 1 0]",52
1057,4,gad7,9,PCA,RF,4,0.41975308641975306,0.5765765765765766,17,47,12,35,"[1 0 0 1 0 0 1 0 0 0 0 0 0 0 0 0 0 0 0 0 1 0 0 0 1 0 1 0 0 1 0 0 0 1 0 1 0
 0 0 0 1 0 1 0 0 0 0 0 0 1 0 0 0 0 1 0 0 0 1 0 0 0 0 1 0 0 0 0 0 1 1 1 1 0
 0 0 0 0 0 0 1 0 0 1 1 0 1 0 1 0 0 0 0 0 1 0 0 0 1 0 0 0 0 0 1 0 0 1 1 0 0]",52
1058,4,gad7,9,PCA,LR,4,0.36781609195402304,0.5045045045045045,16,40,19,36,"[0 0 1 1 0 0 1 1 0 1 0 0 0 0 0 0 0 1 0 0 1 0 1 0 1 0 0 0 0 0 0 1 0 1 0 0 0
 0 0 0 0 0 1 0 0 0 0 1 0 1 0 0 1 0 0 0 0 1 0 1 0 1 0 0 0 0 1 0 1 0 1 1 0 1
 0 0 0 0 0 0 1 0 1 0 1 1 1 0 1 0 0 0 0 0 0 0 0 1 1 0 0 0 1 0 1 0 0 1 1 0 0]",52
1059,4,gad7,9,PCA,XG,4,0.41860465116279066,0.5495495495495496,18,43,16,34,"[1 0 1 1 0 0 1 0 0 0 1 0 1 0 0 0 0 0 0 0 1 0 0 1 1 0 1 0 0 1 0 0 0 1 0 0 0
 0 0 0 1 0 1 0 0 1 0 0 0 1 1 1 0 0 1 0 1 0 1 0 0 0 0 1 0 0 0 0 0 1 1 0 1 0
 0 0 0 0 0 0 1 0 0 1 1 0 1 0 0 0 1 0 0 0 0 0 1 0 1 0 0 0 0 0 1 0 0 1 0 0 0]",52
1060,4,gad7,9,PCA,SVC,1,0.5441176470588236,0.44144144144144143,37,12,47,15,"[1 1 1 1 0 0 1 0 0 1 1 1 1 1 0 1 1 1 1 1 1 1 1 1 1 0 1 0 1 1 1 1 1 1 1 1 1
 1 1 0 1 1 0 0 1 1 1 1 1 1 1 1 0 1 0 1 0 1 1 0 1 1 1 0 1 0 1 1 1 1 1 1 1 1
 1 0 1 1 0 0 0 0 1 1 1 1 1 0 1 1 1 0 1 1 0 1 0 1 1 1 1 0 1 1 1 1 0 1 1 1 1]",53
1061,4,gad7,9,PCA,kNN,1,0.3595505617977528,0.4864864864864865,16,38,21,36,"[0 0 1 0 1 0 1 0 0 1 0 1 0 0 1 0 0 0 0 0 1 1 0 0 0 0 0 0 1 0 1 1 0 0 1 0 0
 1 0 0 0 0 0 1 0 0 0 0 1 0 1 0 0 0 0 0 1 0 0 0 1 0 0 0 1 0 0 0 0 0 1 0 1 1
 0 1 1 1 1 0 0 0 0 0 0 0 1 0 1 0 0 0 0 0 0 1 1 1 0 1 1 0 0 1 0 1 0 0 0 1 1]",53
1062,4,gad7,9,PCA,RF,1,0.3636363636363637,0.4954954954954955,16,39,20,36,"[0 0 1 1 0 0 1 1 0 0 0 0 0 0 0 0 0 0 0 0 1 1 1 0 0 0 0 0 0 0 0 1 0 1 1 0 0
 0 0 0 0 0 0 1 1 0 0 0 1 0 0 0 0 1 1 1 1 0 0 0 0 1 0 0 1 0 1 0 1 1 1 0 1 0
 0 1 1 1 0 0 0 0 0 0 0 0 1 1 1 0 0 0 0 0 0 1 1 0 1 0 1 0 0 0 0 0 1 1 0 0 0]",53
1063,4,gad7,9,PCA,LR,1,0.275,0.4774774774774775,11,42,17,41,"[0 0 1 0 0 0 1 0 0 1 0 0 0 0 0 0 1 0 0 0 0 1 0 0 0 0 0 1 0 0 0 0 0 0 1 1 0
 0 0 0 1 0 0 0 0 0 0 0 1 0 0 0 0 0 0 0 0 0 0 1 1 0 0 0 1 0 1 1 1 0 1 0 0 1
 0 0 0 0 0 0 1 1 0 0 0 0 1 0 0 0 0 1 0 1 1 0 0 1 0 0 0 1 0 1 0 0 0 0 0 0 1]",53
1064,4,gad7,9,PCA,XG,1,0.2891566265060241,0.46846846846846846,12,40,19,40,"[0 0 1 1 0 0 1 0 0 1 0 0 0 0 0 0 0 0 0 0 1 1 0 0 0 0 0 0 0 0 0 1 0 0 1 0 0
 0 0 0 0 0 0 1 1 0 0 0 1 0 1 0 0 0 0 1 1 0 0 0 0 0 0 0 1 0 1 0 1 1 1 0 1 0
 0 1 1 1 0 0 0 0 0 0 0 0 1 0 1 0 0 0 0 0 0 1 1 0 0 0 1 0 0 1 0 0 0 1 0 0 1]",53
1065,4,gad7,9,PCA,SVC,2,0.5098039215686274,0.5495495495495496,26,35,24,26,"[1 1 1 1 1 0 0 1 1 1 0 0 0 1 0 0 0 1 1 1 1 1 1 1 0 1 0 0 0 0 1 1 0 0 1 0 0
 1 0 1 1 1 0 0 0 0 0 0 0 1 0 1 1 1 0 0 1 1 1 0 0 0 1 1 1 0 1 0 1 0 1 1 0 0
 0 0 0 0 1 0 0 0 1 0 0 0 0 0 1 0 0 0 1 0 0 1 0 1 1 0 0 0 1 0 0 1 0 0 1 1 1]",53
1066,4,gad7,9,PCA,kNN,2,0.43999999999999995,0.4954954954954955,22,33,26,30,"[1 0 1 1 1 0 1 0 1 0 0 0 1 0 0 1 1 1 0 0 1 1 0 0 0 0 0 0 1 0 0 0 1 0 1 0 1
 0 0 1 1 0 0 0 0 0 0 0 1 1 1 0 1 0 0 1 1 0 0 0 0 1 0 1 0 0 0 1 1 0 1 0 1 1
 1 0 0 1 1 0 0 0 0 0 0 1 1 0 0 1 1 0 1 1 0 1 0 1 0 0 1 0 1 1 0 1 0 0 1 1 0]",53
1067,4,gad7,9,PCA,RF,2,0.3529411764705882,0.5045045045045045,15,41,18,37,"[0 1 1 1 0 0 1 0 0 0 0 0 0 0 1 0 0 0 0 0 1 1 1 0 0 0 0 0 1 0 0 0 1 0 1 1 0
 0 0 1 1 0 0 1 0 0 0 0 1 1 0 0 1 0 0 0 0 0 0 0 1 1 0 0 0 0 0 1 1 0 1 0 0 0
 0 0 0 1 1 0 0 0 0 0 0 0 1 0 0 0 0 0 0 0 0 1 1 1 0 0 1 0 0 1 0 0 0 0 1 1 0]",53
1068,4,gad7,9,PCA,LR,2,0.5454545454545454,0.5945945945945946,27,39,20,25,"[0 1 1 1 1 0 1 1 1 0 0 0 0 1 0 0 1 0 1 1 0 0 1 0 0 1 0 1 0 0 0 1 0 0 1 1 0
 1 0 1 1 0 0 0 0 0 0 0 0 1 0 0 1 1 0 0 1 1 0 1 1 0 0 1 0 0 0 1 1 0 0 0 0 1
 0 0 0 0 1 0 1 1 1 0 0 0 1 0 1 0 0 1 1 1 1 0 0 1 1 0 0 1 1 0 0 0 0 0 1 1 0]",53
1069,4,gad7,9,PCA,XG,2,0.34782608695652173,0.4594594594594595,16,35,24,36,"[0 1 1 1 0 0 1 0 0 0 0 0 0 0 1 0 0 0 0 0 1 1 0 0 0 0 0 0 1 0 0 0 1 1 1 1 0
 0 0 1 1 0 0 1 0 0 0 0 1 1 1 0 1 0 0 0 0 0 0 0 1 1 0 1 1 0 0 0 1 0 1 0 1 0
 0 0 0 1 1 0 0 0 0 0 1 0 1 0 0 0 1 0 0 0 0 1 1 1 0 0 1 0 1 1 0 0 0 1 1 1 0]",53
1070,4,gad7,9,PCA,SVC,3,0.5420560747663552,0.5585585585585585,29,33,26,23,"[1 1 1 1 1 0 1 1 1 1 0 0 0 1 0 0 1 1 1 1 0 1 1 0 0 1 0 0 0 0 1 1 0 0 1 0 0
 1 0 1 1 1 0 0 0 0 0 0 1 1 0 0 1 1 1 0 1 1 1 0 1 0 1 1 1 0 1 1 1 0 1 1 0 1
 0 0 0 0 1 0 0 0 1 0 0 0 0 1 1 0 0 0 1 0 0 0 0 1 1 0 0 0 1 1 0 1 0 0 1 1 1]",53
1071,4,gad7,9,PCA,kNN,3,0.5,0.5135135135135135,27,30,29,25,"[0 1 1 1 0 1 0 0 1 0 0 0 0 1 0 0 1 0 0 0 1 1 1 0 1 0 0 0 1 1 0 1 1 0 0 1 1
 1 1 1 1 1 0 0 1 0 0 0 1 1 1 1 0 1 0 1 1 0 0 0 0 1 0 1 1 0 0 0 1 0 0 0 0 1
 1 0 1 1 1 0 0 0 0 1 1 1 1 0 1 1 1 0 1 1 0 0 0 1 0 0 1 0 1 1 0 1 0 1 1 1 0]",53
1072,4,gad7,9,PCA,RF,3,0.4444444444444444,0.5495495495495496,20,41,18,32,"[0 1 1 0 0 1 1 1 0 1 0 0 0 0 1 0 0 0 0 0 1 1 1 0 0 0 0 0 1 0 0 0 0 0 1 0 0
 1 0 1 1 0 0 1 0 0 0 0 1 1 0 0 0 0 0 1 0 0 0 0 1 1 0 1 1 0 0 0 1 0 0 0 0 0
 1 0 0 1 1 0 0 0 0 0 1 0 1 0 0 0 0 0 1 1 0 0 1 1 0 0 1 0 0 1 0 1 0 0 1 1 0]",53
1073,4,gad7,9,PCA,LR,3,0.47826086956521735,0.5675675675675675,22,41,18,30,"[1 1 1 1 1 0 0 0 1 0 0 0 0 1 0 0 0 1 1 1 0 1 1 0 0 0 0 0 0 0 0 1 0 0 1 0 0
 1 0 1 1 1 0 0 0 0 0 0 0 1 0 0 1 1 0 0 1 1 1 0 0 0 0 1 0 0 0 0 1 0 1 1 0 0
 0 0 0 0 1 0 0 0 1 0 0 0 0 0 1 0 0 0 1 0 1 0 0 1 1 0 0 0 1 0 0 1 0 0 1 1 1]",53
1074,4,gad7,9,PCA,XG,3,0.4123711340206186,0.4864864864864865,20,34,25,32,"[0 0 1 0 0 1 1 0 0 1 0 0 0 0 1 0 1 0 0 0 1 1 0 1 1 0 0 0 1 0 0 0 1 0 1 1 0
 1 0 1 1 0 0 1 0 0 0 0 1 1 0 1 0 0 0 1 0 0 0 0 1 1 1 1 1 0 1 0 1 0 0 0 0 0
 1 0 0 1 0 0 0 0 0 1 0 1 1 0 0 0 0 0 1 1 0 0 1 1 0 0 1 0 0 1 1 1 0 1 0 1 1]",53
1075,4,gad7,9,PCA,SVC,4,0.5535714285714286,0.5495495495495496,31,30,29,21,"[1 1 1 1 1 0 1 1 1 1 0 0 0 1 0 0 1 1 1 1 1 1 1 0 0 1 0 0 1 0 0 1 0 0 1 1 0
 1 0 1 1 1 0 0 0 0 0 0 1 1 0 1 1 1 1 0 1 1 0 0 1 0 0 1 1 0 1 1 1 0 1 1 0 1
 0 0 0 0 1 0 0 0 1 0 0 1 1 1 1 0 0 0 1 1 0 1 0 1 1 0 0 0 1 1 0 1 0 0 1 1 1]",53
1076,4,gad7,9,PCA,kNN,4,0.49523809523809526,0.5225225225225225,26,32,27,26,"[0 1 1 0 1 1 0 1 1 1 0 1 0 1 0 0 1 0 0 0 1 0 1 1 1 1 1 0 1 0 0 0 1 0 0 0 1
 1 0 1 1 0 0 0 0 0 0 0 1 1 1 0 0 1 0 0 1 0 0 0 1 0 0 1 1 0 1 1 1 1 0 0 0 1
 1 0 0 0 1 0 0 0 0 1 1 0 1 0 0 1 0 0 1 1 0 1 0 1 0 1 0 0 1 1 1 1 0 0 1 1 1]",53
1077,4,gad7,9,PCA,RF,4,0.45999999999999996,0.5135135135135135,23,34,25,29,"[0 0 1 1 1 1 0 1 0 1 0 1 0 0 0 0 1 0 0 0 1 1 0 1 0 0 0 0 1 0 0 0 0 0 1 1 1
 1 0 1 1 0 0 1 0 0 0 0 1 1 1 0 0 0 0 0 1 0 0 0 1 1 1 0 1 0 1 0 1 1 0 0 0 0
 1 0 1 1 0 0 0 0 0 1 1 0 1 0 0 0 0 0 0 1 0 0 1 1 0 1 1 0 0 1 1 1 0 1 1 1 1]",53
1078,4,gad7,9,PCA,LR,4,0.5510204081632654,0.6036036036036037,27,40,19,25,"[1 1 1 1 1 0 1 0 1 0 0 0 0 1 0 1 1 1 1 1 0 1 1 0 0 1 0 0 0 0 1 1 0 0 1 1 0
 1 0 0 1 1 0 0 0 0 0 0 0 1 0 0 1 1 0 0 1 1 1 0 1 0 0 1 0 0 0 0 1 0 0 1 0 1
 0 0 0 0 1 0 0 0 1 0 0 0 1 0 1 0 0 0 1 0 1 0 0 1 1 0 0 0 1 0 0 1 0 0 1 1 0]",53
1079,4,gad7,9,PCA,XG,4,0.4536082474226804,0.5225225225225225,22,36,23,30,"[0 0 1 0 0 1 1 1 0 1 0 1 0 0 1 0 1 0 0 0 1 1 0 1 1 0 0 0 1 0 0 0 1 0 1 1 1
 1 0 1 1 0 0 1 0 0 0 0 1 1 0 1 0 0 0 1 0 0 0 0 1 1 1 1 1 0 1 0 1 0 0 0 0 0
 1 0 0 1 0 0 0 0 0 0 0 1 1 0 0 0 0 0 1 1 0 0 1 1 0 1 1 0 0 1 0 1 0 0 0 0 1]",53
1080,4,gad7,9,PCA,SVC,1,0.4444444444444444,0.5495495495495496,20,41,18,32,"[0 1 1 1 0 0 1 1 1 0 0 1 1 0 1 0 1 0 0 0 0 0 0 0 1 1 0 0 0 0 0 1 1 1 0 0 0
 1 0 1 0 0 1 0 0 1 0 0 1 0 0 0 1 1 1 0 0 1 0 0 0 1 1 0 1 1 1 1 0 0 0 0 1 0
 1 1 0 0 0 0 0 0 0 0 0 0 1 0 0 0 0 1 1 1 1 0 0 0 0 0 0 0 0 0 0 0 0 0 0 0 0]",54
1081,4,gad7,9,PCA,kNN,1,0.4123711340206186,0.4864864864864865,20,34,25,32,"[0 1 1 0 0 0 1 1 0 1 0 0 0 0 0 1 1 0 0 0 0 0 1 1 1 1 1 0 0 0 0 0 0 1 0 0 1
 1 0 1 0 0 0 1 0 0 1 0 0 1 1 0 0 1 0 1 0 0 1 0 0 0 0 1 1 1 1 1 1 1 1 1 1 0
 1 0 1 0 0 0 1 0 1 0 0 0 0 0 0 0 0 1 1 1 1 0 0 0 0 1 0 1 0 0 0 0 0 1 1 0 0]",54
1082,4,gad7,9,PCA,RF,1,0.36781609195402304,0.5045045045045045,16,40,19,36,"[0 0 0 0 0 0 1 0 1 0 0 0 0 0 0 0 0 0 0 0 0 1 1 1 1 1 1 0 1 0 0 1 0 0 0 0 0
 1 0 1 1 0 1 1 0 0 0 0 0 1 1 0 0 0 0 1 0 0 0 0 0 0 0 1 1 1 0 1 1 1 1 0 0 1
 1 0 1 0 0 0 0 0 1 0 0 0 1 0 0 0 0 0 1 0 1 0 0 0 0 0 0 1 0 0 0 0 0 1 1 0 0]",54
1083,4,gad7,9,PCA,LR,1,0.3414634146341463,0.5135135135135135,14,43,16,38,"[0 1 0 1 0 0 1 1 0 0 0 1 0 0 0 0 1 0 0 0 0 0 0 0 1 1 0 0 0 0 0 1 1 1 0 0 0
 1 0 1 0 0 0 0 0 0 0 0 1 0 0 0 0 1 1 0 0 1 0 0 0 1 1 0 1 1 1 1 0 0 0 0 1 0
 1 0 0 0 0 0 0 0 0 0 0 0 1 0 0 0 0 1 1 1 1 0 0 0 0 0 0 0 0 0 0 0 0 0 0 0 0]",54
1084,4,gad7,9,PCA,XG,1,0.3448275862068965,0.4864864864864865,15,39,20,37,"[0 1 0 0 0 0 1 0 0 0 0 0 0 0 0 0 0 0 0 0 0 0 1 1 1 1 0 0 1 0 0 1 0 0 0 0 0
 1 0 1 1 0 0 1 0 0 0 0 0 1 1 0 0 0 0 1 0 0 0 0 0 0 0 1 1 1 1 1 1 1 1 0 1 1
 1 0 1 0 0 0 1 0 1 0 0 0 0 0 0 0 0 1 1 0 1 0 0 0 0 0 0 1 0 0 0 0 0 1 1 0 0]",54
1085,4,gad7,9,PCA,SVC,2,0.509433962264151,0.5315315315315315,27,32,27,25,"[0 0 1 1 1 0 1 1 1 1 1 1 1 0 1 1 1 1 1 0 1 0 0 0 0 0 0 0 0 0 0 1 0 1 0 1 0
 1 1 1 0 1 1 0 0 1 1 0 1 0 1 0 1 1 1 0 0 0 0 0 0 1 1 0 1 1 0 0 0 0 1 0 0 1
 1 0 0 0 1 0 0 0 1 0 1 0 1 1 0 0 0 1 1 1 1 1 0 0 1 0 0 0 1 0 0 0 1 1 1 0 1]",54
1086,4,gad7,9,PCA,kNN,2,0.42000000000000004,0.4774774774774775,21,32,27,31,"[0 1 1 0 1 0 1 0 1 1 0 1 0 1 0 0 1 1 0 0 0 0 0 1 1 0 1 0 0 1 1 0 0 0 1 0 0
 0 0 1 1 1 1 0 0 0 1 0 1 0 1 0 1 1 1 0 0 0 0 0 0 0 1 1 1 1 1 0 0 1 0 1 1 1
 0 0 0 0 1 0 0 0 1 0 1 0 0 1 1 1 0 1 0 1 1 0 1 0 0 0 0 0 0 0 0 0 0 1 1 0 1]",54
1087,4,gad7,9,PCA,RF,2,0.3023255813953488,0.4594594594594595,13,38,21,39,"[0 0 0 0 0 0 0 0 0 1 0 0 0 0 0 1 1 1 1 0 0 0 0 1 0 1 0 0 0 0 1 0 0 0 1 0 0
 0 1 1 1 0 0 0 0 0 1 0 0 0 0 0 0 1 0 0 0 0 1 0 1 0 0 1 1 0 0 1 0 1 0 1 1 1
 0 0 1 0 1 0 0 1 1 0 0 0 1 0 1 1 0 0 0 1 1 0 0 0 0 0 0 0 0 0 1 0 0 0 1 0 0]",54
1088,4,gad7,9,PCA,LR,2,0.509433962264151,0.5315315315315315,27,32,27,25,"[0 0 1 1 1 0 1 1 1 1 1 1 1 0 1 1 1 1 1 0 1 0 0 0 0 0 0 0 0 0 0 1 0 1 0 1 0
 1 1 1 0 1 1 0 0 1 1 0 1 0 1 0 1 1 1 0 0 0 0 0 0 1 1 0 1 1 0 0 0 0 1 0 0 1
 1 0 0 0 1 0 0 0 1 0 1 0 1 1 0 0 0 1 1 1 1 1 0 0 1 0 0 0 1 0 0 0 1 1 1 0 1]",54
1089,4,gad7,9,PCA,XG,2,0.3181818181818182,0.4594594594594595,14,37,22,38,"[0 1 0 0 0 0 1 0 0 1 0 0 0 1 0 1 1 1 0 0 0 0 0 1 0 1 0 0 0 0 1 0 0 0 0 0 0
 0 0 1 0 0 0 0 0 0 1 0 0 0 1 0 0 1 0 1 0 0 1 0 1 0 0 1 0 1 0 1 0 1 0 0 1 1
 0 0 1 0 1 0 0 1 1 0 0 0 1 1 1 1 0 0 1 0 1 0 1 0 0 0 0 0 0 0 1 0 0 0 1 0 0]",54
1090,4,gad7,9,PCA,SVC,3,0.47058823529411764,0.5135135135135135,24,33,26,28,"[0 0 0 1 1 0 1 1 0 1 1 1 1 0 1 1 1 1 1 0 1 0 0 0 0 0 0 0 0 0 0 1 0 1 0 1 0
 1 1 1 0 1 0 0 0 1 1 0 1 0 1 0 1 1 1 0 0 0 0 0 0 0 1 0 1 1 0 0 0 0 1 0 0 1
 1 0 0 0 1 0 0 0 1 0 1 0 1 1 0 0 0 1 1 1 1 1 0 0 1 0 0 0 1 0 0 0 1 1 1 0 1]",54
1091,4,gad7,9,PCA,kNN,3,0.4583333333333333,0.5315315315315315,22,37,22,30,"[0 0 1 0 1 1 1 0 0 0 1 0 0 0 0 1 1 0 1 0 1 0 0 1 0 1 0 0 0 0 1 0 0 0 1 0 1
 0 0 1 1 1 0 0 1 1 1 0 0 0 0 0 1 1 0 0 1 0 0 1 1 0 0 0 0 1 0 1 0 1 0 1 0 0
 0 0 0 0 1 0 0 1 0 0 0 0 1 1 0 1 0 1 0 1 1 0 0 0 1 0 1 1 1 0 1 0 0 1 1 0 0]",54
1092,4,gad7,9,PCA,RF,3,0.3448275862068965,0.4864864864864865,15,39,20,37,"[0 0 0 0 1 0 1 0 0 1 1 0 0 1 0 1 1 0 0 0 0 0 0 1 0 1 0 0 0 0 1 0 0 0 1 0 0
 0 0 1 1 0 0 0 0 0 1 0 0 0 0 0 0 1 0 1 1 0 1 1 1 0 0 0 0 0 0 1 0 1 0 1 0 1
 0 0 0 0 1 0 0 1 0 0 0 0 1 0 1 1 0 0 0 1 1 0 0 0 0 0 1 0 0 0 1 0 0 1 1 0 0]",54
1093,4,gad7,9,PCA,LR,3,0.509433962264151,0.5315315315315315,27,32,27,25,"[0 0 1 1 1 0 1 1 1 1 1 1 1 0 1 1 1 1 1 0 1 0 0 0 0 0 0 0 0 0 0 1 0 1 0 1 0
 1 1 1 0 1 1 0 0 1 1 0 1 0 1 0 1 1 1 0 0 0 0 0 0 1 1 0 1 1 0 0 0 0 1 0 0 1
 1 0 0 0 1 0 0 0 1 0 1 0 1 1 0 0 0 1 1 1 1 1 0 0 1 0 0 0 1 0 0 0 1 1 1 0 1]",54
1094,4,gad7,9,PCA,XG,3,0.3820224719101124,0.5045045045045045,17,39,20,35,"[0 0 0 1 1 0 1 0 0 1 1 0 0 1 0 0 1 1 0 0 0 0 0 1 0 1 0 0 0 0 0 0 0 0 0 0 1
 0 0 1 1 0 0 0 0 0 1 1 0 0 0 0 0 1 0 1 1 0 1 1 0 0 0 1 0 0 0 0 0 1 0 1 0 1
 0 0 1 0 1 0 0 1 1 0 1 0 1 1 1 1 0 0 0 0 0 0 0 0 0 0 1 0 0 0 1 0 0 1 1 0 0]",54
1095,4,gad7,9,PCA,SVC,4,0.5333333333333333,0.5585585585585585,28,34,25,24,"[0 1 1 1 1 0 1 1 1 1 1 0 1 0 1 1 1 1 1 0 1 0 0 0 1 0 0 0 0 0 0 1 0 1 0 1 0
 1 1 1 0 1 1 0 0 1 1 0 0 0 1 0 1 1 0 0 0 0 0 0 0 0 0 0 1 1 1 1 0 0 1 0 1 1
 1 0 0 0 1 0 0 0 1 0 1 0 0 1 0 0 0 1 1 1 1 1 0 0 1 0 0 0 1 0 0 0 1 1 1 0 1]",54
1096,4,gad7,9,PCA,kNN,4,0.42696629213483145,0.5405405405405406,19,41,18,33,"[0 0 1 0 0 0 0 0 0 0 1 0 0 0 0 1 1 1 1 0 1 0 0 0 0 1 0 0 0 0 1 0 0 0 0 0 0
 0 1 1 0 1 1 0 0 1 0 0 0 1 0 0 1 1 0 0 0 0 0 0 1 0 0 1 1 1 0 1 0 1 0 1 0 0
 0 0 1 0 1 0 0 1 1 0 0 0 0 0 0 0 0 1 0 1 1 0 0 0 1 0 1 0 0 0 1 0 0 1 1 0 1]",54
1097,4,gad7,9,PCA,RF,4,0.345679012345679,0.5225225225225225,14,44,15,38,"[0 0 0 1 1 0 0 0 0 0 1 0 0 1 0 0 1 1 0 0 1 0 0 0 0 1 0 0 0 0 1 0 0 0 0 0 0
 0 0 1 0 1 0 0 0 0 1 0 0 0 0 0 0 1 0 1 0 0 1 0 1 0 0 0 0 0 0 1 0 1 0 1 0 1
 0 0 0 0 0 0 1 1 1 0 0 0 1 1 1 0 0 0 0 1 0 0 0 0 0 0 1 0 0 0 0 0 0 1 0 0 0]",54
1098,4,gad7,9,PCA,LR,4,0.5098039215686274,0.5495495495495496,26,35,24,26,"[0 0 1 1 1 0 1 1 1 1 1 0 1 0 1 1 1 1 1 0 1 0 0 0 0 0 0 0 1 0 0 1 0 1 0 1 0
 1 1 1 0 1 1 0 0 1 1 0 0 0 1 0 1 1 0 0 0 0 0 0 0 1 0 0 1 1 0 0 0 0 1 0 0 1
 1 0 0 0 1 0 0 0 1 0 1 0 1 1 0 0 0 1 1 1 1 1 0 0 1 0 0 0 1 0 0 0 1 1 0 0 1]",54
1099,4,gad7,9,PCA,XG,4,0.39999999999999997,0.5135135135135135,18,39,20,34,"[0 0 0 1 1 0 0 0 1 0 1 0 0 1 0 1 1 1 0 0 0 1 0 0 0 1 0 0 0 0 1 0 0 0 0 0 0
 0 0 1 1 0 1 0 0 0 1 1 0 0 0 0 0 1 0 1 1 0 1 0 1 0 0 1 0 0 0 0 0 1 0 1 0 1
 0 0 1 0 0 0 1 1 1 0 0 0 1 1 1 1 1 0 0 0 0 0 0 0 0 0 1 0 1 0 0 0 0 0 1 1 0]",54
1100,4,gad7,9,PCA,SVC,1,0.30379746835443033,0.5045045045045045,12,44,15,40,"[0 0 0 0 0 1 0 1 0 0 0 0 1 0 0 0 0 0 0 0 1 0 1 0 0 0 0 0 0 0 1 0 1 0 0 0 0
 0 0 1 0 0 0 1 0 1 1 0 0 0 0 0 0 0 1 1 0 0 0 1 0 0 0 0 1 1 0 1 0 0 0 0 1 0
 0 1 1 0 0 1 0 1 0 0 0 0 0 1 0 0 0 0 0 0 0 1 1 0 0 0 0 0 0 0 0 1 0 0 0 0 1]",55
1101,4,gad7,9,PCA,kNN,1,0.39603960396039606,0.45045045045045046,20,30,29,32,"[0 1 1 1 1 0 1 0 0 0 1 1 1 0 0 0 0 0 1 0 0 0 0 1 0 0 0 0 0 0 0 0 1 1 0 0 0
 1 0 1 0 1 0 0 0 0 1 1 1 0 0 1 1 1 0 1 0 0 0 0 0 1 0 0 1 1 0 1 1 1 0 0 0 1
 1 0 1 0 1 1 0 1 0 0 0 1 1 1 0 1 1 1 0 1 0 1 1 0 1 0 0 0 0 1 0 1 1 0 1 0 1]",55
1102,4,gad7,9,PCA,RF,1,0.48000000000000004,0.5315315315315315,24,35,24,28,"[1 1 1 1 1 0 0 0 0 0 1 0 0 0 0 0 1 0 0 0 0 0 0 1 0 0 1 1 0 0 0 0 1 1 0 1 0
 1 0 0 0 0 0 0 0 0 0 1 1 0 0 1 1 0 0 1 1 0 0 0 0 1 0 1 1 1 0 1 0 1 1 1 0 1
 0 0 1 1 1 1 0 1 0 0 0 0 1 1 0 0 1 0 1 1 1 1 1 0 1 1 0 0 0 0 0 1 1 0 1 0 1]",55
1103,4,gad7,9,PCA,LR,1,0.39534883720930236,0.5315315315315315,17,42,17,35,"[0 0 0 0 0 1 0 1 0 1 0 0 1 0 0 0 0 1 1 0 1 1 1 0 0 0 0 0 0 0 1 0 1 0 0 0 0
 0 0 1 0 0 0 1 0 1 1 0 0 0 0 0 0 0 1 1 0 1 0 1 0 0 0 0 1 1 0 1 0 0 0 0 1 0
 0 1 1 1 0 1 0 1 0 0 0 0 0 1 0 0 0 0 0 0 0 1 1 0 0 0 0 0 0 0 0 1 0 0 0 1 1]",55
1104,4,gad7,9,PCA,XG,1,0.4375,0.5135135135135135,21,36,23,31,"[0 1 1 1 1 0 1 0 0 0 1 0 0 0 0 0 1 0 0 0 0 0 0 1 0 0 1 1 0 0 0 0 1 1 0 1 0
 0 0 0 0 0 0 0 0 0 0 1 1 0 0 1 1 0 0 1 1 0 0 0 0 1 0 0 1 1 0 1 0 1 1 0 0 1
 0 0 1 1 1 1 0 1 0 0 0 0 1 1 0 1 1 0 1 1 0 1 1 0 0 1 0 0 0 0 0 1 1 0 1 0 1]",55
1105,4,gad7,9,PCA,SVC,2,0.5225225225225225,0.5225225225225225,29,29,30,23,"[0 0 1 0 1 1 1 1 1 0 0 0 1 1 0 0 0 0 0 0 1 0 1 0 1 0 1 1 0 1 1 0 1 0 0 0 1
 0 0 1 0 1 1 1 1 1 1 0 1 0 0 1 0 1 1 1 0 0 1 1 1 0 0 0 1 1 1 1 1 0 0 0 1 1
 1 1 1 0 0 1 0 1 1 1 1 1 0 1 0 0 0 1 1 0 0 1 1 0 0 0 0 1 1 0 1 1 0 0 1 0 1]",55
1106,4,gad7,9,PCA,kNN,2,0.3925233644859813,0.4144144144144144,21,25,34,31,"[0 1 1 0 0 1 1 1 1 0 1 0 0 0 0 0 0 0 1 0 0 0 1 1 0 0 1 0 1 0 1 0 1 1 0 0 0
 1 0 1 0 1 0 1 0 1 1 1 1 0 1 0 1 1 1 1 0 0 0 1 1 1 1 0 0 1 1 1 1 0 0 0 1 1
 1 0 1 1 0 1 0 1 1 0 0 0 1 1 0 0 0 0 0 1 0 1 1 0 0 0 0 0 1 1 1 1 0 0 1 0 1]",55
1107,4,gad7,9,PCA,RF,2,0.39603960396039606,0.45045045045045046,20,30,29,32,"[0 0 1 0 0 0 1 0 1 1 1 0 0 0 0 0 0 0 1 1 0 0 0 1 0 0 1 0 1 0 0 0 1 1 0 0 1
 0 0 1 0 1 0 0 1 0 1 1 1 0 1 0 1 1 0 1 0 0 0 0 1 1 0 0 1 1 1 1 1 0 1 0 0 1
 1 0 1 0 1 0 0 1 1 0 1 0 1 1 0 0 0 0 0 0 0 1 1 0 1 1 0 1 0 0 1 1 0 0 1 1 0]",55
1108,4,gad7,9,PCA,LR,2,0.5225225225225225,0.5225225225225225,29,29,30,23,"[0 0 1 0 1 1 1 1 1 0 0 0 1 1 0 0 0 0 0 0 1 0 1 0 1 0 1 1 0 1 1 0 1 0 0 0 1
 0 0 1 0 1 1 1 1 1 1 0 1 0 0 1 0 1 1 1 0 0 1 1 1 0 0 0 1 1 1 1 1 0 0 0 1 1
 1 1 1 0 0 1 0 1 1 1 1 1 0 1 0 0 0 1 1 0 0 1 1 0 0 0 0 1 1 0 1 1 0 0 1 0 1]",55
1109,4,gad7,9,PCA,XG,2,0.46601941747572817,0.5045045045045045,24,32,27,28,"[0 0 1 1 0 0 1 0 1 1 1 0 0 1 0 0 0 0 1 1 0 0 0 0 0 0 1 0 1 0 0 0 1 0 0 0 1
 1 0 0 0 1 1 0 1 0 1 1 1 0 1 0 1 1 0 1 0 0 0 0 1 1 0 0 1 1 1 1 1 0 1 0 0 1
 1 0 1 1 1 0 0 1 1 0 1 1 0 1 0 0 0 0 0 0 0 1 1 0 1 1 0 1 0 0 1 1 0 0 1 1 0]",55
1110,4,gad7,9,PCA,SVC,3,0.43999999999999995,0.4954954954954955,22,33,26,30,"[0 0 1 0 0 1 0 1 1 0 0 0 1 0 0 0 0 0 0 0 1 0 1 0 0 0 1 0 0 1 1 0 1 0 0 0 1
 0 0 1 0 1 1 1 1 1 1 0 1 0 0 0 0 1 1 1 0 0 0 1 1 0 0 0 1 1 0 1 1 0 0 0 1 1
 1 1 1 0 0 1 0 1 1 0 1 1 0 1 0 0 0 0 1 0 0 1 1 0 0 0 0 0 1 0 1 1 0 0 1 0 1]",55
1111,4,gad7,9,PCA,kNN,3,0.42592592592592593,0.44144144144144143,23,26,33,29,"[0 1 1 0 0 1 1 1 1 0 1 0 0 0 0 0 0 0 1 0 1 0 1 1 0 0 1 0 1 0 1 0 1 1 1 0 0
 0 0 1 0 1 1 1 0 1 1 1 0 0 1 0 1 1 1 1 0 0 0 1 1 0 1 0 1 1 0 1 1 0 0 0 1 1
 1 0 1 1 0 1 0 1 1 0 1 0 0 1 0 1 0 0 1 0 1 1 1 0 0 1 0 0 1 0 1 1 0 0 0 1 0]",55
1112,4,gad7,9,PCA,RF,3,0.43999999999999995,0.4954954954954955,22,33,26,30,"[1 1 1 0 0 0 1 1 0 0 1 0 0 0 0 0 0 0 1 1 0 0 0 1 0 0 0 0 1 0 0 0 1 1 0 1 1
 0 0 0 0 1 0 0 1 0 1 1 1 0 1 0 1 1 0 1 0 0 0 0 1 1 1 0 1 1 0 1 1 0 0 0 0 1
 1 0 1 1 0 1 0 1 1 0 0 1 0 1 0 0 0 0 0 0 1 1 1 0 0 1 0 0 1 0 1 1 0 0 1 1 0]",55
1113,4,gad7,9,PCA,LR,3,0.5225225225225225,0.5225225225225225,29,29,30,23,"[0 0 1 0 1 1 1 1 1 0 0 0 1 1 0 0 0 0 0 0 1 0 1 0 1 0 1 1 0 1 1 0 1 0 0 0 1
 0 0 1 0 1 1 1 1 1 1 0 1 0 0 1 0 1 1 1 0 0 1 1 1 0 0 0 1 1 1 1 1 0 0 0 1 1
 1 1 1 0 0 1 0 1 1 1 1 1 0 1 0 0 0 1 1 0 0 1 1 0 0 0 0 1 1 0 1 1 0 0 1 0 1]",55
1114,4,gad7,9,PCA,XG,3,0.4,0.4864864864864865,19,35,24,33,"[0 1 1 1 0 0 1 0 0 0 1 0 0 0 0 0 0 0 1 1 0 0 0 1 0 0 0 0 1 0 0 0 1 0 0 0 1
 0 0 0 0 1 0 0 1 0 1 1 1 0 1 0 1 0 0 1 0 0 0 0 1 1 0 0 1 1 1 1 1 0 0 0 0 1
 1 0 1 1 1 0 0 1 1 0 0 1 0 1 0 0 0 0 0 0 0 1 1 0 0 1 0 0 0 0 1 1 1 0 1 1 0]",55
1115,4,gad7,9,PCA,SVC,4,0.4175824175824176,0.5225225225225225,19,39,20,33,"[0 0 1 0 0 0 1 1 1 0 0 0 1 0 0 0 0 0 0 0 1 0 1 0 0 0 1 0 0 0 0 0 1 0 0 0 1
 0 0 1 0 1 1 1 1 0 1 0 1 0 0 0 0 1 0 1 0 0 0 0 1 0 0 0 1 1 0 1 1 0 0 0 0 1
 1 1 1 0 0 1 0 1 1 0 1 0 0 1 0 0 0 0 1 0 0 1 1 0 0 0 0 0 1 0 0 1 0 0 0 0 1]",55
1116,4,gad7,9,PCA,kNN,4,0.4380952380952381,0.46846846846846846,23,29,30,29,"[0 1 1 0 0 1 1 0 0 0 0 0 1 0 1 0 0 0 0 0 0 1 1 1 0 0 1 0 1 0 1 0 1 1 0 1 0
 0 0 1 0 0 0 1 0 1 1 1 1 0 1 1 1 1 1 1 0 0 0 1 0 0 1 0 1 1 0 1 1 0 0 1 1 0
 0 0 1 0 0 1 0 1 1 0 1 1 0 1 0 0 0 0 1 0 1 1 1 0 1 1 0 0 1 0 1 1 0 0 1 0 1]",55
1117,4,gad7,9,PCA,RF,4,0.3870967741935483,0.4864864864864865,18,36,23,34,"[0 0 1 0 0 0 1 1 0 0 1 0 0 0 0 0 0 0 1 0 0 0 0 1 0 0 1 0 1 0 0 0 1 1 0 0 0
 0 0 1 0 0 0 0 1 0 1 1 1 0 1 0 1 1 0 1 0 0 0 0 1 1 1 0 1 1 0 1 1 0 0 0 0 1
 0 0 1 1 0 1 0 1 1 0 1 1 0 1 0 0 0 0 0 0 0 1 1 0 0 1 0 0 1 0 1 1 0 0 0 0 0]",55
1118,4,gad7,9,PCA,LR,4,0.5333333333333333,0.5585585585585585,28,34,25,24,"[0 0 1 0 1 0 1 1 1 0 0 0 1 1 0 0 0 0 0 0 1 0 1 0 1 0 1 1 0 1 0 0 1 0 0 0 1
 0 0 1 0 1 1 1 1 0 1 0 1 0 0 1 0 1 0 1 0 0 1 0 1 0 0 0 1 1 1 1 1 0 0 0 0 1
 1 1 1 0 0 1 1 1 1 1 1 1 0 1 0 0 0 1 1 0 0 1 1 0 0 0 0 1 0 0 1 1 0 0 1 0 1]",55
1119,4,gad7,9,PCA,XG,4,0.37894736842105264,0.46846846846846846,18,34,25,34,"[0 0 1 0 0 0 1 0 0 0 1 0 0 0 1 0 0 0 0 1 0 0 1 1 0 0 1 0 1 0 0 0 1 1 0 0 0
 0 0 1 0 0 0 0 1 0 1 1 1 0 1 0 1 1 0 1 0 0 1 0 1 1 0 0 1 1 1 1 1 0 1 0 0 1
 0 0 1 0 1 1 0 1 0 0 1 0 0 1 0 0 0 0 0 0 0 1 1 1 0 0 0 0 1 0 1 1 0 0 0 0 1]",55
1120,4,gad7,9,PCA,SVC,1,0.3820224719101124,0.5045045045045045,17,39,20,35,"[1 0 0 0 0 0 0 0 1 1 0 1 1 0 1 0 1 0 0 0 1 0 0 0 0 0 0 1 0 0 0 1 0 1 1 1 0
 1 0 0 1 0 0 0 0 1 1 1 1 0 0 0 1 0 0 0 0 0 0 1 1 0 0 0 0 1 1 1 1 0 0 0 0 1
 0 0 0 0 1 0 0 0 0 0 0 1 0 0 0 1 0 0 0 1 1 1 0 0 0 0 0 1 0 1 1 0 0 0 1 0 0]",56
1121,4,gad7,9,PCA,kNN,1,0.4423076923076923,0.4774774774774775,23,30,29,29,"[0 1 0 1 0 1 0 0 1 1 0 1 0 0 1 1 1 1 0 0 0 0 0 0 0 0 1 1 1 0 0 0 0 1 1 1 1
 1 0 1 1 0 1 1 0 0 1 1 0 0 1 0 1 1 0 0 1 0 1 1 1 1 0 0 0 1 1 1 1 0 0 1 0 0
 1 1 0 0 1 1 0 0 0 0 0 0 1 0 1 0 0 0 0 1 0 1 0 0 1 1 0 0 1 0 1 0 0 0 1 1 1]",56
1122,4,gad7,9,PCA,RF,1,0.3448275862068965,0.4864864864864865,15,39,20,37,"[0 1 0 0 0 1 0 0 1 1 0 0 0 1 0 1 0 0 0 1 0 0 0 0 0 0 1 1 1 0 0 0 0 1 0 0 0
 1 0 1 1 0 1 0 0 0 0 0 0 0 0 0 0 1 1 0 1 0 0 0 1 0 0 0 1 1 0 1 0 1 0 1 0 0
 0 1 1 1 0 1 1 0 1 0 0 0 1 0 1 0 0 0 0 0 0 0 0 0 0 0 0 1 1 0 0 0 0 0 0 0 1]",56
1123,4,gad7,9,PCA,LR,1,0.5254237288135593,0.4954954954954955,31,24,35,21,"[0 1 1 1 0 1 0 1 0 1 1 1 0 1 1 1 1 1 1 0 1 0 0 0 1 1 1 1 1 0 1 0 1 0 1 1 1
 1 0 1 0 1 0 0 1 1 1 1 0 0 1 0 0 1 0 0 1 0 1 1 0 1 1 0 0 1 0 0 1 1 1 1 1 0
 0 1 0 1 1 1 1 0 1 1 1 1 0 1 1 1 1 0 1 0 1 0 0 0 1 1 0 0 1 0 1 0 0 1 0 1 0]",56
1124,4,gad7,9,PCA,XG,1,0.3333333333333333,0.4594594594594595,15,36,23,37,"[0 1 0 1 0 1 0 0 1 1 0 0 0 1 0 1 0 1 0 1 0 0 0 0 0 0 1 1 1 0 0 0 0 1 0 0 1
 1 0 1 1 0 1 0 0 0 1 0 0 0 0 0 0 1 1 0 1 0 0 0 1 1 0 0 1 1 0 1 0 0 0 1 0 0
 0 1 1 1 0 0 1 0 1 0 0 0 1 0 1 0 0 0 0 0 0 0 0 0 0 0 0 1 1 0 0 0 0 0 0 0 1]",56
1125,4,gad7,9,PCA,SVC,2,0.5048543689320388,0.5405405405405406,26,34,25,26,"[1 0 1 0 0 0 0 0 1 1 1 1 1 1 1 1 1 1 0 0 1 0 0 0 1 0 0 0 1 0 1 1 1 1 0 0 0
 1 0 0 1 0 0 0 1 1 1 1 1 0 1 0 1 0 0 0 0 1 0 1 1 0 0 0 0 1 1 1 0 0 0 1 0 1
 0 1 0 0 0 0 0 0 0 1 0 1 0 1 1 0 0 0 1 1 1 1 0 0 1 0 0 1 1 1 0 0 0 1 1 0 0]",56
1126,4,gad7,9,PCA,kNN,2,0.4375,0.5135135135135135,21,36,23,31,"[1 1 0 1 0 1 0 0 0 1 0 1 1 0 1 1 1 0 1 1 0 0 0 0 0 0 0 0 1 0 0 0 0 1 0 0 0
 0 0 1 0 0 1 1 0 1 1 1 0 0 0 0 0 0 0 0 1 1 1 1 0 1 1 0 1 1 0 1 0 0 0 1 1 1
 1 1 0 0 0 0 0 0 0 0 0 1 1 0 0 1 0 0 0 1 1 1 0 0 0 0 0 0 0 1 0 0 0 1 1 0 1]",56
1127,4,gad7,9,PCA,RF,2,0.32967032967032966,0.45045045045045046,15,35,24,37,"[0 1 0 0 0 1 0 0 0 1 0 1 1 0 1 0 1 0 0 1 0 0 0 0 0 1 0 0 0 0 0 0 0 1 0 0 1
 0 0 1 0 1 1 1 0 0 0 1 0 0 1 0 0 0 1 0 1 0 1 1 0 0 0 0 1 1 0 1 0 0 0 1 0 1
 1 1 0 0 0 0 1 0 0 0 0 0 1 0 1 0 1 0 1 1 1 1 0 0 1 0 0 0 0 1 0 0 0 0 1 0 0]",56
1128,4,gad7,9,PCA,LR,2,0.43373493975903615,0.5765765765765766,18,46,13,34,"[0 0 1 0 0 0 0 0 0 1 1 1 0 1 1 0 1 1 0 0 0 0 0 0 1 0 0 0 0 0 1 0 0 0 0 0 0
 1 0 0 0 0 0 0 1 1 1 1 0 0 1 0 0 0 0 0 0 0 0 1 0 0 0 0 0 1 0 0 0 0 0 1 0 1
 0 1 0 0 0 0 0 0 0 1 0 0 0 1 1 0 0 0 1 1 1 1 0 0 1 0 0 0 1 0 0 0 0 1 0 0 0]",56
1129,4,gad7,9,PCA,XG,2,0.2650602409638554,0.45045045045045046,11,39,20,41,"[0 1 0 0 0 1 0 0 0 1 0 1 0 0 1 0 1 0 0 1 0 0 0 0 0 0 0 0 0 0 0 0 0 1 0 0 1
 0 0 1 0 0 1 1 1 0 1 1 0 1 0 0 0 0 1 0 1 0 1 1 0 0 0 0 1 1 0 0 0 0 0 1 0 1
 1 0 0 0 0 0 1 0 0 0 0 0 1 0 0 0 1 0 1 0 0 1 0 0 1 0 0 0 0 0 0 0 0 0 0 0 0]",56
1130,4,gad7,9,PCA,SVC,3,0.5470085470085471,0.5225225225225225,32,26,33,20,"[1 0 1 0 0 0 0 1 1 1 1 1 1 1 1 0 1 1 0 1 1 0 0 0 1 1 0 0 1 0 1 1 0 1 0 0 1
 1 1 1 1 0 1 1 1 1 1 1 0 1 1 0 1 0 1 0 0 0 0 1 1 0 0 0 1 1 1 1 0 0 0 1 0 1
 1 1 1 0 0 1 0 0 0 1 0 1 1 1 1 0 0 1 1 1 1 1 1 0 1 0 0 1 1 1 0 0 0 1 1 0 1]",56
1131,4,gad7,9,PCA,kNN,3,0.41666666666666663,0.4954954954954955,20,35,24,32,"[1 0 0 1 0 0 0 0 0 1 0 1 1 1 1 0 1 1 0 1 1 0 0 0 0 1 0 0 0 0 1 0 0 0 0 0 1
 0 0 0 0 0 0 1 0 1 1 1 0 1 0 0 1 1 1 0 1 0 1 1 1 1 1 0 1 1 1 1 0 0 0 0 0 1
 1 1 0 1 0 0 1 0 0 1 0 0 1 0 0 1 0 1 0 1 1 1 0 0 0 0 0 0 0 0 0 0 0 0 0 0 0]",56
1132,4,gad7,9,PCA,RF,3,0.35555555555555557,0.4774774774774775,16,37,22,36,"[0 1 0 0 0 0 0 0 1 1 0 1 1 0 1 1 1 0 0 1 1 0 0 0 0 0 0 0 0 0 1 0 0 1 0 0 0
 1 0 0 0 1 1 1 0 0 0 1 0 1 1 0 0 0 1 0 1 0 1 1 1 0 0 0 1 1 0 1 0 0 0 0 0 1
 1 1 0 0 0 0 0 0 0 0 0 0 1 1 0 0 0 0 0 1 1 1 0 0 0 0 0 0 0 1 0 0 0 1 1 0 0]",56
1133,4,gad7,9,PCA,LR,3,0.4731182795698925,0.5585585585585585,22,40,19,30,"[1 0 1 0 0 0 0 0 0 1 1 1 1 1 1 0 1 1 0 0 1 0 0 0 1 0 0 0 0 0 1 1 0 0 0 0 0
 1 0 0 1 0 0 0 1 1 1 1 0 0 1 0 0 0 0 0 0 1 0 1 1 0 0 0 0 1 0 0 0 0 0 1 0 1
 0 1 0 0 0 0 0 0 0 1 0 1 0 1 1 0 0 0 1 1 1 1 0 0 1 0 0 0 1 1 0 0 0 1 1 0 0]",56
1134,4,gad7,9,PCA,XG,3,0.39175257731958757,0.46846846846846846,19,33,26,33,"[0 1 0 0 0 0 0 0 1 1 0 1 0 1 1 1 1 0 0 1 1 0 0 0 0 0 0 0 0 0 1 0 0 1 0 0 0
 1 0 0 1 1 1 1 1 0 1 1 0 1 1 0 0 1 1 0 1 0 1 1 1 0 0 0 1 1 0 1 0 0 0 1 0 1
 1 1 0 0 0 0 0 0 0 0 0 0 1 1 0 0 1 0 1 0 1 1 0 0 1 0 0 0 0 1 0 0 0 1 1 0 0]",56
1135,4,gad7,9,PCA,SVC,4,0.5048543689320388,0.5405405405405406,26,34,25,26,"[1 0 1 0 0 0 0 0 0 1 1 1 1 1 1 0 1 1 0 1 1 0 0 0 1 0 0 0 0 0 1 0 0 0 0 0 0
 1 1 1 0 0 0 1 1 1 1 1 0 1 1 0 1 0 1 0 0 0 0 1 1 0 0 0 1 1 0 1 0 0 0 1 0 1
 1 1 1 0 0 0 0 0 0 1 0 0 1 1 1 0 0 1 1 1 1 1 1 0 1 0 0 0 1 1 0 0 0 1 0 0 1]",56
1136,4,gad7,9,PCA,kNN,4,0.44897959183673475,0.5135135135135135,22,35,24,30,"[1 0 0 1 0 0 0 1 0 1 0 0 1 1 1 0 1 1 1 1 0 0 0 0 0 1 1 0 0 0 0 0 0 0 0 0 0
 0 0 1 0 1 0 1 1 1 1 1 0 1 1 0 0 1 1 0 1 0 1 1 1 0 1 0 1 1 0 1 0 0 0 0 1 1
 1 1 0 0 0 0 0 0 0 0 1 0 1 0 0 1 0 0 1 1 1 1 1 0 0 0 0 0 1 1 0 0 0 0 0 0 0]",56
1137,4,gad7,9,PCA,RF,4,0.4565217391304348,0.5495495495495496,21,40,19,31,"[0 1 0 0 0 0 0 0 1 1 1 1 0 1 1 0 1 0 0 1 1 0 0 0 0 0 0 0 1 0 0 0 0 0 0 0 0
 0 0 0 1 1 0 1 1 0 0 1 0 0 1 0 1 0 1 0 1 0 0 1 1 0 1 0 1 1 0 1 0 0 0 1 1 1
 1 1 0 0 0 0 1 0 0 0 0 0 1 0 0 0 0 0 1 1 1 1 0 0 0 0 0 0 0 1 0 0 0 1 1 0 0]",56
1138,4,gad7,9,PCA,LR,4,0.5098039215686274,0.5495495495495496,26,35,24,26,"[0 0 1 0 0 0 0 1 1 1 1 1 0 1 1 0 1 1 1 0 1 0 0 0 1 1 0 0 1 0 1 1 1 1 0 0 1
 1 0 0 1 0 0 0 1 0 1 1 0 0 1 0 1 0 0 0 0 0 1 1 1 0 0 0 0 1 1 0 0 0 0 1 0 1
 0 1 0 0 0 1 0 0 0 1 0 1 0 1 1 0 0 0 1 1 1 1 0 0 1 0 0 1 1 1 0 0 0 1 1 0 0]",56
1139,4,gad7,9,PCA,XG,4,0.4301075268817205,0.5225225225225225,20,38,21,32,"[0 0 0 0 0 0 0 0 1 0 1 0 0 1 1 1 0 1 0 1 1 0 0 0 0 0 0 0 0 0 1 0 0 0 0 0 0
 0 0 1 1 1 1 1 1 0 0 1 1 0 1 0 1 1 1 0 1 0 1 1 1 0 0 0 1 1 0 1 0 0 0 1 0 1
 1 1 0 0 0 0 1 0 0 0 0 1 1 0 0 0 0 0 1 1 0 1 0 0 0 0 0 0 0 1 0 0 0 1 1 0 0]",56
1140,4,gad7,9,PCA,SVC,1,0.3373493975903614,0.5045045045045045,14,42,17,38,"[0 0 0 0 0 0 0 0 0 0 1 1 0 1 0 1 0 0 0 1 0 0 0 0 0 1 1 0 0 1 0 0 1 0 0 1 0
 0 0 0 1 0 0 0 0 0 0 1 0 0 0 0 0 1 0 1 0 0 0 0 0 1 0 0 1 1 0 1 0 1 0 0 0 0
 0 1 0 0 1 0 0 0 1 0 0 0 0 0 1 0 1 0 0 0 1 0 0 0 1 0 0 1 0 1 0 1 1 0 1 0 0]",57
1141,4,gad7,9,PCA,kNN,1,0.537037037037037,0.5495495495495496,29,32,27,23,"[0 1 1 0 1 0 1 0 1 0 1 1 1 1 0 0 1 0 1 0 0 0 1 1 0 1 1 1 0 0 0 0 1 0 0 1 0
 1 1 0 0 0 0 0 1 0 0 1 1 0 0 0 1 0 0 1 0 1 0 1 0 1 1 1 1 1 0 1 0 1 1 0 0 1
 0 1 1 0 1 0 0 0 1 1 0 0 0 0 0 0 1 1 1 1 1 0 1 1 1 1 0 1 1 0 1 1 1 0 0 1 0]",57
1142,4,gad7,9,PCA,RF,1,0.4130434782608696,0.5135135135135135,19,38,21,33,"[1 0 0 0 1 0 0 0 0 0 0 0 0 1 1 0 0 1 1 0 1 0 0 1 1 0 0 0 0 1 0 0 0 0 1 0 0
 0 0 0 1 0 1 0 1 0 0 1 0 0 0 0 0 0 0 1 0 1 1 0 0 1 1 1 1 1 0 0 0 0 0 0 0 0
 0 1 1 0 0 0 0 0 1 0 0 1 0 0 0 1 0 1 0 1 1 0 1 1 1 0 1 1 0 0 1 0 1 1 0 1 0]",57
1143,4,gad7,9,PCA,LR,1,0.5588235294117647,0.4594594594594595,38,13,46,14,"[1 1 1 0 1 1 1 0 1 0 1 1 1 0 0 1 1 1 1 1 0 1 1 0 1 1 1 1 1 0 1 1 1 1 1 1 1
 1 1 1 1 0 1 1 1 0 1 1 1 1 1 1 0 0 1 1 1 1 1 1 1 0 1 1 0 1 0 1 1 0 0 1 0 1
 1 0 1 1 1 1 0 1 0 1 1 0 1 1 0 1 1 1 1 1 1 0 1 1 1 1 1 1 1 1 1 1 0 1 0 1 0]",57
1144,4,gad7,9,PCA,XG,1,0.4893617021276596,0.5675675675675675,23,40,19,29,"[0 0 0 0 1 0 0 0 0 0 1 0 1 1 1 0 0 1 1 0 1 0 0 1 1 0 0 0 0 1 0 0 0 0 1 1 0
 1 0 0 1 0 1 0 1 0 0 1 0 0 0 0 1 1 0 1 0 1 0 0 0 1 1 1 1 1 0 0 0 1 0 0 0 0
 0 1 1 0 0 0 0 0 1 0 0 0 0 0 0 1 0 1 0 1 1 0 1 1 1 0 0 1 0 0 1 0 1 0 0 1 0]",57
1145,4,gad7,9,PCA,SVC,2,0.3055555555555555,0.5495495495495496,11,50,9,41,"[0 0 0 0 0 0 0 0 0 0 1 1 0 1 0 1 0 0 0 0 0 0 0 0 0 0 0 0 0 1 0 0 1 0 0 1 0
 0 0 0 1 0 0 0 0 0 0 1 0 0 0 0 0 1 0 1 0 0 0 0 0 1 0 0 1 1 0 0 0 1 0 0 0 0
 0 0 0 0 1 0 0 0 1 0 0 0 0 0 1 0 1 0 0 0 0 0 0 0 0 0 0 0 0 0 0 0 1 0 0 0 0]",57
1146,4,gad7,9,PCA,kNN,2,0.49019607843137253,0.5315315315315315,25,34,25,27,"[0 0 1 0 0 1 1 0 1 0 1 1 0 1 0 1 1 0 0 0 0 0 0 0 0 1 1 0 0 1 0 1 1 1 1 1 1
 0 0 0 1 0 0 1 1 0 0 0 1 0 0 0 1 1 1 1 0 0 0 1 1 1 0 1 1 1 0 0 0 1 0 1 0 0
 1 0 1 0 0 1 0 0 1 0 0 0 0 1 1 0 1 1 0 1 0 0 1 1 0 0 1 0 0 0 1 1 1 1 0 0 0]",57
1147,4,gad7,9,PCA,RF,2,0.34782608695652173,0.4594594594594595,16,35,24,36,"[0 0 1 0 0 1 0 0 1 0 0 1 0 1 0 0 1 0 0 0 1 0 0 0 0 1 1 0 0 1 0 0 1 0 1 0 1
 1 0 0 1 0 1 0 1 0 1 0 1 0 0 0 0 0 0 1 0 1 0 0 1 1 0 0 1 1 0 0 0 1 0 1 0 0
 1 0 0 0 1 1 0 0 1 0 1 1 0 1 0 0 0 0 0 1 0 0 1 0 0 0 0 1 0 0 1 1 1 0 0 0 0]",57
1148,4,gad7,9,PCA,LR,2,0.5588235294117647,0.4594594594594595,38,13,46,14,"[1 1 1 0 1 1 1 0 1 0 1 1 1 0 0 1 1 1 1 1 0 1 1 0 1 1 1 1 1 0 1 1 1 1 1 1 1
 1 1 1 1 0 1 1 1 0 1 1 1 1 1 1 0 0 1 1 1 1 1 1 1 0 1 1 0 1 0 1 1 0 0 1 0 1
 1 0 1 1 1 1 0 1 0 1 1 0 1 1 0 1 1 1 1 1 1 0 1 1 1 1 1 1 1 1 1 1 0 1 0 1 0]",57
1149,4,gad7,9,PCA,XG,2,0.4375,0.5135135135135135,21,36,23,31,"[0 0 1 0 0 1 0 0 1 0 0 0 0 1 0 0 1 0 0 0 1 0 1 1 0 1 0 0 0 1 0 0 1 0 1 0 1
 1 0 0 1 0 1 0 1 0 1 0 1 0 0 0 1 0 0 1 0 1 0 0 1 1 1 0 1 1 0 0 0 1 0 1 0 0
 1 0 1 0 1 1 0 0 1 0 1 1 0 1 0 1 0 0 0 1 0 0 1 0 0 1 0 0 0 0 1 0 1 1 0 0 0]",57
1150,4,gad7,9,PCA,SVC,3,0.42592592592592593,0.44144144144144143,23,26,33,29,"[0 0 1 0 0 1 0 0 0 0 0 1 0 1 0 1 1 0 1 0 0 1 1 0 0 0 1 0 1 1 0 1 1 1 0 0 1
 0 1 0 1 0 1 0 1 0 1 1 1 1 0 0 0 0 1 1 1 0 0 1 1 1 0 1 1 1 0 0 0 1 0 1 0 1
 1 0 0 1 1 1 0 0 1 0 1 0 1 1 1 0 1 1 1 1 0 0 1 1 0 1 0 0 1 0 1 1 1 0 0 0 0]",57
1151,4,gad7,9,PCA,kNN,3,0.4672897196261683,0.4864864864864865,25,29,30,27,"[0 0 1 0 0 0 0 0 0 0 0 1 0 1 0 1 0 0 1 0 0 0 1 0 0 1 1 0 1 1 1 1 1 1 1 1 1
 0 1 0 1 0 1 1 0 0 1 1 1 0 1 0 0 1 1 1 1 1 0 1 1 1 0 0 1 1 0 0 0 1 0 0 0 1
 0 0 1 0 1 1 0 0 1 0 1 0 0 1 1 1 0 1 0 1 0 0 1 0 0 1 0 0 1 0 0 1 1 0 1 1 1]",57
1152,4,gad7,9,PCA,RF,3,0.3505154639175258,0.43243243243243246,17,31,28,35,"[0 0 1 0 0 1 0 0 1 0 0 1 0 1 0 1 1 0 1 0 0 0 1 0 0 1 0 0 1 1 1 0 1 1 1 0 1
 0 0 0 1 0 1 0 1 0 1 0 1 0 1 0 0 0 0 0 0 1 0 0 0 1 0 0 1 1 0 0 0 1 0 1 0 0
 0 1 1 1 1 1 0 0 1 0 0 1 1 1 0 0 0 0 0 1 0 0 1 0 0 1 0 0 1 0 1 1 1 0 0 0 0]",57
1153,4,gad7,9,PCA,LR,3,0.42424242424242425,0.4864864864864865,21,33,26,31,"[0 0 1 0 0 1 1 0 1 0 1 1 0 1 0 1 0 0 0 1 0 0 1 0 0 1 1 0 0 0 0 1 1 1 0 1 0
 0 1 1 1 0 0 0 0 0 1 1 1 0 0 0 0 0 0 1 0 0 0 0 1 1 0 0 0 1 0 1 1 0 0 1 0 0
 1 0 0 0 1 1 0 0 0 0 1 0 1 1 0 0 1 1 1 1 1 0 1 0 1 0 0 1 0 1 1 1 1 0 0 0 0]",57
1154,4,gad7,9,PCA,XG,3,0.3655913978494624,0.46846846846846846,17,35,24,35,"[0 1 1 0 0 1 0 0 1 0 0 0 0 1 0 0 1 0 0 0 0 0 1 0 1 0 0 0 1 1 0 0 1 0 1 0 1
 0 0 0 1 0 1 0 1 0 1 0 1 0 1 0 0 0 0 0 0 1 1 0 0 1 1 1 1 1 0 0 0 0 0 1 0 0
 0 0 1 1 1 0 0 0 1 0 1 1 0 1 0 0 0 0 0 1 0 0 1 0 0 1 0 0 1 0 1 0 1 1 0 0 0]",57
1155,4,gad7,9,PCA,SVC,4,0.35999999999999993,0.42342342342342343,18,29,30,34,"[0 0 1 0 0 1 0 0 0 0 0 1 0 1 0 1 1 0 1 0 0 1 1 0 0 0 1 0 1 1 0 1 1 1 0 1 1
 0 1 0 1 0 1 0 0 1 0 1 0 0 0 0 0 0 0 1 1 0 0 1 1 1 0 0 1 1 0 0 0 1 0 1 0 0
 1 0 0 1 1 0 0 0 1 0 1 0 0 0 1 0 1 0 1 1 0 0 1 1 0 1 0 0 1 0 1 1 1 0 0 0 1]",57
1156,4,gad7,9,PCA,kNN,4,0.44660194174757284,0.4864864864864865,23,31,28,29,"[0 0 1 1 0 1 1 0 0 0 1 1 0 1 0 1 1 0 1 0 0 0 1 1 0 0 1 0 1 1 1 1 1 1 1 1 1
 0 0 0 1 0 0 1 0 0 0 1 1 0 0 1 0 0 0 1 1 0 1 1 1 1 0 0 1 1 0 0 0 1 0 1 0 0
 1 0 1 0 0 1 0 0 1 1 0 0 0 0 0 0 0 1 0 1 0 0 1 0 0 0 0 0 1 0 1 1 1 0 1 0 1]",57
1157,4,gad7,9,PCA,RF,4,0.4123711340206186,0.4864864864864865,20,34,25,32,"[0 1 1 1 0 1 0 0 0 0 0 0 1 1 0 1 1 0 0 0 0 0 0 0 0 1 1 0 1 1 1 0 1 1 1 0 1
 1 0 0 1 0 0 0 1 0 0 1 1 0 0 0 0 0 0 0 0 0 0 1 1 1 0 0 1 1 0 0 0 1 0 1 0 0
 1 1 1 1 1 1 0 0 1 0 0 1 1 1 0 0 0 1 0 1 0 0 1 0 0 0 0 0 0 0 1 1 1 0 0 0 0]",57
1158,4,gad7,9,PCA,LR,4,0.45714285714285713,0.4864864864864865,24,30,29,28,"[0 0 1 0 1 1 1 0 1 0 1 1 1 1 0 1 1 0 0 1 0 0 1 0 0 1 0 0 0 1 0 1 1 0 0 1 1
 0 1 1 0 0 1 1 0 0 1 0 0 0 0 0 0 0 0 1 0 0 0 1 1 1 0 0 1 1 0 1 1 1 0 1 0 0
 1 0 0 1 1 1 0 0 1 0 0 0 0 0 1 1 1 0 1 1 1 0 1 1 1 0 0 0 1 1 1 0 1 0 0 1 0]",57
1159,4,gad7,9,PCA,XG,4,0.4583333333333333,0.5315315315315315,22,37,22,30,"[0 0 1 1 0 1 0 0 0 0 1 0 1 1 0 0 1 0 0 0 0 0 0 0 0 1 1 0 1 1 1 0 0 1 1 1 0
 1 0 0 1 0 1 0 1 0 0 1 0 0 0 0 1 0 0 1 0 1 1 1 1 1 0 0 0 1 0 0 0 1 0 1 0 0
 1 1 1 1 1 0 0 0 1 0 0 1 1 1 0 1 0 0 0 0 0 0 1 0 0 0 0 0 0 0 0 1 1 0 0 1 0]",57
1160,4,gad7,9,PCA,SVC,1,0.4680851063829788,0.5495495495495496,22,39,20,30,"[0 0 1 1 1 0 0 1 1 1 1 1 0 1 0 1 0 0 0 0 0 1 1 0 1 1 0 1 1 0 0 0 0 1 0 0 0
 1 0 0 0 0 1 0 0 0 1 0 0 0 0 1 1 1 1 0 0 0 0 0 0 0 0 1 0 0 0 1 1 0 0 0 1 0
 0 0 0 1 0 0 1 0 0 1 0 0 0 1 0 1 1 0 0 0 0 0 1 0 0 1 0 0 0 0 0 1 1 1 1 1 1]",58
1161,4,gad7,9,PCA,kNN,1,0.4583333333333333,0.5315315315315315,22,37,22,30,"[1 0 0 1 1 0 0 0 1 1 1 0 1 0 0 0 0 0 0 1 0 1 0 0 0 1 0 1 0 0 0 0 0 1 0 1 0
 1 1 0 0 0 0 0 0 0 1 0 0 0 0 1 1 0 0 0 1 0 0 0 0 0 0 1 0 1 1 0 1 0 0 0 1 1
 1 0 0 0 0 1 1 1 1 1 0 0 0 1 0 1 1 0 1 1 0 0 1 0 0 1 1 1 0 1 1 1 0 0 0 0 1]",58
1162,4,gad7,9,PCA,RF,1,0.3255813953488372,0.4774774774774775,14,39,20,38,"[1 0 0 0 1 0 0 0 0 1 1 1 1 0 0 0 0 0 0 1 0 0 0 0 0 1 0 1 0 0 0 1 1 1 1 0 0
 1 0 0 0 0 1 0 0 0 1 0 0 0 0 1 0 0 0 0 0 1 0 0 0 0 0 1 0 0 0 0 1 0 0 0 0 1
 0 0 1 0 1 0 1 1 0 0 0 0 0 0 0 1 1 0 1 1 0 0 1 0 0 0 0 1 0 1 1 1 0 0 0 0 0]",58
1163,4,gad7,9,PCA,LR,1,0.3870967741935483,0.4864864864864865,18,36,23,34,"[0 0 1 0 1 0 0 0 1 1 1 0 0 1 0 1 0 0 0 0 0 1 1 0 1 1 0 1 1 0 0 0 0 1 0 0 0
 1 0 0 0 0 0 0 0 0 1 0 0 0 0 1 1 1 1 0 0 0 0 1 0 1 0 1 0 0 0 1 1 1 0 0 1 0
 0 0 0 1 0 0 1 0 0 1 0 1 0 1 0 1 1 0 0 0 0 0 1 0 0 1 0 0 0 0 0 1 0 1 1 1 1]",58
1164,4,gad7,9,PCA,XG,1,0.28235294117647064,0.45045045045045046,12,38,21,40,"[1 0 0 0 1 0 0 0 0 1 1 0 1 0 0 0 0 0 0 1 0 1 0 0 0 1 0 1 0 0 0 1 1 1 1 0 0
 1 0 0 0 0 0 0 0 0 1 0 0 0 0 1 0 0 0 0 0 0 0 0 0 0 0 1 0 0 0 0 1 0 0 0 0 1
 0 0 1 0 1 0 1 1 0 1 0 0 0 0 0 1 1 0 1 1 0 0 1 0 0 0 0 1 0 1 1 1 0 0 0 0 0]",58
1165,4,gad7,9,PCA,SVC,2,0.5272727272727272,0.5315315315315315,29,30,29,23,"[0 1 1 1 1 0 0 1 1 1 1 1 1 0 0 1 0 0 1 0 0 1 0 0 0 0 0 1 0 0 0 1 0 0 0 0 0
 1 0 1 0 1 1 0 0 0 1 0 1 0 1 1 1 1 0 0 1 0 1 1 1 1 0 1 1 0 0 1 0 1 0 0 1 0
 1 1 0 1 1 1 1 0 0 1 0 1 0 1 1 1 1 1 0 0 0 1 1 1 1 0 0 0 1 1 1 1 0 0 1 0 1]",58
1166,4,gad7,9,PCA,kNN,2,0.4915254237288136,0.4594594594594595,29,22,37,23,"[1 0 0 1 1 0 0 1 1 1 1 1 1 1 0 1 1 1 0 1 1 1 1 1 0 0 1 1 0 1 0 0 1 0 1 0 1
 1 0 1 0 1 1 1 0 0 1 0 0 1 1 1 1 1 1 0 0 1 1 0 0 0 1 1 0 0 1 0 0 0 0 1 1 1
 1 1 0 0 1 0 1 1 0 1 0 0 0 1 1 1 1 1 1 1 1 0 1 1 1 0 0 0 1 0 1 1 0 1 0 0 1]",58
1167,4,gad7,9,PCA,RF,2,0.43999999999999995,0.4954954954954955,22,33,26,30,"[1 0 0 0 0 0 1 1 1 0 1 0 1 0 0 0 0 1 1 1 0 1 0 1 0 1 1 1 0 0 1 0 1 0 1 0 1
 1 0 0 0 0 0 1 0 0 0 0 0 0 1 1 1 0 0 0 0 1 0 0 0 0 0 1 0 1 0 0 1 0 0 1 1 1
 1 1 1 0 1 0 1 1 1 1 0 0 0 0 0 1 1 0 1 0 1 0 1 1 0 0 0 0 1 1 1 1 0 0 0 0 0]",58
1168,4,gad7,9,PCA,LR,2,0.4807692307692308,0.5135135135135135,25,32,27,27,"[0 1 0 1 0 0 0 1 1 1 1 1 1 0 0 1 0 0 1 0 0 1 0 0 0 0 0 1 0 0 0 1 0 0 0 0 0
 1 0 1 0 1 1 0 0 0 0 0 1 0 1 1 1 1 0 0 1 0 1 1 1 1 0 1 1 0 0 0 0 1 0 0 1 0
 1 1 0 1 1 1 1 0 0 1 0 1 0 1 1 1 1 0 0 0 0 1 1 1 1 0 0 0 1 1 1 1 0 0 0 0 1]",58
1169,4,gad7,9,PCA,XG,2,0.43564356435643564,0.4864864864864865,22,32,27,30,"[1 0 0 1 0 0 0 0 1 0 1 1 1 0 0 0 0 1 1 1 0 1 0 1 0 1 1 1 0 0 1 1 0 0 1 0 1
 1 1 0 1 1 1 1 0 0 0 0 0 0 0 1 1 0 0 0 0 1 1 0 0 0 0 1 0 1 0 0 1 0 0 1 1 1
 1 1 1 0 1 0 1 0 0 1 0 0 0 0 0 1 1 0 1 0 1 0 1 1 0 0 0 0 0 1 1 1 0 0 0 0 0]",58
1170,4,gad7,9,PCA,SVC,3,0.5098039215686274,0.5495495495495496,26,35,24,26,"[0 1 0 1 1 0 1 1 1 0 1 1 1 0 0 0 0 0 1 0 0 1 0 0 0 0 0 1 0 0 0 1 0 0 0 0 0
 1 0 1 0 1 1 0 0 0 1 0 1 1 1 1 1 0 0 0 1 0 1 0 1 0 0 1 1 0 0 0 0 0 0 0 1 0
 1 1 0 1 1 1 0 0 1 1 0 0 0 1 1 1 1 1 0 0 0 1 1 1 1 0 0 0 1 1 1 1 0 0 0 0 1]",58
1171,4,gad7,9,PCA,kNN,3,0.48214285714285715,0.4774774774774775,27,26,33,25,"[0 1 0 1 1 0 1 1 1 1 1 0 1 1 0 0 0 1 1 1 1 1 0 0 0 0 1 0 0 1 1 0 1 0 1 0 0
 1 1 1 0 1 0 0 0 1 1 0 0 1 0 1 1 0 0 0 1 0 1 1 0 1 1 1 0 0 0 0 1 1 0 0 0 0
 1 1 0 1 1 0 1 1 1 1 1 1 0 1 1 1 1 1 1 0 1 0 1 1 0 1 0 0 0 0 1 1 0 0 0 0 1]",58
1172,4,gad7,9,PCA,RF,3,0.42222222222222217,0.5315315315315315,19,40,19,33,"[0 0 0 0 0 0 1 0 1 0 1 0 1 0 0 0 0 1 0 1 0 1 0 0 0 1 0 1 0 1 0 1 1 0 1 0 1
 1 0 0 0 0 0 0 0 0 0 0 0 1 0 1 1 0 0 1 0 0 1 0 0 0 0 1 0 1 0 0 1 0 0 1 0 0
 1 1 0 0 0 0 1 1 1 1 0 0 1 1 0 0 1 0 1 0 1 0 1 1 0 0 0 0 1 0 0 0 0 0 0 0 0]",58
1173,4,gad7,9,PCA,LR,3,0.4807692307692308,0.5135135135135135,25,32,27,27,"[0 1 0 1 1 0 0 1 1 1 1 1 1 0 0 0 0 0 1 0 0 1 0 0 0 0 0 1 0 0 0 1 0 0 0 0 0
 1 0 1 0 1 1 0 0 0 1 0 1 0 1 1 1 0 0 0 1 0 1 1 1 1 0 1 1 0 0 0 0 1 0 0 0 0
 1 1 0 1 1 1 1 0 0 1 0 1 0 1 1 1 1 1 0 0 0 1 1 1 1 0 0 0 1 1 1 1 0 0 0 0 1]",58
1174,4,gad7,9,PCA,XG,3,0.3636363636363637,0.4954954954954955,16,39,20,36,"[0 0 0 0 0 0 0 0 1 0 1 0 1 0 0 0 0 1 0 1 0 1 0 1 0 1 0 0 0 1 0 1 1 0 1 0 1
 1 0 0 1 0 0 0 0 0 0 1 0 0 0 0 0 0 0 1 0 0 1 0 0 0 0 1 0 1 0 0 0 0 0 1 0 1
 1 1 0 0 1 0 1 1 1 1 0 0 1 1 0 1 1 0 1 0 0 0 0 1 0 0 0 0 0 0 1 0 0 0 0 0 0]",58
1175,4,gad7,9,PCA,SVC,4,0.43564356435643564,0.4864864864864865,22,32,27,30,"[0 1 0 1 1 0 0 1 1 1 1 0 1 1 0 0 0 0 1 0 0 1 0 0 0 0 0 1 0 1 0 1 1 0 0 0 0
 1 0 1 0 1 0 0 0 0 1 0 1 1 1 1 1 0 0 0 1 0 1 0 1 0 0 1 1 0 0 0 0 0 0 0 1 0
 1 1 0 1 1 1 0 0 0 1 0 0 0 1 1 1 1 0 0 0 0 1 1 1 1 0 0 0 1 1 1 1 0 0 0 0 1]",58
1176,4,gad7,9,PCA,kNN,4,0.45714285714285713,0.4864864864864865,24,30,29,28,"[0 0 0 1 1 0 0 1 1 1 1 1 0 1 0 0 0 1 0 1 0 1 0 1 1 0 1 1 0 1 0 0 1 0 1 0 0
 1 1 0 0 1 1 0 0 0 1 1 0 1 0 1 1 0 0 1 0 0 1 0 0 0 1 1 0 0 0 0 1 0 0 0 0 1
 1 1 1 1 1 1 1 0 0 1 0 0 0 1 1 1 1 0 1 1 0 0 1 0 0 1 0 0 0 0 1 1 0 1 0 0 1]",58
1177,4,gad7,9,PCA,RF,4,0.35555555555555557,0.4774774774774775,16,37,22,36,"[0 0 0 0 1 0 0 0 1 0 1 0 1 0 0 0 0 1 0 1 0 1 0 0 1 1 0 0 0 1 0 0 1 0 1 0 0
 1 0 0 0 0 0 0 0 0 1 0 1 1 0 1 1 0 0 0 0 0 1 0 0 0 0 1 0 0 0 0 1 0 0 1 1 1
 1 1 1 0 0 1 1 1 0 1 0 0 0 1 0 0 1 0 1 0 1 0 1 0 0 1 0 0 0 0 0 1 0 0 0 0 0]",58
1178,4,gad7,9,PCA,LR,4,0.4716981132075472,0.4954954954954955,25,30,29,27,"[0 1 0 1 1 0 0 1 1 1 1 1 1 0 0 1 0 0 1 0 0 1 0 0 0 0 0 1 0 0 0 0 0 0 0 0 0
 1 0 1 0 1 1 0 0 1 1 0 1 1 1 1 1 1 0 0 1 0 1 1 1 1 0 1 1 0 0 0 0 1 0 0 0 0
 1 1 0 1 0 1 1 0 0 1 0 1 0 1 1 1 1 0 0 0 0 1 1 1 1 0 1 0 1 1 1 1 0 0 0 0 1]",58
1179,4,gad7,9,PCA,XG,4,0.3448275862068965,0.4864864864864865,15,39,20,37,"[0 0 0 0 1 0 0 0 1 1 1 0 1 0 0 0 0 1 0 1 0 1 0 1 0 1 0 0 0 1 0 0 1 0 1 0 1
 1 0 0 1 0 0 0 0 0 1 0 0 1 0 0 0 0 0 1 0 0 1 0 0 0 0 1 0 0 0 0 1 0 0 1 0 1
 0 1 1 0 0 1 1 1 0 1 0 0 1 1 0 0 1 0 1 0 0 1 0 0 0 0 0 0 0 0 0 0 0 0 0 0 0]",58
1180,4,gad7,9,PCA,SVC,1,0.19718309859154928,0.4864864864864865,7,47,12,45,"[0 1 0 0 0 0 0 0 1 0 0 0 0 0 0 0 0 0 0 0 0 0 0 0 0 0 0 0 0 0 0 0 0 1 0 0 0
 1 1 0 0 1 1 0 0 0 0 1 0 0 0 0 0 0 0 0 0 1 0 0 0 0 1 0 0 1 1 1 1 0 0 0 0 0
 0 0 0 0 0 0 0 0 0 0 0 0 0 0 0 1 0 0 0 0 1 1 0 0 0 0 0 0 1 0 0 0 0 1 0 0 0]",59
1181,4,gad7,9,PCA,kNN,1,0.3488372093023256,0.4954954954954955,15,40,19,37,"[0 1 0 0 0 0 1 0 1 0 0 0 1 1 0 0 0 0 0 0 0 0 1 0 1 0 0 0 0 0 0 0 0 1 0 0 0
 1 0 0 0 0 1 1 0 0 0 1 0 0 0 0 0 0 0 0 1 0 1 0 1 0 0 1 1 1 1 1 0 1 0 0 0 0
 0 0 0 1 0 0 0 0 0 0 0 0 0 0 1 1 0 1 1 1 1 0 0 1 1 1 1 0 1 0 0 0 1 0 0 0 0]",59
1182,4,gad7,9,PCA,RF,1,0.29629629629629634,0.4864864864864865,12,42,17,40,"[0 0 0 0 1 0 0 0 0 0 0 0 1 0 0 0 0 0 0 0 0 0 1 1 0 1 0 0 0 0 0 0 0 0 0 0 0
 0 0 1 0 0 0 1 0 1 1 0 0 0 1 0 0 0 1 0 0 0 1 0 1 1 0 0 0 0 1 0 0 1 0 0 0 0
 0 0 1 1 0 0 1 0 0 0 0 0 0 0 1 1 0 0 1 1 1 0 0 0 0 0 1 1 1 1 0 0 0 0 0 0 1]",59
1183,4,gad7,9,PCA,LR,1,0.5365853658536585,0.4864864864864865,33,21,38,19,"[1 0 1 0 1 1 1 1 0 1 0 1 1 1 1 1 0 1 1 1 1 1 1 1 1 1 1 1 1 1 1 1 1 0 1 0 1
 0 1 1 1 0 0 1 0 0 0 0 1 1 1 1 0 1 0 1 1 1 1 1 0 1 0 1 1 0 0 0 0 0 1 1 0 1
 1 1 0 0 1 1 1 1 1 0 0 0 0 1 0 0 0 1 1 1 1 0 1 1 1 1 0 1 0 1 1 0 0 0 1 1 0]",59
1184,4,gad7,9,PCA,XG,1,0.30379746835443033,0.5045045045045045,12,44,15,40,"[0 0 0 0 1 0 0 0 0 0 0 0 1 0 0 0 0 0 0 0 0 0 1 1 0 1 0 0 0 0 0 0 0 0 0 0 0
 0 0 1 0 0 1 1 0 0 1 0 0 0 0 0 0 0 1 0 0 0 1 0 1 1 0 1 0 1 1 0 0 1 0 0 0 0
 0 0 0 1 0 0 1 0 0 0 0 0 0 0 1 1 0 1 1 1 1 0 0 0 0 0 1 0 1 0 0 0 0 0 0 0 0]",59
1185,4,gad7,9,PCA,SVC,2,0.505050505050505,0.5585585585585585,25,37,22,27,"[0 1 1 1 1 1 1 0 1 1 1 0 0 0 1 0 0 1 0 1 0 0 0 1 0 0 1 0 1 0 0 1 0 1 0 0 0
 1 0 1 1 1 1 1 0 0 1 1 0 0 0 1 0 0 0 0 0 1 0 0 0 0 1 0 1 1 1 0 1 0 0 0 0 1
 0 1 0 0 1 1 1 0 0 0 0 0 1 1 0 1 0 1 0 0 0 1 0 0 0 1 0 0 0 1 1 0 0 1 1 0 0]",59
1186,4,gad7,9,PCA,kNN,2,0.2608695652173913,0.38738738738738737,12,31,28,40,"[0 0 1 0 0 0 0 0 0 0 0 0 0 0 0 0 0 0 0 0 0 1 1 1 1 0 0 1 0 0 0 0 0 0 0 0 0
 0 1 1 0 1 1 1 0 1 1 0 0 0 0 0 0 1 1 1 0 0 1 0 1 0 0 0 1 1 1 0 1 0 1 1 0 0
 0 1 1 0 0 0 1 0 0 0 1 0 1 0 0 1 1 0 1 1 0 1 0 0 1 0 1 0 0 1 1 0 0 1 0 0 1]",59
1187,4,gad7,9,PCA,RF,2,0.3409090909090909,0.4774774774774775,15,38,21,37,"[0 0 0 0 1 0 0 0 0 0 0 0 0 0 0 0 0 0 0 0 0 1 1 1 1 0 0 0 0 0 0 0 0 0 0 0 0
 0 0 1 1 1 1 1 0 0 1 0 0 0 1 1 0 0 1 1 0 0 1 0 1 1 0 0 1 0 1 0 1 0 1 0 0 0
 1 1 1 0 0 0 1 0 0 0 0 0 1 0 1 1 1 0 0 1 0 0 0 0 0 1 1 0 0 1 1 0 0 1 0 0 0]",59
1188,4,gad7,9,PCA,LR,2,0.40909090909090906,0.5315315315315315,18,41,18,34,"[0 0 1 0 1 1 1 0 0 1 0 0 0 0 1 0 0 1 0 1 0 0 0 1 0 0 1 0 1 0 0 1 0 0 0 0 0
 0 0 1 1 1 1 1 0 0 0 0 0 0 0 1 0 0 0 0 0 1 0 0 0 0 0 0 1 0 0 0 1 0 0 0 0 1
 0 1 0 0 1 1 1 0 0 0 0 0 1 1 0 1 0 1 0 0 0 1 0 0 0 1 0 0 0 1 1 0 0 1 1 0 0]",59
1189,4,gad7,9,PCA,XG,2,0.38636363636363635,0.5135135135135135,17,40,19,35,"[0 0 0 0 1 0 0 0 0 0 0 0 0 0 0 0 0 1 0 0 0 1 1 1 1 0 0 1 0 0 0 0 0 0 0 0 0
 0 0 1 0 1 1 1 0 0 1 0 0 0 1 0 0 0 1 0 0 0 1 0 1 1 0 0 1 0 1 0 1 1 1 0 0 0
 1 1 0 1 0 0 0 0 0 0 0 0 1 0 1 1 0 0 0 1 1 1 0 0 0 1 1 0 0 1 1 0 0 1 0 0 0]",59
1190,4,gad7,9,PCA,SVC,3,0.5523809523809525,0.5765765765765766,29,35,24,23,"[0 0 1 1 1 1 1 0 0 1 1 0 0 0 1 0 0 1 0 1 0 0 0 1 0 0 1 0 1 0 0 1 0 0 0 0 0
 1 0 1 1 1 1 1 0 0 1 1 0 0 0 1 0 0 1 0 0 1 0 0 1 0 1 0 1 1 1 0 1 1 0 0 0 1
 0 1 0 1 1 1 1 0 0 0 1 0 1 1 1 1 1 1 0 0 0 1 0 0 0 1 1 0 0 1 1 1 0 1 1 0 0]",59
1191,4,gad7,9,PCA,kNN,3,0.4421052631578947,0.5225225225225225,21,37,22,31,"[1 0 1 0 1 0 0 0 1 1 0 1 0 0 1 0 0 0 0 1 0 0 0 0 0 0 0 0 1 0 1 0 0 0 0 0 0
 1 1 0 0 1 1 1 0 1 1 0 0 1 0 0 0 0 1 0 0 1 0 0 1 1 1 0 1 1 1 0 1 0 1 0 0 0
 0 0 1 0 0 1 0 0 0 0 1 0 1 0 1 1 1 0 1 1 1 1 0 0 0 0 1 0 0 0 0 0 0 1 1 0 1]",59
1192,4,gad7,9,PCA,RF,3,0.3529411764705882,0.5045045045045045,15,41,18,37,"[0 0 0 0 0 0 1 0 0 0 0 0 0 0 0 0 0 0 0 0 0 0 1 0 0 0 0 0 1 0 0 0 0 0 0 0 0
 1 0 1 0 1 1 1 0 0 1 0 0 0 0 0 0 0 1 0 0 0 0 0 1 1 1 0 1 1 1 1 1 0 1 0 0 0
 1 1 1 0 0 0 0 0 0 0 0 0 1 0 0 1 1 0 0 1 1 1 0 0 0 1 1 0 0 1 0 0 0 1 0 0 1]",59
1193,4,gad7,9,PCA,LR,3,0.5048543689320388,0.5405405405405406,26,34,25,26,"[0 0 1 1 1 1 1 0 0 1 1 0 0 0 1 0 0 1 0 1 0 0 0 1 0 0 1 0 1 0 0 1 0 0 0 0 0
 0 0 1 1 1 1 1 0 1 1 0 0 0 0 1 0 0 1 0 0 1 0 0 1 0 0 0 1 0 0 0 1 1 0 0 0 1
 0 1 1 1 1 1 1 0 0 0 1 0 1 1 1 1 1 1 0 0 0 1 0 0 0 1 1 0 0 1 1 1 0 1 1 0 1]",59
1194,4,gad7,9,PCA,XG,3,0.3764705882352941,0.5225225225225225,16,42,17,36,"[0 0 0 0 0 0 0 0 0 0 0 0 0 0 0 0 0 0 0 0 0 1 0 0 1 0 0 1 1 0 0 0 0 0 0 0 0
 1 0 1 0 1 1 1 0 0 1 0 0 0 0 0 0 0 1 1 0 0 0 0 1 1 0 0 1 0 1 1 0 1 1 0 0 0
 1 1 1 1 0 0 0 0 0 0 0 0 1 0 1 1 0 0 0 1 1 1 0 0 0 0 1 0 0 1 0 0 1 1 0 0 0]",59
1195,4,gad7,9,PCA,SVC,4,0.5132743362831858,0.5045045045045045,29,27,32,23,"[0 0 1 1 1 1 1 0 1 1 1 0 0 0 1 0 0 1 0 1 0 1 1 1 0 0 1 0 1 0 0 1 0 1 0 0 0
 1 1 1 1 1 1 1 0 1 1 0 0 0 0 1 0 0 1 1 0 1 0 0 1 0 0 0 1 1 1 0 1 1 0 0 0 1
 0 1 1 1 1 1 1 0 1 0 1 0 1 1 1 1 1 1 0 0 0 1 0 0 0 1 1 0 0 1 1 1 0 1 1 0 1]",59
1196,4,gad7,9,PCA,kNN,4,0.5098039215686274,0.5495495495495496,26,35,24,26,"[0 1 1 0 1 1 0 0 1 1 0 1 1 0 1 0 0 0 0 1 0 1 1 1 0 0 0 0 1 0 1 1 0 0 0 0 0
 1 1 1 0 1 1 1 0 0 1 0 0 0 0 0 0 0 1 1 1 0 1 0 1 0 1 0 1 0 0 0 1 0 1 0 0 0
 1 0 1 1 0 1 0 0 1 0 1 0 1 0 0 1 0 1 1 1 0 1 0 0 0 0 1 0 0 0 1 1 0 1 1 0 1]",59
1197,4,gad7,9,PCA,RF,4,0.40909090909090906,0.5315315315315315,18,41,18,34,"[0 0 0 0 0 0 0 0 0 1 0 0 0 0 0 0 0 0 0 0 0 1 1 1 0 0 0 0 1 0 0 1 0 0 0 0 0
 1 1 1 1 1 1 1 0 0 1 0 0 0 0 0 0 0 1 1 0 0 0 0 1 0 1 0 1 1 0 0 1 1 1 0 0 0
 1 1 0 1 0 0 0 0 0 0 0 0 1 0 1 1 0 1 0 0 0 1 0 0 0 0 1 0 0 1 1 0 0 1 1 0 0]",59
1198,4,gad7,9,PCA,LR,4,0.5048543689320388,0.5405405405405406,26,34,25,26,"[0 0 1 1 1 1 1 0 0 1 1 0 0 0 1 0 0 1 0 1 0 0 0 1 0 0 1 0 1 0 0 1 0 0 0 0 0
 0 0 1 1 1 1 1 0 1 1 0 0 0 0 1 0 0 1 0 0 1 0 0 1 0 0 0 1 0 0 0 1 1 0 0 0 1
 0 1 1 1 1 1 1 0 0 0 1 0 1 1 1 1 1 1 0 0 0 1 0 0 0 1 1 0 0 1 1 1 0 1 1 0 1]",59
1199,4,gad7,9,PCA,XG,4,0.3409090909090909,0.4774774774774775,15,38,21,37,"[0 1 0 0 0 0 0 0 0 0 0 0 0 0 0 0 0 0 0 0 0 1 1 0 0 0 0 0 1 0 0 1 0 0 0 0 0
 1 1 1 1 1 1 1 0 0 1 0 0 1 0 0 0 0 1 1 0 0 0 0 1 0 1 0 1 0 0 0 1 1 1 0 0 0
 0 1 1 1 0 0 0 1 0 0 0 0 1 0 1 1 0 0 0 0 1 1 0 0 0 0 1 0 0 0 1 0 1 1 0 0 1]",59
1200,4,gad7,9,PCA,SVC,1,0.16129032258064518,0.5315315315315315,5,54,5,47,"[0 0 1 0 0 0 1 1 0 0 0 0 0 1 0 0 0 0 0 0 0 0 0 0 0 0 0 0 0 0 0 0 0 1 0 0 0
 0 0 0 0 0 0 0 0 1 0 0 0 0 0 0 0 0 0 0 0 0 0 0 0 1 0 0 0 0 0 0 0 0 0 0 0 0
 0 0 1 0 0 0 0 1 0 0 0 0 0 0 0 0 0 1 0 0 0 0 0 0 0 0 0 0 0 0 0 0 0 0 0 0 0]",60
1201,4,gad7,9,PCA,kNN,1,0.4761904761904762,0.5045045045045045,25,31,28,27,"[0 0 0 1 1 0 0 1 1 0 0 0 0 1 1 0 0 0 1 0 0 1 0 0 1 1 1 0 0 1 1 1 0 1 0 1 0
 0 0 0 0 0 1 0 0 0 0 1 1 0 0 1 1 0 1 1 1 1 1 0 0 0 1 0 0 0 1 1 1 1 1 1 0 1
 0 1 1 0 0 1 0 1 1 0 1 0 1 1 1 1 0 1 1 0 0 0 0 0 1 1 1 1 1 0 1 0 0 0 1 0 0]",60
1202,4,gad7,9,PCA,RF,1,0.3695652173913044,0.4774774774774775,17,36,23,35,"[0 0 0 1 0 0 0 1 1 0 0 0 0 1 0 0 0 0 1 0 0 0 0 0 1 0 0 1 0 0 0 0 0 1 0 1 0
 1 1 0 0 0 1 0 0 0 0 1 0 0 0 1 1 0 1 1 0 1 1 0 0 0 1 0 0 0 0 1 1 0 1 1 0 0
 0 1 0 0 0 0 0 1 1 1 1 1 0 0 1 0 0 1 1 0 0 0 0 0 1 1 1 1 1 1 1 0 0 0 0 0 0]",60
1203,4,gad7,9,PCA,LR,1,0.4918032786885245,0.44144144144144143,30,19,40,22,"[1 1 1 0 1 1 1 1 0 0 0 1 0 1 1 0 1 0 0 1 0 1 1 1 0 1 1 1 1 1 1 0 1 1 1 1 1
 1 0 0 1 0 1 1 0 1 1 1 1 0 1 0 1 0 1 0 1 0 1 1 0 1 0 1 0 1 1 1 0 0 0 1 1 1
 0 1 1 1 0 0 1 1 0 0 1 1 0 1 0 1 1 1 0 1 1 1 0 1 1 0 1 0 1 1 1 0 0 1 0 1 0]",60
1204,4,gad7,9,PCA,XG,1,0.3711340206185567,0.45045045045045046,18,32,27,34,"[0 0 0 1 0 0 0 1 1 0 0 0 0 1 1 0 0 0 1 0 0 0 0 0 1 0 0 0 0 0 0 0 0 1 0 1 0
 1 1 0 0 0 1 0 0 0 0 1 1 0 0 1 1 0 1 1 1 1 1 0 0 0 1 0 0 0 0 1 1 1 1 1 0 1
 0 1 1 0 0 0 0 1 1 1 1 1 1 0 1 0 0 1 1 0 0 0 0 0 1 1 1 1 1 0 1 0 0 0 0 0 0]",60
1205,4,gad7,9,PCA,SVC,2,0.3820224719101124,0.5045045045045045,17,39,20,35,"[0 1 1 1 0 0 1 1 1 0 1 1 1 1 1 0 0 0 0 0 0 0 1 0 0 0 0 0 0 0 1 0 0 1 0 1 0
 0 0 1 0 0 0 1 1 0 0 0 0 0 0 0 0 1 1 1 0 1 1 0 0 0 0 0 0 1 0 0 0 1 0 0 0 0
 0 0 1 1 0 0 1 1 0 0 1 0 0 0 1 0 0 1 1 0 0 1 0 0 0 0 0 1 0 0 0 0 0 1 0 1 0]",60
1206,4,gad7,9,PCA,kNN,2,0.41666666666666663,0.4954954954954955,20,35,24,32,"[0 1 1 0 0 0 0 0 0 1 0 0 0 0 1 0 0 1 1 0 0 0 0 1 0 0 1 1 0 0 1 1 0 1 0 1 0
 0 0 0 0 1 0 1 0 0 0 0 1 0 0 0 0 1 1 1 1 0 1 0 0 1 0 1 1 1 1 1 0 1 1 0 0 1
 1 1 1 1 0 1 1 1 1 0 1 1 0 0 1 0 0 0 0 0 0 0 1 0 0 1 0 0 1 0 0 0 0 0 0 0 0]",60
1207,4,gad7,9,PCA,RF,2,0.32608695652173914,0.44144144144144143,15,34,25,37,"[0 0 1 1 0 0 0 0 1 0 0 0 0 0 1 1 0 0 1 0 0 0 0 0 0 0 0 1 0 0 1 1 0 1 0 1 0
 0 1 1 0 0 0 1 1 0 0 0 1 0 0 0 1 0 1 1 0 1 0 0 0 0 0 0 0 1 0 1 1 1 1 1 0 0
 0 1 1 0 0 0 1 1 1 1 0 0 0 0 1 0 0 1 1 0 0 0 0 0 0 1 1 1 1 0 1 0 0 0 0 0 0]",60
1208,4,gad7,9,PCA,LR,2,0.35443037974683544,0.5405405405405406,14,46,13,38,"[0 1 1 0 0 0 1 1 0 0 0 1 0 1 1 0 0 0 0 0 0 0 1 0 0 0 0 0 0 0 1 1 0 1 0 1 0
 0 0 0 0 0 0 1 0 0 0 0 0 0 0 0 0 0 1 0 0 0 1 0 0 0 0 0 0 1 0 0 1 1 0 0 0 0
 0 0 1 1 0 0 1 1 0 0 1 0 0 0 0 0 0 1 0 0 0 1 0 0 0 0 0 0 0 0 0 0 0 1 0 1 0]",60
1209,4,gad7,9,PCA,XG,2,0.33333333333333337,0.42342342342342343,16,31,28,36,"[0 1 1 1 0 0 0 0 1 0 0 0 0 0 0 1 0 0 1 0 0 0 1 0 0 1 0 1 0 0 1 1 0 1 0 1 0
 0 1 1 0 0 0 1 1 0 0 0 1 0 0 0 1 0 0 1 0 1 0 0 0 0 0 0 0 1 0 1 0 1 1 1 0 0
 0 1 1 1 0 0 1 1 0 1 1 0 1 0 1 0 1 1 1 0 0 0 0 0 0 1 1 1 1 0 1 0 0 1 0 0 0]",60
1210,4,gad7,9,PCA,SVC,3,0.4742268041237113,0.5405405405405406,23,37,22,29,"[0 1 1 1 0 0 1 1 1 0 1 1 1 1 1 0 0 0 0 0 0 0 1 0 0 0 0 0 0 0 1 1 0 1 0 1 0
 0 0 1 0 0 0 1 1 0 0 0 0 0 0 0 0 1 1 1 0 1 1 0 0 0 0 0 0 1 0 0 0 1 1 0 0 0
 0 0 1 1 1 1 1 1 0 0 1 0 1 0 1 0 0 1 1 0 0 1 0 0 0 1 0 1 0 0 0 1 1 1 0 1 0]",60
1211,4,gad7,9,PCA,kNN,3,0.3111111111111111,0.44144144144144143,14,35,24,38,"[0 0 0 0 0 0 0 0 0 1 0 1 1 0 1 0 0 1 1 0 0 1 0 0 0 0 1 0 0 0 0 0 0 1 0 1 1
 0 0 0 0 1 0 0 0 1 0 0 1 0 0 0 1 1 1 1 0 0 0 0 0 0 0 1 1 1 0 1 0 0 1 0 0 0
 1 0 1 0 0 0 1 1 1 1 0 1 0 0 1 0 1 0 0 0 0 0 1 1 0 1 0 1 1 0 0 0 0 1 0 0 0]",60
1212,4,gad7,9,PCA,RF,3,0.3529411764705882,0.5045045045045045,15,41,18,37,"[0 1 1 0 0 0 0 0 1 0 0 0 0 0 1 1 0 0 1 0 0 0 0 0 0 0 0 1 0 0 0 1 0 1 0 1 1
 0 1 0 0 0 0 0 0 0 0 0 1 0 0 0 0 0 1 1 0 1 0 0 0 0 0 0 0 1 0 0 1 1 1 0 0 0
 0 0 1 0 0 0 1 1 1 1 0 1 0 0 1 0 0 1 1 0 0 0 0 0 0 1 1 0 0 0 1 0 0 1 0 0 0]",60
1213,4,gad7,9,PCA,LR,3,0.35443037974683544,0.5405405405405406,14,46,13,38,"[0 1 1 0 0 0 1 1 0 0 0 1 0 1 1 0 0 0 0 0 0 0 1 0 0 0 0 0 0 0 1 1 0 1 0 1 0
 0 0 0 0 0 0 1 0 0 0 0 0 0 0 0 0 0 1 0 0 0 1 0 0 0 0 0 0 1 0 0 1 1 0 0 0 0
 0 0 1 1 0 0 1 1 0 0 1 0 0 0 0 0 0 1 0 0 0 1 0 0 0 0 0 0 0 0 0 0 0 1 0 1 0]",60
1214,4,gad7,9,PCA,XG,3,0.3255813953488372,0.4774774774774775,14,39,20,38,"[0 1 0 1 1 0 0 0 1 0 0 0 0 0 1 1 0 0 1 0 0 0 1 0 0 0 0 1 0 0 0 1 0 1 0 1 1
 1 1 1 0 0 0 0 1 0 0 0 1 0 0 0 1 0 0 1 0 1 0 0 0 0 0 0 0 1 0 0 0 1 1 1 0 0
 0 0 1 0 0 0 1 1 0 1 0 1 0 0 1 0 0 0 1 0 0 0 0 0 0 1 1 0 0 0 0 0 0 0 0 0 0]",60
1215,4,gad7,9,PCA,SVC,4,0.4693877551020408,0.5315315315315315,23,36,23,29,"[0 1 1 1 0 0 1 1 1 0 1 1 1 1 1 1 0 0 0 0 0 0 1 0 0 0 0 0 0 0 1 0 0 1 0 1 0
 0 1 1 0 0 0 1 1 0 0 0 0 0 0 0 0 1 1 1 0 1 1 0 0 0 0 0 0 1 0 0 0 1 1 0 0 0
 0 0 1 1 1 1 1 1 0 0 1 0 1 0 1 0 0 1 1 0 0 1 0 0 0 1 0 1 0 0 0 1 1 1 0 1 0]",60
1216,4,gad7,9,PCA,kNN,4,0.3516483516483517,0.46846846846846846,16,36,23,36,"[0 0 0 0 1 0 0 0 0 1 0 1 0 0 1 0 1 1 1 1 0 0 0 0 0 1 1 0 0 1 1 0 0 1 0 1 0
 0 0 0 0 1 1 0 1 0 0 0 0 0 0 1 0 0 1 1 1 0 0 0 0 0 0 1 1 0 1 1 0 0 1 0 0 0
 1 1 1 0 0 0 1 1 0 0 0 0 0 0 0 0 0 0 0 0 0 0 1 1 0 1 1 0 1 0 1 0 0 1 0 1 0]",60
1217,4,gad7,9,PCA,RF,4,0.3529411764705882,0.5045045045045045,15,41,18,37,"[0 1 1 1 0 0 0 0 1 0 0 1 0 0 1 0 0 0 1 0 0 0 0 0 0 0 1 0 0 0 0 0 0 1 0 1 1
 0 1 0 0 0 0 0 0 0 0 0 1 0 0 0 0 0 1 1 0 1 0 0 0 0 0 1 0 0 0 0 1 1 1 0 0 0
 0 1 1 0 0 0 0 1 1 1 0 0 1 0 1 0 0 1 1 0 0 0 0 1 0 1 1 0 0 0 0 0 0 1 0 0 0]",60
1218,4,gad7,9,PCA,LR,4,0.35443037974683544,0.5405405405405406,14,46,13,38,"[0 1 1 0 0 0 1 1 0 0 0 1 0 1 1 0 0 0 0 0 0 0 1 0 0 0 0 0 0 0 1 1 0 1 0 1 0
 0 0 0 0 0 0 1 0 0 0 0 0 0 0 0 0 0 1 0 0 0 1 0 0 0 0 0 0 1 0 0 1 1 0 0 0 0
 0 0 1 1 0 0 1 1 0 0 1 0 0 0 0 0 0 1 0 0 0 1 0 0 0 0 0 0 0 0 0 0 0 1 0 1 0]",60
1219,4,gad7,9,PCA,XG,4,0.33707865168539325,0.46846846846846846,15,37,22,37,"[0 1 0 1 0 0 0 0 1 0 0 0 0 0 1 1 0 0 1 1 0 0 0 1 0 1 1 0 0 1 0 0 0 1 0 1 1
 0 1 0 0 0 0 0 0 0 0 0 1 0 0 0 1 0 1 1 0 1 1 0 0 0 0 0 0 1 0 0 0 1 1 0 0 0
 0 1 1 0 0 0 1 1 1 1 0 0 1 0 1 0 1 0 1 0 0 0 0 1 0 1 1 0 0 0 0 0 0 0 0 0 0]",60
1220,4,gad7,9,PCA,SVC,1,0.39175257731958757,0.46846846846846846,19,33,26,33,"[0 1 0 1 1 0 1 0 0 0 0 1 1 0 0 0 0 0 1 0 0 0 0 0 1 0 0 0 0 1 0 0 0 0 0 1 1
 0 0 1 1 1 0 1 1 0 0 1 0 0 1 0 0 1 0 1 1 0 0 0 0 0 0 1 0 0 1 0 1 0 1 1 0 0
 1 1 1 0 1 0 1 0 1 1 0 0 1 0 1 0 0 1 1 1 1 0 0 0 1 0 0 1 1 1 0 1 0 0 1 0 0]",61
1221,4,gad7,9,PCA,kNN,1,0.36734693877551017,0.44144144144144143,18,31,28,34,"[0 1 0 1 1 0 1 0 0 0 1 1 1 0 0 0 0 0 1 0 0 1 1 0 0 1 0 0 1 1 1 1 0 0 0 1 1
 1 1 1 1 1 0 1 1 0 0 0 0 0 1 0 0 0 1 0 1 0 0 0 0 0 0 0 0 1 0 0 0 0 0 1 0 0
 1 1 0 0 0 0 0 0 0 1 0 0 0 1 0 0 0 1 1 1 1 0 1 1 0 0 1 1 1 1 0 1 0 1 1 0 0]",61
1222,4,gad7,9,PCA,RF,1,0.39175257731958757,0.46846846846846846,19,33,26,33,"[1 1 0 1 1 0 1 0 1 0 1 0 1 0 0 0 0 0 1 0 0 1 1 0 0 1 0 0 0 0 1 1 0 0 0 1 1
 1 0 1 0 0 0 0 1 0 0 0 1 0 0 1 0 0 0 1 1 0 0 1 0 1 1 0 0 1 0 0 1 0 0 0 0 0
 1 0 0 0 1 0 0 0 0 0 0 1 1 1 1 0 0 1 0 1 1 0 0 0 0 0 1 1 1 1 0 1 0 1 1 0 1]",61
1223,4,gad7,9,PCA,LR,1,0.5196850393700788,0.45045045045045046,33,17,42,19,"[1 1 0 1 1 0 1 0 1 0 0 1 1 0 0 1 0 1 1 1 1 0 0 0 1 1 0 1 0 1 1 1 1 1 0 1 1
 1 0 1 1 1 0 1 1 0 1 1 0 1 1 1 0 1 0 1 1 1 1 0 1 1 1 1 0 0 1 0 1 1 1 1 0 1
 1 1 1 1 1 1 1 0 1 1 0 1 1 0 1 1 0 1 1 1 1 0 1 0 1 0 1 1 1 1 1 1 0 0 1 0 0]",61
1224,4,gad7,9,PCA,XG,1,0.40425531914893614,0.4954954954954955,19,36,23,33,"[0 1 0 1 1 0 1 0 1 0 1 0 1 0 0 0 0 0 1 0 0 1 1 0 0 1 0 0 1 0 1 1 0 0 0 1 1
 1 0 1 0 0 0 0 1 0 0 0 0 0 0 1 0 0 0 1 1 0 0 0 0 1 1 0 0 1 0 0 0 0 0 0 0 0
 1 0 0 0 1 0 0 0 0 1 0 1 0 1 1 0 0 1 0 1 1 0 0 0 0 0 1 1 1 1 0 1 0 1 1 0 1]",61
1225,4,gad7,9,PCA,SVC,2,0.39506172839506176,0.5585585585585585,16,46,13,36,"[0 0 0 1 0 0 0 0 0 0 0 1 0 0 0 1 0 0 0 0 1 0 0 0 1 0 0 0 0 0 1 0 0 1 0 1 0
 0 0 1 0 0 0 0 1 1 0 1 0 0 1 0 0 0 0 0 1 0 0 0 0 0 0 1 0 0 1 1 0 0 0 1 0 0
 1 0 1 0 0 0 1 1 1 0 0 0 0 0 0 1 0 0 0 0 1 0 0 0 0 0 0 0 0 1 0 1 0 1 1 0 0]",61
1226,4,gad7,9,PCA,kNN,2,0.3516483516483517,0.46846846846846846,16,36,23,36,"[0 1 0 1 1 0 1 0 0 0 0 0 1 1 0 0 0 0 1 0 0 1 0 0 0 0 0 0 1 1 0 1 0 0 0 1 1
 0 0 1 0 0 0 0 1 1 0 1 1 0 1 0 0 1 0 0 0 1 1 1 0 0 1 0 0 0 1 1 0 0 0 1 0 0
 1 1 1 0 0 0 1 1 0 0 0 0 0 0 0 0 0 1 0 0 1 0 0 1 0 0 0 0 0 1 0 1 0 1 1 0 0]",61
1227,4,gad7,9,PCA,RF,2,0.380952380952381,0.5315315315315315,16,43,16,36,"[0 1 0 1 1 0 1 0 0 1 0 0 0 0 0 0 0 0 0 0 1 1 0 1 1 0 0 0 1 1 0 0 0 1 0 1 0
 0 0 1 1 0 0 0 1 1 0 1 1 0 1 0 0 0 0 0 0 1 0 1 0 0 0 0 0 0 0 1 0 0 0 0 0 0
 1 0 0 0 0 0 0 0 0 0 0 0 0 0 0 0 0 1 0 1 1 0 0 1 0 0 0 0 0 1 0 1 0 1 1 0 0]",61
1228,4,gad7,9,PCA,LR,2,0.39506172839506176,0.5585585585585585,16,46,13,36,"[0 0 0 1 0 0 0 0 0 0 0 1 0 0 0 1 0 0 0 0 1 0 0 0 1 0 0 0 0 0 1 0 0 1 0 1 0
 0 0 1 0 0 0 0 1 1 0 1 0 0 1 0 0 0 0 0 1 0 0 0 0 0 0 1 0 0 1 1 0 0 0 1 0 0
 1 0 1 0 0 0 1 1 1 0 0 0 0 0 0 1 0 0 0 0 1 0 0 0 0 0 0 0 0 1 0 1 0 1 1 0 0]",61
1229,4,gad7,9,PCA,XG,2,0.3373493975903614,0.5045045045045045,14,42,17,38,"[0 0 0 1 1 0 1 0 0 0 0 0 0 1 0 0 0 0 1 0 1 1 0 0 0 1 0 0 1 0 0 0 0 1 0 1 0
 1 0 1 0 0 0 0 1 0 0 0 1 0 1 0 0 0 0 0 1 1 0 1 0 0 0 0 0 1 0 1 0 0 0 1 0 0
 1 0 0 0 0 0 0 0 0 0 0 0 0 0 0 0 0 1 0 1 1 0 0 1 0 0 0 0 0 1 0 1 0 1 1 0 0]",61
1230,4,gad7,9,PCA,SVC,3,0.42696629213483145,0.5405405405405406,19,41,18,33,"[0 0 0 1 1 0 1 0 0 0 0 1 1 0 0 1 0 0 0 0 1 0 0 0 1 0 0 0 0 1 1 0 0 1 0 1 1
 0 0 1 0 0 0 0 1 1 0 1 0 0 1 0 0 1 0 1 1 0 0 0 0 0 0 1 0 0 1 1 0 0 0 1 0 0
 1 0 1 0 0 0 1 1 1 1 0 0 0 0 0 1 0 0 0 0 1 0 0 0 0 0 0 0 0 1 0 1 0 1 1 0 0]",61
1231,4,gad7,9,PCA,kNN,3,0.36781609195402304,0.5045045045045045,16,40,19,36,"[0 1 0 0 0 0 1 0 0 0 0 1 1 1 0 0 0 0 0 0 1 1 0 0 1 0 0 0 1 1 1 0 0 0 0 1 1
 0 0 0 0 0 0 0 0 1 0 1 1 0 1 0 0 1 0 1 1 0 0 1 0 0 1 0 0 0 0 0 0 0 0 1 0 0
 1 0 0 0 0 0 1 1 1 1 0 0 0 0 0 0 0 0 0 0 1 0 0 1 0 0 0 0 0 1 0 1 0 1 1 0 1]",61
1232,4,gad7,9,PCA,RF,3,0.35714285714285715,0.5135135135135135,15,42,17,37,"[0 1 0 1 0 0 1 0 0 1 0 0 1 1 0 0 0 0 0 0 0 1 0 0 1 0 0 0 1 1 0 0 0 0 0 1 0
 0 1 1 0 0 0 0 1 0 0 1 1 0 1 0 0 1 1 0 0 0 0 1 0 0 0 0 0 0 0 1 0 0 0 1 0 0
 1 0 1 0 0 0 0 0 0 1 0 0 0 0 0 0 0 1 0 0 1 0 0 1 0 0 0 0 0 1 0 1 0 1 1 0 0]",61
1233,4,gad7,9,PCA,LR,3,0.41463414634146345,0.5675675675675675,17,46,13,35,"[0 0 0 1 0 0 0 0 0 0 0 1 0 0 0 1 0 0 0 0 1 0 0 0 1 0 0 0 0 0 1 0 0 1 0 1 0
 0 0 1 0 0 0 0 1 1 0 1 0 1 1 0 0 0 0 0 1 0 0 0 0 0 0 1 0 0 1 1 0 0 0 1 0 0
 1 0 1 0 0 0 1 1 1 0 0 0 0 0 0 1 0 0 0 0 1 0 0 0 0 0 0 0 0 1 0 1 0 1 1 0 0]",61
1234,4,gad7,9,PCA,XG,3,0.3902439024390244,0.5495495495495496,16,45,14,36,"[0 0 0 0 0 0 1 0 0 0 0 0 1 1 0 0 0 0 0 0 0 1 0 0 1 0 0 0 1 1 1 0 0 0 0 1 0
 0 1 1 0 0 0 0 0 0 0 1 1 0 1 0 0 0 1 0 1 0 0 1 0 0 0 1 0 1 0 1 0 0 0 1 0 0
 1 0 0 0 0 0 0 0 0 1 0 0 0 1 0 0 0 0 0 0 1 0 0 1 0 0 0 0 0 1 0 1 0 1 1 0 0]",61
1235,4,gad7,9,PCA,SVC,4,0.4954128440366972,0.5045045045045045,27,29,30,25,"[0 0 1 1 1 1 1 0 0 0 0 1 1 1 1 1 0 0 1 0 1 0 0 0 1 0 0 0 1 1 1 0 0 1 1 1 1
 0 0 1 0 0 1 1 1 1 0 1 1 0 1 0 1 1 0 1 1 0 0 1 0 0 0 1 0 0 1 1 0 0 0 1 0 0
 1 1 1 0 1 0 1 1 1 1 1 0 0 0 1 1 0 1 0 0 1 0 0 1 0 0 0 0 0 1 0 1 1 1 1 0 1]",61
1236,4,gad7,9,PCA,kNN,4,0.3595505617977528,0.4864864864864865,16,38,21,36,"[0 1 0 1 1 0 1 0 0 1 0 0 0 1 0 1 0 0 0 1 1 0 0 0 0 0 0 0 1 1 1 0 0 1 0 1 1
 0 0 0 0 0 0 1 0 1 0 1 1 0 1 0 0 1 0 1 0 0 0 1 0 0 0 0 0 0 0 1 0 0 0 1 0 0
 0 0 1 0 1 0 1 1 0 1 0 0 0 0 0 0 0 1 0 0 1 0 0 1 0 0 0 0 0 1 0 1 0 1 1 0 0]",61
1237,4,gad7,9,PCA,RF,4,0.3764705882352941,0.5225225225225225,16,42,17,36,"[0 1 0 1 0 0 1 0 0 1 0 0 1 1 0 0 0 0 0 0 1 1 0 0 1 0 0 0 1 1 1 0 0 1 0 0 0
 0 1 0 0 0 0 0 1 0 0 1 1 0 1 0 0 1 1 0 0 0 0 1 0 0 0 1 0 0 0 1 0 0 0 1 0 0
 1 0 0 0 0 0 1 0 0 0 0 0 0 1 0 0 0 1 0 0 1 0 0 1 0 0 0 0 0 0 0 1 0 1 1 0 0]",61
1238,4,gad7,9,PCA,LR,4,0.41463414634146345,0.5675675675675675,17,46,13,35,"[0 0 0 1 0 0 0 0 0 0 0 1 0 0 0 1 0 0 0 0 1 0 0 0 1 0 0 0 0 0 1 0 0 1 0 1 0
 0 0 1 0 0 0 0 1 1 0 1 0 1 1 0 0 0 0 0 1 0 0 0 0 0 0 1 0 0 1 1 0 0 0 1 0 0
 1 0 1 0 0 0 1 1 1 0 0 0 0 0 0 1 0 0 0 0 1 0 0 0 0 0 0 0 0 1 0 1 0 1 1 0 0]",61
1239,4,gad7,9,PCA,XG,4,0.345679012345679,0.5225225225225225,14,44,15,38,"[0 1 0 1 0 0 1 0 0 0 0 0 1 1 0 0 0 0 0 0 1 1 0 0 1 0 0 0 1 1 1 0 0 1 0 0 0
 0 1 0 0 0 0 0 1 0 0 1 1 0 1 0 0 1 0 0 0 0 0 1 0 0 0 1 0 0 0 1 0 0 0 1 0 0
 1 0 0 0 0 0 0 0 0 0 0 0 0 0 0 0 0 0 0 0 1 0 0 1 0 0 0 0 0 1 0 1 0 1 1 0 0]",61
1240,4,gad7,9,PCA,SVC,1,0.29473684210526313,0.3963963963963964,14,30,29,38,"[0 0 0 0 0 0 0 0 1 1 1 0 1 0 0 1 0 1 0 1 0 1 0 0 0 0 1 1 1 1 0 1 0 0 1 0 0
 0 0 0 0 0 0 1 0 1 1 0 1 1 0 0 0 1 1 0 0 0 0 0 0 1 0 0 0 0 0 1 1 1 0 0 0 1
 0 1 0 0 1 0 1 0 0 0 0 1 1 1 0 0 1 1 0 1 0 0 1 0 1 1 0 0 1 0 1 1 1 1 0 0 0]",62
1241,4,gad7,9,PCA,kNN,1,0.509433962264151,0.5315315315315315,27,32,27,25,"[0 0 0 1 1 0 1 0 0 1 1 0 0 1 1 1 1 0 1 0 1 0 0 0 0 1 0 1 0 1 1 1 0 0 1 0 0
 1 0 0 1 0 1 1 0 0 1 1 0 1 1 1 1 1 0 1 1 0 1 0 0 0 0 0 0 0 0 0 1 1 0 1 0 0
 1 1 0 0 0 0 1 1 1 1 1 1 1 0 0 1 0 0 1 0 0 0 1 1 0 1 0 1 1 0 1 1 0 0 1 0 1]",62
1242,4,gad7,9,PCA,RF,1,0.30769230769230765,0.43243243243243246,14,34,25,38,"[1 0 1 0 0 0 0 0 0 1 0 1 0 1 1 1 0 0 0 0 0 0 0 0 0 1 0 0 0 1 1 0 0 0 1 0 0
 0 1 0 0 0 1 1 0 1 1 0 0 0 0 0 1 1 1 1 0 0 0 0 0 1 0 1 0 0 1 0 0 1 0 1 0 0
 1 0 0 0 0 0 1 0 1 0 0 1 1 0 1 1 1 0 0 0 0 0 1 0 0 1 0 0 1 0 1 0 0 0 0 1 1]",62
1243,4,gad7,9,PCA,LR,1,0.5384615384615384,0.4594594594594595,35,16,43,17,"[0 1 1 1 1 1 1 1 0 0 0 1 1 0 1 1 1 0 1 0 1 0 1 0 1 1 0 0 1 1 1 0 1 1 0 0 1
 1 1 0 1 1 1 1 1 0 1 1 0 0 1 1 1 1 0 0 1 1 0 1 1 0 1 1 1 1 1 0 1 0 1 1 1 1
 1 1 1 1 0 1 1 1 0 1 1 1 1 0 1 0 1 1 1 1 1 1 0 1 1 0 1 1 1 1 1 1 0 0 0 1 1]",62
1244,4,gad7,9,PCA,XG,1,0.3829787234042554,0.4774774774774775,18,35,24,34,"[1 0 1 0 0 0 0 0 0 1 1 1 0 1 1 1 0 0 0 0 0 0 0 0 0 1 0 0 0 1 1 0 0 0 1 0 0
 0 1 0 0 0 1 1 0 1 1 0 0 1 0 0 1 1 1 1 0 0 1 0 0 1 0 1 0 0 0 0 0 1 0 1 0 0
 1 1 0 0 0 0 1 0 1 0 0 1 1 0 1 1 1 0 0 0 0 0 1 0 0 1 0 0 1 0 0 1 0 0 0 1 1]",62
1245,4,gad7,9,PCA,SVC,2,0.4190476190476191,0.45045045045045046,22,28,31,30,"[0 0 0 1 0 0 1 0 1 1 1 0 1 0 1 1 0 1 1 1 1 1 0 0 0 0 1 1 0 1 0 1 0 0 1 1 0
 0 0 0 0 0 0 0 0 1 0 1 1 1 0 0 0 1 1 0 0 1 0 0 0 1 0 1 0 0 1 1 0 1 0 0 0 1
 0 1 0 1 1 1 1 1 0 0 0 0 0 1 1 1 1 0 0 0 1 0 1 1 0 1 0 0 0 1 1 1 1 1 0 1 1]",62
1246,4,gad7,9,PCA,kNN,2,0.4117647058823529,0.4594594594594595,21,30,29,31,"[0 1 1 0 0 0 0 1 0 1 0 0 1 0 1 1 0 1 0 0 0 0 0 0 0 0 1 1 0 1 0 0 0 0 1 1 0
 0 0 0 0 0 0 0 0 1 0 1 0 1 1 0 1 1 1 0 1 0 1 0 0 1 1 1 0 0 0 0 0 1 0 1 1 1
 0 1 0 0 1 1 1 1 0 0 0 1 1 0 1 0 1 1 1 0 1 0 1 1 0 1 0 0 0 1 1 1 1 1 0 0 1]",62
1247,4,gad7,9,PCA,RF,2,0.37500000000000006,0.4594594594594595,18,33,26,34,"[0 1 1 1 0 1 0 0 0 1 0 0 0 0 1 1 0 1 1 0 1 0 0 0 0 0 1 1 0 1 0 0 0 0 1 0 0
 0 0 0 0 0 0 0 0 1 1 1 0 1 0 1 1 1 0 1 0 1 0 0 0 1 0 0 0 0 0 0 0 1 0 0 1 0
 0 1 0 0 0 1 1 1 0 0 0 1 1 0 0 0 0 1 1 0 1 0 1 1 0 1 0 1 1 1 1 1 0 0 0 0 1]",62
1248,4,gad7,9,PCA,LR,2,0.32098765432098764,0.5045045045045045,13,43,16,39,"[0 0 0 1 0 0 1 0 0 0 0 0 1 0 1 1 0 0 1 0 1 0 0 0 0 0 0 0 0 1 0 0 0 0 0 1 0
 0 0 0 0 0 0 0 0 0 0 1 0 0 0 0 0 1 0 0 0 1 0 0 0 0 0 1 0 0 1 0 0 0 0 0 0 1
 0 1 0 1 0 1 0 1 0 0 0 0 0 0 1 1 1 0 0 0 1 0 0 1 0 0 0 0 0 1 1 1 0 0 0 1 1]",62
1249,4,gad7,9,PCA,XG,2,0.4123711340206186,0.4864864864864865,20,34,25,32,"[0 0 1 1 0 1 1 0 0 1 0 0 0 0 1 1 0 1 1 0 1 0 0 0 0 0 1 0 0 1 0 0 0 0 1 0 0
 0 0 0 0 0 0 0 0 1 1 1 0 1 1 1 1 1 0 1 0 1 0 0 0 1 1 1 0 0 0 0 0 1 0 0 1 0
 0 1 0 0 0 1 1 1 1 0 0 1 1 0 1 0 0 1 0 0 0 0 1 1 0 1 0 0 1 1 1 1 0 0 0 1 0]",62
1250,4,gad7,9,PCA,SVC,3,0.44660194174757284,0.4864864864864865,23,31,28,29,"[0 0 0 1 0 0 1 0 0 1 1 0 1 0 1 1 0 1 1 1 1 1 0 0 0 0 1 1 0 1 0 1 0 0 1 1 0
 0 0 1 0 0 0 0 0 1 1 1 0 1 0 0 0 1 0 0 0 1 0 0 0 1 0 1 0 0 1 0 0 1 0 0 0 1
 0 1 0 1 1 1 1 1 0 0 0 0 0 1 1 1 1 0 0 0 1 0 1 1 0 1 0 0 0 1 1 1 1 1 0 1 1]",62
1251,4,gad7,9,PCA,kNN,3,0.4761904761904762,0.5045045045045045,25,31,28,27,"[0 1 0 1 0 1 0 0 0 0 0 0 1 1 1 1 0 1 0 0 0 1 0 0 0 0 1 1 0 1 0 0 0 0 1 1 0
 0 0 1 0 1 0 1 1 1 1 1 0 1 1 1 1 1 0 0 0 0 1 0 0 1 1 0 0 0 0 0 0 1 0 1 0 1
 1 1 0 0 1 0 1 0 1 0 0 1 0 1 1 1 1 1 0 0 0 0 1 1 1 1 0 0 0 1 0 1 1 1 0 1 1]",62
1252,4,gad7,9,PCA,RF,3,0.5148514851485149,0.5585585585585585,26,36,23,26,"[0 1 0 1 0 1 0 0 0 1 0 0 0 0 1 1 0 1 0 0 0 0 0 0 0 0 1 1 0 1 0 0 0 0 1 1 0
 0 0 1 0 0 0 1 0 1 1 1 0 1 0 1 1 1 0 0 0 1 1 0 0 1 1 1 0 0 1 0 0 1 0 1 1 0
 1 1 0 0 0 0 1 0 1 0 0 1 1 0 0 1 1 1 0 0 0 0 1 1 1 1 0 1 0 1 1 1 1 0 0 0 1]",62
1253,4,gad7,9,PCA,LR,3,0.44660194174757284,0.4864864864864865,23,31,28,29,"[0 0 0 1 0 1 1 0 0 1 1 0 1 0 1 1 0 1 1 1 1 1 0 0 0 0 1 1 0 1 0 1 0 0 1 1 0
 0 0 0 0 0 0 1 0 1 1 1 0 1 0 0 0 1 0 0 0 1 0 0 0 1 0 1 0 0 0 0 0 1 0 0 0 1
 0 1 0 1 1 0 1 1 0 0 0 0 0 1 1 1 1 0 0 0 1 0 1 1 1 1 0 0 0 1 1 1 1 1 0 1 1]",62
1254,4,gad7,9,PCA,XG,3,0.44897959183673475,0.5135135135135135,22,35,24,30,"[0 0 0 1 0 0 0 0 0 1 0 1 1 1 1 1 0 1 0 1 0 0 1 0 0 0 1 1 0 1 0 0 0 0 1 0 1
 0 0 1 0 0 1 1 0 1 1 1 0 1 0 0 1 1 0 0 0 0 0 0 0 1 0 1 0 0 1 0 0 1 0 1 1 0
 0 1 0 0 0 0 1 1 1 0 0 1 0 0 0 1 1 1 0 0 0 0 1 1 1 1 0 0 0 1 0 1 1 0 0 0 1]",62
1255,4,gad7,9,PCA,SVC,4,0.4423076923076923,0.4774774774774775,23,30,29,29,"[0 0 0 1 0 0 1 0 0 1 1 0 1 0 1 1 0 1 1 1 1 1 0 0 0 0 1 1 0 1 0 1 0 0 1 1 0
 0 0 1 0 0 0 0 0 1 1 1 0 1 0 0 0 1 0 0 0 1 0 0 0 1 0 1 0 0 1 0 0 1 0 0 0 1
 0 1 0 1 1 1 1 1 0 0 0 0 0 1 1 1 1 0 0 0 1 0 1 1 1 1 0 0 0 1 1 1 1 1 0 1 1]",62
1256,4,gad7,9,PCA,kNN,4,0.4123711340206186,0.4864864864864865,20,34,25,32,"[0 1 0 1 0 1 0 0 0 0 0 0 1 0 1 1 0 1 1 0 0 0 0 0 0 1 1 1 0 0 1 0 0 0 1 1 0
 0 0 0 0 0 0 0 1 1 1 0 0 1 0 1 1 1 0 0 0 0 0 0 0 1 1 0 0 0 0 0 0 1 0 0 0 1
 1 1 0 0 1 0 1 0 1 0 0 1 0 0 1 1 0 0 1 0 0 1 1 1 1 1 0 0 0 1 1 1 1 1 0 0 1]",62
1257,4,gad7,9,PCA,RF,4,0.42553191489361697,0.5135135135135135,20,37,22,32,"[1 1 0 0 0 1 0 0 0 1 0 0 1 0 1 1 0 1 1 0 0 0 0 0 0 0 1 1 0 1 0 0 0 0 1 0 0
 0 0 1 0 0 0 1 0 1 1 1 0 1 0 1 1 1 0 0 0 0 1 0 0 1 1 1 0 0 0 0 0 1 0 1 0 0
 0 1 0 0 0 0 1 0 1 0 0 1 1 0 0 0 0 1 0 0 0 0 1 1 1 1 0 1 0 0 1 1 0 0 0 0 1]",62
1258,4,gad7,9,PCA,LR,4,0.46601941747572817,0.5045045045045045,24,32,27,28,"[0 0 0 1 0 1 1 0 0 1 1 0 1 0 1 1 0 1 1 1 1 1 0 0 0 0 1 1 0 1 0 1 0 0 1 1 0
 0 0 1 0 0 0 0 0 1 1 1 0 1 0 0 0 1 0 0 0 1 0 0 0 1 0 1 0 0 0 0 0 1 0 0 0 1
 0 1 0 1 1 0 1 1 0 0 0 0 0 1 1 1 1 0 0 0 1 0 1 1 1 1 0 0 0 1 1 1 1 1 0 1 1]",62
1259,4,gad7,9,PCA,XG,4,0.4301075268817205,0.5225225225225225,20,38,21,32,"[1 1 0 1 0 0 0 0 0 0 0 1 1 1 1 1 1 1 1 1 0 1 0 0 0 0 1 1 0 1 0 0 0 0 1 0 1
 0 0 1 0 0 1 1 0 1 1 1 0 1 0 0 1 1 0 0 0 0 1 0 0 1 0 0 0 0 0 0 0 1 0 0 0 0
 0 1 0 0 0 0 1 0 1 0 0 1 1 0 0 0 0 0 0 0 0 0 1 0 1 0 0 0 0 0 0 1 1 0 0 1 1]",62
1260,4,gad7,9,PCA,SVC,1,0.5504587155963302,0.5585585585585585,30,32,27,22,"[0 1 0 0 1 0 1 1 1 1 0 1 0 1 0 0 0 0 0 0 0 0 0 0 1 1 1 1 1 0 1 0 0 0 0 1 1
 0 1 1 1 0 1 1 1 1 1 1 0 1 1 0 1 1 0 0 0 0 0 1 1 1 0 1 0 1 0 1 0 1 1 1 0 0
 0 1 1 1 1 0 0 1 0 0 1 0 0 0 1 0 0 1 0 0 1 1 1 1 1 1 1 0 0 0 1 0 0 1 1 0 1]",63
1261,4,gad7,9,PCA,kNN,1,0.4672897196261683,0.4864864864864865,25,29,30,27,"[1 1 0 0 1 1 1 1 1 0 1 0 1 1 0 1 1 0 1 1 1 0 0 0 0 0 1 1 0 1 0 0 0 1 0 1 0
 1 1 0 1 0 1 1 1 0 1 1 1 1 1 0 1 1 0 0 0 0 0 1 0 0 1 1 0 1 1 0 1 0 0 0 1 1
 0 1 1 0 0 0 0 1 0 0 0 0 1 0 1 1 0 1 0 0 0 1 0 0 0 1 0 0 0 0 1 1 1 0 1 0 1]",63
1262,4,gad7,9,PCA,RF,1,0.5,0.5315315315315315,26,33,26,26,"[1 0 0 1 1 1 0 0 1 0 1 0 1 1 1 0 1 0 1 1 1 0 1 0 0 0 1 1 0 0 1 0 0 0 0 1 0
 0 1 0 1 0 1 0 1 1 1 1 1 0 1 0 1 0 0 0 0 0 0 1 0 1 1 0 1 1 1 1 1 0 0 0 1 1
 0 1 1 0 0 1 0 1 0 0 0 0 1 0 1 1 0 1 0 0 0 1 1 1 0 0 0 0 0 0 0 0 1 0 1 0 1]",63
1263,4,gad7,9,PCA,LR,1,0.48818897637795283,0.4144144144144144,31,15,44,21,"[1 1 1 1 0 1 0 1 1 0 1 1 1 1 1 1 1 0 1 1 1 0 0 1 0 1 1 0 1 1 0 1 1 1 1 0 1
 1 0 1 0 0 1 1 1 0 1 0 1 1 0 1 1 0 1 1 1 0 1 0 0 1 0 0 0 0 1 1 0 1 1 1 1 1
 1 0 0 1 1 1 1 1 1 1 1 1 1 1 1 0 1 0 0 1 1 0 1 0 1 1 1 0 1 1 1 1 1 0 1 0 0]",63
1264,4,gad7,9,PCA,XG,1,0.5185185185185186,0.5315315315315315,28,31,28,24,"[1 0 0 1 1 1 0 0 1 0 1 0 1 1 1 1 1 0 1 1 1 0 0 0 0 1 1 1 0 0 1 0 0 1 0 1 0
 0 1 0 1 0 1 0 1 1 1 1 1 0 1 0 1 0 0 0 0 0 0 1 0 1 1 0 0 1 1 1 1 1 0 0 1 1
 0 1 1 1 0 1 0 1 0 0 1 0 1 0 1 1 0 1 0 0 0 1 1 1 0 0 0 0 0 0 0 0 1 0 1 0 1]",63
1265,4,gad7,9,PCA,SVC,2,0.325,0.5135135135135135,13,44,15,39,"[0 1 1 0 1 1 0 0 0 0 0 1 0 1 1 0 1 0 0 0 0 0 0 0 0 1 0 0 0 0 0 0 1 0 0 0 0
 0 1 1 0 0 0 0 0 0 0 0 0 0 0 0 1 0 0 0 0 0 1 0 0 0 1 0 1 0 0 0 0 1 1 0 0 0
 0 0 0 0 1 0 0 0 1 0 1 0 1 0 1 0 0 0 0 1 1 0 0 0 0 1 0 0 0 0 0 0 1 0 1 0 0]",63
1266,4,gad7,9,PCA,kNN,2,0.4761904761904762,0.5045045045045045,25,31,28,27,"[1 0 1 1 1 0 1 1 0 0 0 1 1 0 0 0 0 0 1 1 0 0 0 0 1 1 1 1 0 1 0 1 1 1 1 1 1
 0 1 1 0 0 1 0 0 0 0 0 1 1 1 0 0 0 0 0 0 0 0 1 1 1 1 1 1 0 0 0 1 1 1 1 0 1
 0 1 1 0 1 0 0 1 0 0 1 0 1 0 1 1 0 1 0 0 1 0 1 0 0 0 0 0 0 1 1 1 0 0 0 0 1]",63
1267,4,gad7,9,PCA,RF,2,0.3762376237623762,0.43243243243243246,19,29,30,33,"[1 0 1 1 0 1 0 1 1 0 1 1 1 1 0 1 0 0 0 1 0 0 0 0 1 0 1 1 0 1 0 1 0 1 1 1 1
 0 1 0 0 0 1 0 0 1 0 0 1 1 0 0 0 1 1 0 1 0 0 1 1 1 1 1 1 0 0 0 1 0 1 0 0 1
 0 1 1 0 0 0 0 1 0 0 1 0 0 0 0 1 0 1 0 0 0 0 1 0 0 0 0 0 0 1 1 1 0 0 0 1 0]",63
1268,4,gad7,9,PCA,LR,2,0.345679012345679,0.5225225225225225,14,44,15,38,"[0 1 1 0 1 1 0 0 0 0 0 1 0 1 1 0 1 0 0 0 0 0 0 0 0 1 0 0 0 0 0 0 1 0 0 0 0
 0 1 1 0 0 0 0 0 0 0 0 0 0 0 0 1 0 0 0 0 0 1 0 0 0 1 0 1 0 0 0 0 1 1 0 0 0
 0 0 0 0 1 0 0 0 1 0 1 0 1 0 1 0 0 0 0 1 1 0 0 0 1 1 0 0 0 0 0 0 1 0 1 0 0]",63
1269,4,gad7,9,PCA,XG,2,0.3829787234042554,0.4774774774774775,18,35,24,34,"[1 0 0 1 1 1 0 1 0 0 1 0 1 1 0 0 0 0 1 1 1 0 0 0 1 0 0 1 0 0 0 1 0 1 1 1 1
 0 1 0 0 0 1 0 0 1 0 0 0 0 0 0 0 1 1 0 0 0 1 1 1 1 1 0 1 0 0 0 0 0 1 0 0 1
 0 1 1 0 0 0 0 1 0 0 0 0 0 0 0 1 0 1 0 0 0 0 1 0 0 0 0 0 0 1 1 1 0 0 0 1 1]",63
1270,4,gad7,9,PCA,SVC,3,0.5148514851485149,0.5585585585585585,26,36,23,26,"[0 1 1 0 1 1 1 0 0 1 0 1 0 1 1 0 1 0 0 0 0 0 0 0 1 1 0 1 0 0 1 0 1 0 0 1 0
 0 1 1 0 0 0 0 0 1 0 1 0 0 1 0 1 0 0 0 0 0 1 1 1 0 1 1 1 1 0 0 0 1 1 0 0 0
 0 1 1 0 1 0 0 0 1 0 1 0 1 0 1 0 0 1 0 1 1 1 0 1 1 1 0 0 0 0 0 0 1 1 1 0 1]",63
1271,4,gad7,9,PCA,kNN,3,0.4271844660194175,0.46846846846846846,22,30,29,30,"[1 0 1 1 1 1 0 1 0 0 1 1 1 0 0 1 0 0 1 1 0 0 0 0 0 1 1 1 0 0 1 1 0 1 1 1 0
 0 1 1 1 0 0 0 0 0 0 0 1 0 1 0 1 1 1 1 1 0 0 1 1 1 0 1 0 0 0 0 1 1 1 0 0 1
 0 1 1 0 1 1 0 0 0 0 1 0 0 0 1 1 0 1 0 1 1 0 0 0 0 0 0 0 0 1 1 0 0 0 0 0 1]",63
1272,4,gad7,9,PCA,RF,3,0.39560439560439564,0.5045045045045045,18,38,21,34,"[0 1 1 1 1 0 1 0 0 0 1 1 1 0 0 1 0 0 1 0 1 0 0 0 0 0 1 1 0 0 1 0 0 0 1 1 0
 0 1 1 0 0 0 0 0 0 0 0 0 0 1 0 0 0 0 1 0 0 0 1 0 0 0 1 0 1 0 0 0 0 1 0 0 0
 0 1 1 0 1 0 0 1 0 1 1 0 0 0 1 1 0 1 0 0 0 0 1 0 0 1 0 0 0 1 1 0 1 0 0 1 0]",63
1273,4,gad7,9,PCA,LR,3,0.36585365853658536,0.5315315315315315,15,44,15,37,"[0 1 1 0 1 1 0 0 0 0 0 1 0 1 1 0 1 0 0 0 0 0 0 0 0 1 0 0 0 0 0 0 1 0 0 0 0
 0 1 1 0 0 0 0 0 0 1 0 0 0 0 0 1 0 0 0 0 0 1 0 0 0 1 0 1 0 0 0 0 1 1 0 0 0
 0 0 0 0 1 0 0 0 1 0 1 0 1 0 1 0 0 0 0 1 1 0 0 0 1 1 0 0 0 0 0 0 1 0 1 0 0]",63
1274,4,gad7,9,PCA,XG,3,0.39999999999999997,0.5135135135135135,18,39,20,34,"[0 0 1 1 1 1 0 0 0 0 1 1 1 0 0 1 0 0 1 0 1 0 0 0 0 1 1 1 0 0 0 0 0 0 1 1 0
 0 1 1 0 0 0 0 0 0 0 0 0 0 0 0 0 0 0 1 0 0 0 1 0 0 1 0 0 1 0 0 0 1 1 0 0 0
 0 1 1 0 1 0 0 0 0 0 1 1 0 0 1 1 0 1 0 1 0 0 1 0 1 1 0 0 0 1 1 0 0 0 0 1 0]",63
1275,4,gad7,9,PCA,SVC,4,0.5048543689320388,0.5405405405405406,26,34,25,26,"[0 1 1 0 1 1 1 0 0 1 0 1 0 1 1 0 1 0 0 0 0 0 0 0 1 1 0 1 0 0 1 1 1 0 0 1 0
 0 1 1 0 0 0 0 0 1 0 1 0 0 1 0 1 0 1 0 0 0 1 1 1 0 1 1 1 1 0 0 1 1 1 0 0 0
 0 1 1 0 1 0 0 0 1 0 1 0 1 0 0 1 0 1 0 1 1 1 0 1 0 1 0 0 0 0 0 0 1 1 1 0 1]",63
1276,4,gad7,9,PCA,kNN,4,0.5,0.5315315315315315,26,33,26,26,"[0 0 1 1 0 1 1 1 1 0 0 1 1 0 0 0 0 0 1 1 0 0 0 0 0 1 1 1 0 0 1 1 0 1 1 1 0
 0 1 0 0 0 1 0 0 1 0 0 1 1 0 1 1 0 1 1 0 0 0 1 1 0 1 1 0 0 1 0 1 1 1 1 0 1
 1 1 1 0 1 0 0 0 0 0 1 0 0 0 0 1 0 1 0 0 1 0 1 0 0 0 0 0 0 1 1 0 1 0 1 1 1]",63
1277,4,gad7,9,PCA,RF,4,0.4693877551020408,0.5315315315315315,23,36,23,29,"[0 1 1 1 1 1 1 1 0 0 1 1 1 0 0 1 0 0 1 0 0 0 0 0 1 0 1 1 0 0 0 0 0 1 1 1 0
 0 1 1 0 0 0 0 0 0 0 1 0 0 1 1 0 0 0 1 0 0 0 1 0 0 0 1 0 1 0 0 0 0 1 0 0 1
 0 1 1 0 1 0 0 0 0 1 1 1 0 0 0 1 0 1 0 0 0 1 1 0 0 1 0 0 0 1 1 0 1 1 1 1 0]",63
1278,4,gad7,9,PCA,LR,4,0.36585365853658536,0.5315315315315315,15,44,15,37,"[0 1 1 0 1 1 0 0 0 0 0 1 0 1 1 0 1 0 0 0 0 0 0 0 0 1 0 0 0 0 0 0 1 0 0 0 0
 0 1 1 0 0 0 0 0 0 1 0 0 0 0 0 1 0 0 0 0 0 1 0 0 0 1 0 1 0 0 0 0 1 1 0 0 0
 0 0 0 0 1 0 0 0 1 0 1 0 1 0 1 0 0 0 0 1 1 0 0 0 1 1 0 0 0 0 0 0 1 0 1 0 0]",63
1279,4,gad7,9,PCA,XG,4,0.4375,0.5135135135135135,21,36,23,31,"[0 0 1 1 1 1 1 0 0 0 1 1 1 0 0 1 0 0 1 0 0 0 0 0 1 1 1 1 0 0 0 1 0 1 1 1 0
 0 1 1 0 0 0 0 0 0 0 0 0 0 1 0 0 0 1 1 0 0 0 1 0 0 1 1 0 1 0 0 0 0 1 0 0 0
 0 1 1 0 1 0 0 0 0 1 0 1 0 0 0 1 0 1 0 1 0 0 1 0 0 1 0 0 0 1 1 1 1 1 0 1 0]",63
1280,4,gad7,9,PCA,SVC,1,0.5815602836879433,0.46846846846846846,41,11,48,11,"[1 1 0 1 1 1 1 1 1 0 0 1 1 0 0 1 1 1 1 0 1 1 0 1 1 0 1 1 1 1 1 1 1 1 1 1 1
 0 1 1 1 1 1 1 1 1 0 1 1 1 0 1 0 1 0 1 1 1 1 1 1 1 1 0 0 1 1 1 1 0 1 1 1 1
 1 1 1 1 0 1 1 1 1 1 1 1 1 1 0 1 1 1 0 1 1 0 1 0 1 1 1 0 1 1 1 1 1 1 1 1 1]",64
1281,4,gad7,9,PCA,kNN,1,0.5192307692307693,0.5495495495495496,27,34,25,25,"[0 1 0 0 0 0 0 1 0 0 1 1 1 0 1 1 1 0 1 0 1 0 0 1 1 0 0 1 1 1 1 1 0 1 1 0 1
 1 1 0 0 0 1 0 0 1 0 1 1 1 0 0 0 1 0 0 0 1 0 1 1 1 1 0 0 0 1 0 0 0 0 0 1 0
 1 1 1 0 1 1 0 1 0 1 0 1 1 0 0 0 0 1 1 1 0 0 1 0 1 0 1 0 0 0 1 0 1 0 0 0 0]",64
1282,4,gad7,9,PCA,RF,1,0.42424242424242425,0.4864864864864865,21,33,26,31,"[0 0 0 1 0 0 0 1 1 0 1 0 1 0 0 0 1 1 1 0 1 0 0 0 1 0 1 1 0 0 1 1 0 0 0 0 1
 1 1 0 0 0 1 0 1 1 0 1 1 0 0 0 0 1 1 0 0 1 0 1 1 1 0 0 0 0 0 1 0 0 0 0 1 0
 0 1 0 0 1 0 0 1 1 1 1 1 0 1 1 0 0 1 1 1 0 0 1 0 1 0 1 0 0 0 0 0 1 0 1 0 0]",64
1283,4,gad7,9,PCA,LR,1,0.544,0.4864864864864865,34,20,39,18,"[1 0 0 1 1 1 1 1 1 0 0 0 1 0 0 0 1 1 1 0 1 1 0 1 1 0 1 0 0 1 0 1 1 1 0 1 1
 0 1 1 0 1 1 1 1 1 0 1 1 1 0 0 0 1 0 1 1 1 1 1 1 1 1 0 0 1 1 1 1 0 1 0 0 1
 1 0 0 1 0 1 1 1 1 1 1 1 1 1 0 1 1 1 0 1 1 0 1 0 1 0 1 0 1 1 1 1 1 0 0 1 1]",64
1284,4,gad7,9,PCA,XG,1,0.4854368932038835,0.5225225225225225,25,33,26,27,"[0 1 0 1 0 0 0 1 1 0 1 0 1 0 0 0 1 1 1 0 1 0 0 0 1 0 1 1 1 0 1 1 1 0 0 0 1
 1 1 0 0 0 1 1 1 1 0 1 1 0 0 0 0 1 0 0 0 1 0 1 1 1 0 0 0 0 1 1 0 0 0 0 1 0
 0 1 1 0 1 0 0 1 1 1 1 1 0 1 0 0 0 1 1 1 0 0 1 0 1 0 1 0 0 0 0 0 1 0 1 0 0]",64
1285,4,gad7,9,PCA,SVC,2,0.4642857142857143,0.4594594594594595,26,25,34,26,"[1 1 1 1 0 1 0 0 0 0 0 1 1 0 0 1 0 1 1 0 1 1 0 0 1 0 0 1 1 0 1 1 0 1 1 1 0
 0 1 1 1 1 1 0 1 0 0 0 1 0 1 1 0 0 0 0 1 1 0 0 0 1 1 0 0 0 1 1 1 0 0 1 1 1
 0 1 1 1 1 1 0 1 0 1 0 1 1 1 0 1 1 0 0 0 1 1 1 0 0 1 1 0 0 1 1 0 0 1 1 0 0]",64
1286,4,gad7,9,PCA,kNN,2,0.4158415841584159,0.46846846846846846,21,31,28,31,"[1 1 1 0 0 0 0 0 1 0 1 0 0 0 1 1 1 0 0 1 1 0 0 1 0 0 0 1 0 1 1 0 0 1 0 1 1
 1 1 1 1 1 1 0 0 0 0 0 0 0 1 1 0 0 0 1 0 1 0 0 0 0 1 0 0 0 1 0 0 0 0 1 1 0
 0 1 0 1 1 1 0 1 0 1 0 1 0 1 1 1 1 0 1 0 1 1 0 0 0 1 0 0 0 1 0 0 0 1 0 0 1]",64
1287,4,gad7,9,PCA,RF,2,0.43678160919540227,0.5585585585585585,19,43,16,33,"[0 0 0 0 0 1 1 1 0 0 1 0 0 0 1 0 1 1 0 0 1 0 0 0 0 0 0 1 0 0 1 0 0 0 0 0 1
 1 0 1 0 1 1 0 1 0 0 0 0 0 0 1 0 0 1 1 0 1 0 0 0 0 0 0 0 0 1 1 0 0 0 0 1 0
 0 1 0 0 1 1 0 1 0 1 0 1 0 1 0 1 0 1 1 0 0 0 0 0 1 0 0 0 0 0 0 0 0 0 0 0 1]",64
1288,4,gad7,9,PCA,LR,2,0.36144578313253006,0.5225225225225225,15,43,16,37,"[0 0 1 1 0 1 0 0 0 0 0 0 1 0 0 0 0 1 1 0 0 0 0 0 1 0 0 0 0 0 0 1 0 0 0 0 0
 0 0 1 1 0 1 0 1 0 0 0 1 0 1 1 0 0 0 0 0 1 0 0 0 1 0 0 0 0 1 1 0 0 0 0 0 1
 0 0 0 0 1 1 0 0 0 0 0 1 0 1 0 0 1 0 0 0 1 1 1 0 0 0 1 0 0 1 1 0 0 0 0 0 0]",64
1289,4,gad7,9,PCA,XG,2,0.36144578313253006,0.5225225225225225,15,43,16,37,"[0 0 0 0 1 0 0 1 0 0 0 0 0 1 0 0 1 1 0 0 1 0 0 0 0 0 0 1 0 0 1 0 0 0 0 0 0
 1 0 1 0 1 1 0 0 0 0 0 0 0 0 0 0 0 0 1 0 1 1 0 1 0 0 0 0 0 1 1 0 0 0 1 0 0
 0 1 0 0 1 1 0 1 0 1 0 1 0 1 0 1 0 1 1 0 0 0 0 0 1 0 0 0 0 0 0 0 0 0 0 0 1]",64
1290,4,gad7,9,PCA,SVC,3,0.4955752212389381,0.4864864864864865,28,26,33,24,"[1 1 1 1 0 1 0 0 0 0 0 0 1 0 0 1 0 1 1 0 1 1 0 0 1 0 0 1 1 0 0 1 0 1 1 1 0
 0 1 1 1 1 1 0 1 0 0 0 1 0 1 1 0 0 0 0 0 1 0 0 0 1 1 0 0 0 1 1 1 0 0 1 1 1
 0 1 1 1 1 1 1 1 0 1 0 1 1 1 0 1 1 1 0 0 1 1 1 0 1 1 1 0 0 1 1 1 0 1 1 0 0]",64
1291,4,gad7,9,PCA,kNN,3,0.4444444444444445,0.4594594594594595,24,27,32,28,"[1 1 1 1 0 1 1 1 0 0 1 0 1 0 1 1 1 1 1 1 1 0 0 1 1 0 0 1 0 1 0 0 0 1 0 1 1
 1 1 1 0 0 1 0 0 0 0 0 0 0 1 1 0 0 0 1 1 1 0 0 0 1 1 0 0 0 1 1 1 0 0 1 1 0
 0 1 0 0 1 0 1 1 0 0 0 1 0 0 1 0 0 0 1 0 1 1 1 0 1 1 0 0 1 1 1 0 0 1 0 0 1]",64
1292,4,gad7,9,PCA,RF,3,0.45161290322580644,0.5405405405405406,21,39,20,31,"[1 1 0 0 0 0 1 1 0 0 1 0 1 0 0 1 1 1 0 0 1 0 0 0 0 0 0 1 0 0 1 0 0 0 0 0 0
 1 1 0 1 0 1 1 1 0 0 0 0 1 0 1 0 0 0 0 0 1 1 0 0 0 1 0 0 0 1 1 1 0 0 1 1 1
 0 1 0 0 1 0 0 1 0 0 0 1 0 0 0 0 1 1 1 0 1 1 1 0 0 0 0 0 0 0 0 0 0 1 0 0 1]",64
1293,4,gad7,9,PCA,LR,3,0.380952380952381,0.5315315315315315,16,43,16,36,"[0 0 1 1 0 1 0 0 0 0 0 0 1 0 0 0 0 1 1 0 0 0 0 0 1 0 0 0 0 0 0 1 0 0 0 0 0
 0 0 1 1 0 1 0 1 0 0 0 1 0 1 1 0 0 0 0 0 1 0 0 0 1 0 0 0 0 1 1 0 0 0 0 0 1
 0 0 0 0 1 1 0 0 0 0 0 1 0 1 0 0 1 0 0 0 1 1 1 0 1 0 1 0 0 1 1 0 0 0 0 0 0]",64
1294,4,gad7,9,PCA,XG,3,0.4791666666666667,0.5495495495495496,23,38,21,29,"[1 1 1 0 0 0 0 1 0 0 1 0 1 0 0 1 1 1 0 1 1 0 0 0 0 0 0 1 0 0 1 0 0 0 0 0 0
 1 1 0 1 0 1 1 1 0 0 0 0 1 0 1 0 0 0 0 0 1 0 0 0 0 0 0 0 0 1 1 1 1 0 1 1 1
 0 1 0 0 1 0 0 1 0 0 1 1 0 1 0 0 1 1 1 1 1 0 1 0 1 0 0 0 0 0 0 0 0 1 0 0 1]",64
1295,4,gad7,9,PCA,SVC,4,0.4736842105263158,0.4594594594594595,27,24,35,25,"[1 0 1 1 0 1 1 0 0 0 0 0 1 0 0 0 0 1 1 0 1 0 0 1 1 0 0 1 1 1 1 1 0 1 1 1 0
 0 1 1 1 1 1 0 1 0 0 0 1 1 1 1 0 1 0 0 1 1 0 0 0 1 1 0 0 0 1 1 1 0 0 0 1 1
 0 0 1 1 1 1 1 1 0 1 0 1 1 1 0 1 1 0 0 0 1 1 1 0 0 1 1 0 0 1 1 1 1 1 1 0 0]",64
1296,4,gad7,9,PCA,kNN,4,0.4158415841584159,0.46846846846846846,21,31,28,31,"[1 0 1 1 0 0 0 1 0 0 1 0 1 0 1 0 1 1 1 1 1 0 0 1 1 0 0 1 1 0 0 0 0 0 1 1 1
 1 1 1 0 0 1 0 0 0 0 0 0 1 1 1 0 1 0 0 0 1 0 0 0 0 0 0 0 0 1 1 0 0 0 0 1 0
 0 0 1 0 1 0 0 1 0 0 0 1 0 0 1 1 0 0 1 0 1 1 1 0 1 1 0 0 1 1 0 1 0 1 1 0 1]",64
1297,4,gad7,9,PCA,RF,4,0.4631578947368421,0.5405405405405406,22,38,21,30,"[1 0 1 1 0 1 0 0 0 0 1 0 1 0 1 1 1 1 1 0 1 0 0 1 0 0 0 1 0 0 0 0 0 0 0 0 0
 1 1 1 1 0 1 0 1 0 0 0 0 1 0 1 0 0 0 0 0 1 0 0 0 0 1 0 0 0 1 1 1 0 0 1 1 0
 0 1 0 0 1 0 0 1 0 0 0 1 0 1 0 0 1 0 1 0 1 1 1 0 1 0 0 0 1 0 0 0 0 1 0 0 1]",64
1298,4,gad7,9,PCA,LR,4,0.4854368932038835,0.5225225225225225,25,33,26,27,"[0 0 1 1 1 1 0 0 0 0 0 1 1 0 0 0 0 1 1 0 0 0 0 0 1 0 0 0 1 0 1 1 0 0 1 0 0
 0 0 1 1 1 1 0 1 1 0 1 1 0 1 1 0 1 0 0 0 1 0 0 0 1 0 0 0 1 1 1 0 0 0 0 1 1
 1 0 1 0 1 1 1 0 0 0 0 1 1 1 0 1 1 0 0 1 1 1 1 0 1 0 1 0 0 1 1 0 1 0 1 0 0]",64
1299,4,gad7,9,PCA,XG,4,0.39560439560439564,0.5045045045045045,18,38,21,34,"[0 0 1 1 0 0 0 1 0 0 1 0 0 0 1 0 1 1 1 0 1 0 0 0 0 0 0 1 0 0 1 0 0 0 0 0 0
 1 1 0 0 0 1 1 1 0 0 0 0 0 0 1 0 0 0 0 0 1 1 0 0 0 0 0 0 0 1 1 0 1 0 0 1 1
 0 1 0 0 1 0 0 1 0 0 1 1 0 1 1 0 1 0 1 0 1 1 1 0 1 0 0 0 0 0 0 0 0 1 0 0 1]",64
1300,4,gad7,9,PCA,SVC,1,0.4123711340206186,0.4864864864864865,20,34,25,32,"[0 0 1 0 0 1 1 0 1 1 1 0 0 1 1 0 1 0 0 0 0 0 0 1 0 0 0 0 0 0 0 1 0 1 0 1 1
 0 1 1 0 0 0 1 1 0 0 1 1 1 0 0 0 0 0 1 1 0 0 1 0 0 0 0 0 0 0 0 0 0 0 0 1 0
 0 0 0 1 0 1 0 1 1 0 1 1 1 0 1 1 1 0 1 0 1 0 0 1 0 1 0 0 1 1 0 1 1 1 1 0 0]",65
1301,4,gad7,9,PCA,kNN,1,0.4601769911504424,0.45045045045045046,26,24,35,26,"[0 1 0 1 1 0 0 1 1 1 1 0 0 0 1 0 0 0 1 1 1 0 1 1 1 1 1 0 1 0 0 0 1 1 1 1 1
 0 1 1 1 1 0 0 1 0 0 1 1 1 1 1 0 0 0 0 0 1 0 1 1 0 1 1 0 1 0 0 1 0 0 0 0 1
 1 1 1 1 0 1 1 0 1 0 1 1 0 0 0 1 0 1 1 1 1 1 0 1 0 0 1 0 1 0 1 0 0 0 0 1 1]",65
1302,4,gad7,9,PCA,RF,1,0.4285714285714286,0.4954954954954955,21,34,25,31,"[0 0 0 1 1 0 0 0 1 1 1 0 1 0 0 0 0 0 1 0 1 1 0 0 1 1 1 0 1 0 0 1 0 1 0 1 0
 0 0 1 1 1 0 0 0 0 0 1 1 1 1 1 0 0 0 0 0 0 0 0 0 0 1 0 1 1 0 0 1 0 0 0 0 0
 1 1 1 1 0 1 0 0 0 0 1 1 0 0 0 1 0 1 1 0 1 0 0 1 0 0 1 0 1 0 0 0 1 0 1 1 1]",65
1303,4,gad7,9,PCA,LR,1,0.32098765432098764,0.5045045045045045,13,43,16,39,"[0 1 1 0 0 0 0 0 1 1 1 0 0 0 0 0 1 0 1 0 0 0 0 0 0 0 0 0 0 0 0 0 0 1 0 1 0
 0 0 0 0 0 0 1 0 0 0 1 0 0 0 0 0 0 0 1 1 0 0 1 1 1 0 1 0 0 0 0 0 0 0 0 0 0
 0 0 0 1 0 1 0 0 0 0 1 0 1 0 0 1 1 0 1 0 1 0 0 0 0 0 0 0 1 0 0 0 1 1 1 0 0]",65
1304,4,gad7,9,PCA,XG,1,0.42000000000000004,0.4774774774774775,21,32,27,31,"[0 0 0 1 1 0 0 0 1 1 1 0 1 0 0 0 0 0 1 0 1 0 0 0 1 1 1 0 1 0 0 1 0 1 0 1 0
 0 0 1 1 1 0 0 1 0 0 1 1 1 1 1 0 0 0 0 0 0 0 1 0 0 1 0 1 1 0 0 1 0 0 0 0 0
 1 1 1 1 0 1 0 0 0 0 1 1 0 0 0 1 0 1 1 1 1 0 0 1 0 0 1 0 1 0 1 0 0 0 1 1 1]",65
1305,4,gad7,9,PCA,SVC,2,0.4509803921568628,0.4954954954954955,23,32,27,29,"[0 0 1 1 0 1 1 0 1 1 1 0 0 1 0 0 1 0 0 1 0 0 1 0 1 0 0 1 0 1 1 0 0 1 0 0 1
 0 0 0 1 0 0 1 0 0 0 1 1 1 0 0 0 0 1 1 1 0 1 1 0 0 1 0 0 0 1 0 0 0 0 0 0 0
 0 0 1 1 1 1 0 0 0 0 1 0 1 1 1 1 1 0 1 0 0 0 0 1 0 1 0 1 1 0 1 1 1 1 1 1 0]",65
1306,4,gad7,9,PCA,kNN,2,0.4583333333333333,0.5315315315315315,22,37,22,30,"[0 0 0 0 1 0 1 1 1 0 1 0 0 0 0 1 1 0 1 0 1 0 0 0 0 1 0 0 1 0 0 0 1 1 1 0 1
 0 0 0 1 0 0 1 0 1 0 1 1 1 0 1 0 0 0 1 1 0 0 0 0 0 0 1 0 0 1 0 1 0 1 1 1 0
 0 0 1 1 0 1 1 0 0 0 1 0 1 0 1 1 0 1 1 0 0 1 1 1 0 0 0 0 1 0 0 0 0 0 0 0 0]",65
1307,4,gad7,9,PCA,RF,2,0.39999999999999997,0.5135135135135135,18,39,20,34,"[0 0 1 1 1 0 1 0 0 1 1 0 0 0 0 0 0 0 0 1 1 1 0 0 0 1 0 0 1 0 1 1 1 0 0 0 1
 0 0 0 1 0 0 0 0 1 0 0 1 1 0 1 0 0 0 0 0 1 0 0 0 1 0 0 1 1 0 0 0 0 1 0 0 0
 0 0 1 1 0 1 0 0 0 0 1 0 0 0 1 1 0 1 1 0 1 0 0 1 0 0 0 0 0 0 1 0 1 0 0 1 0]",65
1308,4,gad7,9,PCA,LR,2,0.4509803921568628,0.4954954954954955,23,32,27,29,"[0 0 1 1 0 1 1 0 1 1 1 0 0 1 0 0 1 0 0 1 0 0 1 0 1 0 0 1 0 1 1 0 0 1 0 0 1
 0 0 0 1 0 0 1 0 0 0 1 1 1 0 0 0 0 1 1 1 0 1 1 0 0 1 0 0 0 1 0 0 0 0 0 0 0
 0 0 1 1 1 1 0 0 0 0 1 0 1 1 1 1 1 0 1 0 0 0 0 1 0 1 0 1 1 0 1 1 1 1 1 1 0]",65
1309,4,gad7,9,PCA,XG,2,0.4,0.4864864864864865,19,35,24,33,"[0 0 0 1 1 0 0 0 0 1 1 0 0 0 0 0 0 0 0 1 0 0 1 0 1 1 1 0 1 0 1 0 1 0 0 0 1
 0 0 0 1 0 0 0 0 1 0 1 1 1 0 1 0 0 0 0 0 1 0 1 0 1 1 0 1 1 1 0 1 0 1 0 0 0
 0 0 1 1 0 1 0 0 0 0 1 0 0 0 1 1 0 1 1 0 1 0 0 1 0 0 1 0 1 0 1 0 1 0 1 0 0]",65
1310,4,gad7,9,PCA,SVC,3,0.46153846153846156,0.4954954954954955,24,31,28,28,"[0 0 1 1 0 1 1 0 1 1 1 0 0 1 0 0 1 0 0 1 0 0 1 0 1 0 0 1 0 1 1 0 0 1 0 1 1
 0 0 0 1 0 0 1 0 0 0 1 1 1 0 0 0 0 1 1 1 0 1 1 0 0 1 0 0 0 1 0 0 0 0 0 0 0
 0 0 1 1 1 1 0 0 0 0 1 0 1 1 1 1 1 0 1 0 1 0 0 1 0 1 0 1 1 0 1 1 1 1 1 1 0]",65
1311,4,gad7,9,PCA,kNN,3,0.3829787234042554,0.4774774774774775,18,35,24,34,"[0 1 0 1 0 0 0 0 1 1 1 0 0 0 0 0 1 0 1 1 1 0 0 0 0 1 0 0 0 0 0 0 0 1 1 0 1
 0 0 0 1 0 1 1 0 1 1 0 0 1 0 0 1 0 0 1 1 0 0 1 1 0 0 0 1 0 0 0 0 0 0 0 0 0
 0 1 1 1 0 1 0 1 0 0 1 0 1 0 1 1 0 0 1 1 0 0 0 1 0 1 0 0 1 0 1 0 0 0 1 0 1]",65
1312,4,gad7,9,PCA,RF,3,0.38636363636363635,0.5135135135135135,17,40,19,35,"[0 0 0 1 1 0 0 0 0 1 1 0 0 0 0 0 0 0 0 1 1 0 1 0 0 1 1 0 0 1 0 1 0 0 1 0 1
 0 0 0 1 0 1 0 0 1 1 1 0 0 0 1 0 0 0 0 0 0 0 1 0 1 0 0 1 0 0 0 0 0 0 0 0 0
 0 1 1 1 0 1 0 0 0 0 1 0 0 0 1 1 0 1 1 0 1 0 0 1 0 0 0 0 1 0 1 0 0 0 0 0 1]",65
1313,4,gad7,9,PCA,LR,3,0.46601941747572817,0.5045045045045045,24,32,27,28,"[0 0 1 1 0 1 1 0 1 1 1 0 0 1 0 0 1 0 0 1 0 0 1 0 1 0 0 1 0 1 1 0 0 1 0 0 1
 0 0 0 1 0 0 1 1 0 0 1 1 1 0 0 0 0 1 1 1 0 1 1 0 0 1 0 0 0 1 0 0 0 0 0 0 0
 0 0 1 1 1 1 0 0 0 0 1 0 1 1 1 1 1 0 1 0 0 0 0 1 0 1 0 1 1 0 1 1 1 1 1 1 0]",65
1314,4,gad7,9,PCA,XG,3,0.40909090909090906,0.5315315315315315,18,41,18,34,"[0 0 0 1 0 0 0 0 0 1 1 0 0 0 0 0 0 0 1 1 1 0 1 0 0 1 1 0 0 0 1 1 0 0 1 0 1
 0 0 0 1 0 1 0 0 1 1 1 1 1 0 0 0 0 0 0 0 0 0 1 0 1 0 0 1 0 0 0 0 0 0 0 0 0
 0 1 1 1 0 1 0 0 0 0 1 0 0 0 1 1 0 0 1 0 1 0 0 1 0 0 0 1 1 0 1 0 0 0 0 0 0]",65
1315,4,gad7,9,PCA,SVC,4,0.46464646464646464,0.5225225225225225,23,35,24,29,"[0 0 1 1 0 1 1 0 1 1 1 0 0 1 0 0 0 0 0 1 0 0 1 0 1 0 0 1 0 1 1 0 0 1 0 1 1
 0 0 0 1 0 0 0 0 0 0 1 1 1 0 0 0 0 1 0 0 0 1 1 0 0 1 0 0 0 1 0 0 0 0 0 0 0
 0 0 1 1 1 1 0 0 0 0 1 0 0 1 1 1 1 0 1 0 1 0 0 1 0 1 0 1 1 0 1 1 1 1 1 1 0]",65
1316,4,gad7,9,PCA,kNN,4,0.4158415841584159,0.46846846846846846,21,31,28,31,"[1 0 0 1 1 0 0 1 1 1 1 0 0 0 0 1 1 0 0 0 1 1 0 0 0 1 1 0 0 1 0 0 0 1 1 1 1
 0 0 0 0 0 0 1 0 1 0 1 1 1 0 0 1 1 0 1 1 0 0 1 0 0 0 0 1 0 0 0 1 0 0 0 0 1
 0 1 1 1 0 1 0 1 0 0 0 1 1 0 1 1 0 0 1 0 1 1 0 1 0 1 0 0 1 0 1 0 0 0 0 1 1]",65
1317,4,gad7,9,PCA,RF,4,0.3255813953488372,0.4774774774774775,14,39,20,38,"[1 0 0 0 0 0 1 0 0 1 1 0 1 0 0 1 0 0 0 0 1 1 1 0 0 0 1 0 0 1 1 0 0 0 0 1 1
 0 0 0 1 0 0 0 0 1 0 1 1 1 0 0 0 1 0 0 0 0 0 1 0 1 0 0 1 0 0 0 0 0 0 0 0 0
 0 0 1 1 0 1 0 0 0 0 1 0 0 0 1 1 0 0 1 0 0 0 0 1 0 0 0 0 1 0 1 0 0 0 0 0 1]",65
1318,4,gad7,9,PCA,LR,4,0.48484848484848486,0.5405405405405406,24,36,23,28,"[0 0 1 1 0 1 1 0 1 1 1 0 0 1 0 0 0 0 0 1 0 0 1 0 1 0 0 1 0 1 1 0 0 1 0 1 1
 0 0 0 1 0 0 0 1 0 0 1 1 1 0 0 0 0 1 0 0 0 1 1 0 0 1 0 0 0 1 0 0 0 0 0 0 0
 0 0 1 1 1 1 0 0 0 0 1 0 0 1 1 1 1 0 1 0 0 0 0 1 0 1 0 1 1 0 1 1 1 1 1 1 0]",65
1319,4,gad7,9,PCA,XG,4,0.37777777777777777,0.4954954954954955,17,38,21,35,"[1 0 0 0 1 0 1 0 0 1 1 0 1 0 0 0 0 0 0 0 1 1 1 0 0 1 1 0 0 1 1 0 0 0 0 1 1
 0 0 0 1 0 1 0 0 1 0 1 1 1 0 0 0 0 0 0 0 0 0 0 0 0 0 0 1 0 1 0 1 0 0 0 0 0
 0 1 1 1 0 1 0 0 0 0 1 1 0 0 1 1 0 0 1 0 1 0 0 1 0 0 0 0 1 0 1 0 0 0 0 0 1]",65
1320,4,gad7,9,PCA,SVC,1,0.3218390804597701,0.46846846846846846,14,38,21,38,"[1 1 1 1 0 0 0 1 1 1 1 0 0 0 1 0 0 0 0 0 1 0 1 0 0 0 1 0 0 0 0 0 0 0 0 1 0
 0 0 1 1 0 0 1 1 0 0 0 0 0 0 0 1 0 0 0 0 1 1 1 1 0 0 0 1 1 0 0 1 0 1 0 0 0
 0 0 0 0 0 0 0 1 0 0 1 0 0 0 1 0 0 0 0 1 1 0 0 1 0 0 0 0 1 0 0 0 0 0 1 0 1]",66
1321,4,gad7,9,PCA,kNN,1,0.4536082474226804,0.5225225225225225,22,36,23,30,"[1 1 1 1 1 0 0 0 0 1 0 0 1 0 0 1 0 0 0 0 0 0 0 0 1 0 0 1 1 0 1 0 1 1 0 1 0
 0 0 0 1 1 1 0 1 0 1 1 0 0 1 1 1 1 0 0 0 0 1 1 0 0 0 1 1 1 0 0 1 0 0 0 0 0
 1 1 0 0 0 1 1 0 0 1 1 0 0 0 0 0 0 0 1 1 1 1 0 1 1 0 0 0 0 0 0 0 0 1 0 0 1]",66
1322,4,gad7,9,PCA,RF,1,0.4680851063829788,0.5495495495495496,22,39,20,30,"[1 1 0 1 1 0 0 1 0 1 0 0 1 0 0 0 0 0 1 0 1 0 0 0 0 0 0 1 0 0 0 0 1 1 0 0 0
 0 1 0 0 1 0 0 1 0 1 0 1 1 1 1 0 1 0 0 0 0 1 1 1 0 0 1 0 1 0 1 1 0 0 1 0 0
 0 0 0 0 1 1 1 0 0 1 1 1 0 0 0 0 0 0 1 0 1 1 0 1 1 0 0 1 0 0 0 0 1 0 0 0 0]",66
1323,4,gad7,9,PCA,LR,1,0.2857142857142857,0.4594594594594595,12,39,20,40,"[1 0 1 1 0 1 1 1 1 0 1 0 0 0 1 0 0 0 0 1 1 0 0 1 0 0 0 0 0 0 0 0 0 0 1 1 0
 0 0 1 1 0 0 1 1 0 0 0 0 0 0 0 1 0 0 0 0 0 1 0 1 0 0 0 1 1 0 0 1 0 1 0 0 0
 0 0 0 0 0 0 0 1 0 0 0 0 0 0 1 0 1 0 0 1 1 0 0 1 0 0 0 0 0 0 0 0 0 0 0 0 1]",66
1324,4,gad7,9,PCA,XG,1,0.48484848484848486,0.5405405405405406,24,36,23,28,"[1 1 0 1 1 0 0 1 0 1 0 0 1 0 0 1 0 0 1 0 1 0 0 0 0 0 0 1 1 0 1 0 1 1 0 0 0
 0 1 0 0 1 0 0 1 0 1 0 1 1 1 1 0 1 0 0 0 0 1 1 1 0 0 1 1 1 0 0 1 0 0 1 0 0
 0 1 0 0 0 1 1 1 0 1 1 1 0 0 0 0 0 0 1 0 1 1 0 1 1 0 0 1 0 0 0 0 1 1 0 0 0]",66
1325,4,gad7,9,PCA,SVC,2,0.49090909090909085,0.4954954954954955,27,28,31,25,"[1 1 1 1 0 0 0 1 1 1 1 1 1 0 1 0 0 0 0 0 1 1 1 0 0 0 1 0 0 1 0 1 0 0 0 1 1
 0 0 1 1 0 1 1 1 1 1 0 0 0 1 0 1 0 1 1 0 1 1 1 1 0 1 1 1 1 0 0 1 0 1 0 0 1
 0 0 0 0 0 0 1 1 1 0 1 0 0 0 1 1 0 1 1 1 1 0 0 1 0 1 0 0 1 0 0 0 1 0 1 1 1]",66
1326,4,gad7,9,PCA,kNN,2,0.43564356435643564,0.4864864864864865,22,32,27,30,"[0 1 0 1 0 0 0 0 0 1 1 0 0 0 1 1 0 0 1 0 0 0 1 0 0 0 0 1 0 1 0 0 1 0 0 0 1
 0 0 0 1 1 1 1 1 1 0 1 0 0 1 1 1 0 0 1 0 1 1 0 1 0 0 1 0 1 0 1 1 0 0 1 0 0
 0 1 0 0 0 1 1 1 0 1 0 1 0 0 0 1 0 0 1 1 1 1 0 1 1 1 0 0 1 1 0 0 0 1 1 0 0]",66
1327,4,gad7,9,PCA,RF,2,0.36170212765957444,0.4594594594594595,17,34,25,35,"[0 1 1 1 1 0 0 0 0 1 0 0 0 0 1 1 0 0 1 0 0 0 0 0 0 0 0 1 0 1 1 1 0 0 0 0 1
 0 0 0 1 0 1 1 1 0 0 0 0 1 1 1 0 0 0 0 1 1 1 0 0 0 0 1 1 0 0 1 1 0 0 1 0 0
 0 1 0 0 0 1 1 1 0 1 1 1 0 0 0 1 0 0 0 1 1 0 0 1 1 0 0 1 0 0 0 0 0 1 0 0 0]",66
1328,4,gad7,9,PCA,LR,2,0.5098039215686274,0.5495495495495496,26,35,24,26,"[0 1 0 1 0 1 1 1 1 1 0 1 1 0 1 0 0 0 0 1 1 1 0 1 0 0 0 0 0 1 0 1 0 0 1 0 1
 0 0 0 1 0 1 1 1 1 1 0 0 0 1 0 1 0 1 1 0 1 0 1 1 0 1 1 0 0 0 0 1 0 1 0 0 1
 0 0 0 0 0 0 1 1 1 0 0 0 0 0 1 1 1 1 1 1 1 0 0 1 0 1 0 0 0 0 0 0 1 0 0 1 0]",66
1329,4,gad7,9,PCA,XG,2,0.39560439560439564,0.5045045045045045,18,38,21,34,"[0 1 1 1 1 0 0 0 0 1 0 0 0 0 1 1 0 0 1 0 0 0 0 0 0 0 0 1 0 1 1 1 0 0 0 0 0
 0 0 0 1 0 1 0 1 0 0 0 0 1 1 1 0 0 0 0 0 1 1 0 0 0 0 1 1 0 0 1 1 0 0 1 0 0
 0 0 0 0 0 1 1 1 0 1 0 1 0 0 0 1 0 0 0 1 1 0 0 1 1 0 1 1 0 1 0 0 0 1 0 0 0]",66
1330,4,gad7,9,PCA,SVC,3,0.49572649572649574,0.46846846846846846,29,23,36,23,"[1 1 1 1 0 0 0 1 1 1 1 1 1 0 1 1 1 0 0 0 1 1 1 0 0 0 1 0 0 1 0 1 0 0 0 1 1
 0 0 1 1 0 1 1 1 1 1 0 0 0 1 0 1 0 1 1 1 1 1 1 1 0 1 1 1 1 0 0 1 0 1 0 0 1
 0 1 0 0 0 1 1 1 1 1 1 0 0 0 1 1 0 1 1 1 1 1 0 1 0 1 0 0 1 0 0 0 1 0 1 1 1]",66
1331,4,gad7,9,PCA,kNN,3,0.39215686274509803,0.44144144144144143,20,29,30,32,"[1 1 1 1 0 0 0 1 0 1 1 1 1 0 1 1 0 0 1 0 0 1 0 0 1 1 1 0 0 1 1 0 0 0 0 0 0
 0 0 1 1 0 1 1 1 1 0 0 1 0 0 1 1 0 1 1 0 1 1 1 0 0 0 1 0 1 0 0 1 0 0 0 0 0
 0 1 0 0 0 1 0 1 0 1 1 1 0 0 0 1 0 0 0 1 1 1 0 1 0 1 0 0 1 0 0 0 0 0 1 0 1]",66
1332,4,gad7,9,PCA,RF,3,0.33707865168539325,0.46846846846846846,15,37,22,37,"[0 1 1 1 0 0 0 0 0 1 0 0 0 0 1 1 0 0 1 0 0 0 0 0 1 0 0 1 0 1 0 1 0 0 0 0 0
 0 0 0 1 0 1 1 1 0 0 0 0 1 1 1 0 0 0 0 0 0 1 0 0 0 0 1 1 1 0 1 1 0 0 1 0 0
 0 0 0 0 0 0 1 1 0 0 1 1 0 0 0 1 0 0 0 1 1 1 0 1 0 0 0 1 0 0 0 0 0 0 0 1 1]",66
1333,4,gad7,9,PCA,LR,3,0.509433962264151,0.5315315315315315,27,32,27,25,"[0 1 1 1 0 1 1 1 1 1 0 1 1 0 1 0 0 0 0 1 1 1 0 1 0 0 0 0 0 1 0 1 0 0 1 0 1
 0 0 1 1 0 1 1 1 1 1 0 0 0 1 0 1 0 1 1 0 1 1 1 1 0 1 1 0 0 0 0 1 0 1 0 0 1
 0 0 0 0 0 0 1 1 1 0 1 0 0 0 1 1 1 1 1 1 1 0 0 1 0 1 0 0 0 0 0 0 1 0 0 1 0]",66
1334,4,gad7,9,PCA,XG,3,0.3255813953488372,0.4774774774774775,14,39,20,38,"[0 1 0 1 1 0 0 0 0 1 1 0 0 0 1 1 0 0 0 0 0 0 0 0 1 0 0 1 1 1 0 1 0 0 0 0 0
 0 0 0 1 0 1 1 1 0 0 0 0 1 0 1 0 0 0 0 0 0 1 0 0 0 0 1 0 1 0 1 1 0 0 1 0 0
 0 0 0 0 0 0 1 1 0 0 0 1 0 0 0 1 0 0 0 1 1 1 0 1 0 0 0 1 0 0 0 0 0 0 0 0 1]",66
1335,4,gad7,9,PCA,SVC,4,0.5185185185185186,0.5315315315315315,28,31,28,24,"[0 1 1 1 0 0 0 1 1 1 1 1 1 0 1 0 1 0 0 0 1 1 0 0 0 0 0 0 0 1 0 1 0 0 0 1 1
 0 0 1 1 0 1 1 1 1 1 0 0 0 1 1 1 1 1 1 0 1 1 1 1 0 1 1 1 1 0 0 1 0 1 0 0 1
 0 0 0 0 0 0 1 1 1 0 1 0 0 0 1 1 0 1 1 1 1 0 0 1 0 1 0 0 0 0 0 0 1 0 0 1 1]",66
1336,4,gad7,9,PCA,kNN,4,0.5048543689320388,0.5405405405405406,26,34,25,26,"[1 1 1 1 0 0 0 0 0 1 1 1 1 0 1 0 1 0 1 0 0 1 0 0 0 0 1 0 0 1 0 1 1 0 0 0 0
 0 0 1 1 1 1 1 1 1 1 1 1 0 1 1 0 1 0 0 0 1 1 0 1 0 0 0 0 1 0 0 1 0 0 0 0 1
 0 0 0 1 0 1 0 1 0 1 1 0 0 1 0 1 0 1 0 1 1 0 0 1 0 0 1 0 0 0 0 0 1 1 0 1 1]",66
1337,4,gad7,9,PCA,RF,4,0.4175824175824176,0.5225225225225225,19,39,20,33,"[0 1 1 1 0 0 0 0 0 1 0 0 1 0 1 1 1 0 0 0 0 0 0 0 0 0 0 1 0 1 1 1 0 0 0 1 0
 0 0 1 1 1 1 0 1 0 0 0 0 0 1 1 0 0 0 0 0 1 1 0 0 0 0 1 0 1 0 1 1 0 0 1 0 0
 0 0 0 0 0 1 1 1 0 0 1 1 0 0 0 1 0 0 0 1 1 1 0 1 0 0 0 0 0 0 0 0 0 1 0 0 1]",66
1338,4,gad7,9,PCA,LR,4,0.5148514851485149,0.5585585585585585,26,36,23,26,"[0 1 1 1 0 0 1 1 1 1 0 1 1 0 1 0 0 0 0 0 1 1 0 0 0 0 0 0 0 1 0 1 0 0 0 1 1
 0 0 1 1 0 1 1 1 1 1 0 0 0 1 0 1 0 1 1 0 1 1 1 1 0 1 1 0 0 0 0 1 0 1 0 0 1
 0 0 0 0 0 0 1 1 1 0 0 0 0 0 1 1 0 1 1 1 1 0 0 1 0 1 0 0 0 0 0 0 1 0 0 1 0]",66
1339,4,gad7,9,PCA,XG,4,0.4117647058823529,0.4594594594594595,21,30,29,31,"[0 1 1 1 0 0 0 1 1 1 1 0 0 0 0 1 0 0 1 0 1 0 0 0 1 0 0 1 0 1 1 1 0 0 0 1 0
 0 0 1 1 1 1 0 1 0 0 0 0 0 1 1 1 0 0 0 0 1 1 1 0 0 0 1 0 1 0 1 1 0 1 1 0 0
 1 0 0 0 0 1 1 1 0 1 1 1 0 0 1 1 0 1 0 1 1 1 0 1 1 0 1 0 0 0 0 0 0 1 0 0 0]",66
1340,4,gad7,9,PCA,SVC,1,0.5611510791366906,0.45045045045045046,39,11,48,13,"[1 0 1 1 1 1 0 0 0 0 1 1 1 0 1 1 0 0 1 1 1 1 0 1 1 0 1 1 1 1 1 0 1 1 1 1 1
 1 1 1 1 1 0 1 1 1 1 1 1 1 1 1 1 0 1 1 1 1 1 1 1 1 1 1 1 1 1 1 1 1 1 1 1 1
 1 1 1 0 1 1 1 1 1 0 0 1 0 1 0 0 1 1 1 1 1 0 1 1 1 0 1 1 1 1 1 0 0 1 1 1 0]",67
1341,4,gad7,9,PCA,kNN,1,0.4271844660194175,0.46846846846846846,22,30,29,30,"[1 1 0 0 0 1 0 0 0 0 1 0 0 0 0 0 0 0 0 0 1 0 0 1 1 0 1 0 1 1 1 0 1 1 0 1 1
 0 1 0 0 1 0 1 1 0 1 0 1 1 1 1 0 0 1 0 0 1 1 0 0 0 1 1 1 1 0 0 1 0 0 0 1 0
 0 0 1 0 1 1 0 1 0 0 0 0 1 0 0 0 1 0 1 0 1 0 1 1 0 1 0 1 0 1 1 0 0 1 1 1 1]",67
1342,4,gad7,9,PCA,RF,1,0.37777777777777777,0.4954954954954955,17,38,21,35,"[0 1 1 0 0 1 0 0 1 0 0 0 0 0 0 0 0 0 0 0 0 1 0 0 0 0 1 0 0 0 0 1 1 1 0 0 1
 0 0 0 0 1 0 1 1 0 1 1 0 1 0 0 1 0 1 0 1 0 1 0 1 0 1 1 1 1 0 0 0 0 0 0 1 0
 1 0 0 0 1 0 0 0 0 0 0 0 0 0 1 0 0 0 1 0 1 0 1 1 0 1 0 1 0 0 1 0 0 1 0 0 1]",67
1343,4,gad7,9,PCA,LR,1,0.5245901639344263,0.4774774774774775,32,21,38,20,"[1 0 1 1 1 1 0 0 0 0 1 1 1 0 1 1 0 0 1 1 0 1 0 1 1 0 1 1 1 1 1 0 0 1 1 1 1
 1 1 0 0 1 0 1 1 1 0 1 1 1 1 1 1 0 1 1 1 0 1 1 1 1 1 1 0 0 1 1 0 1 0 1 0 1
 1 1 1 0 0 1 1 1 1 0 0 1 0 1 0 0 1 1 1 1 1 0 0 0 1 0 1 1 1 1 1 0 0 0 0 0 0]",67
1344,4,gad7,9,PCA,XG,1,0.4210526315789474,0.5045045045045045,20,36,23,32,"[1 1 0 0 0 1 0 0 1 0 1 0 0 0 0 0 0 0 0 0 0 1 0 0 0 0 1 0 1 0 0 0 1 1 0 0 1
 0 1 0 0 1 0 1 1 0 1 1 0 1 1 0 1 0 1 0 1 1 1 0 1 0 1 1 1 1 0 0 0 0 0 0 1 0
 1 0 1 0 1 1 0 0 0 0 0 0 0 0 0 0 0 0 1 0 1 0 1 1 0 1 0 1 0 0 1 0 0 1 0 0 1]",67
1345,4,gad7,9,PCA,SVC,2,0.24324324324324326,0.4954954954954955,9,46,13,43,"[1 0 0 1 1 1 0 0 0 0 0 1 1 0 0 0 0 0 0 0 0 0 0 1 0 0 0 0 0 1 1 0 0 0 0 0 0
 0 1 0 0 0 0 0 0 0 0 1 0 0 0 1 0 0 0 0 1 0 0 1 0 0 1 0 1 0 0 0 0 0 0 0 0 0
 1 0 1 0 0 1 1 0 0 0 0 1 0 0 0 0 0 0 0 0 0 0 0 0 1 0 0 0 0 0 0 0 0 0 0 0 0]",67
1346,4,gad7,9,PCA,kNN,2,0.4583333333333333,0.5315315315315315,22,37,22,30,"[1 0 0 1 1 0 0 0 0 0 1 1 1 1 1 0 0 0 1 1 0 0 0 1 0 0 0 0 1 0 1 0 0 1 0 0 0
 0 1 0 0 1 0 1 1 0 0 1 1 0 0 1 0 1 1 1 1 0 1 1 0 0 0 1 1 1 0 1 0 0 0 0 1 0
 0 0 1 0 1 1 1 1 0 0 0 1 0 1 1 0 0 1 0 0 0 0 0 0 1 0 0 0 0 0 0 0 0 0 1 1 0]",67
1347,4,gad7,9,PCA,RF,2,0.46341463414634143,0.6036036036036037,19,48,11,33,"[1 0 0 0 1 0 0 0 1 0 1 0 0 1 0 0 0 0 0 0 0 0 0 1 0 0 0 0 0 1 0 1 0 1 0 0 0
 0 1 0 0 1 0 1 1 0 0 1 1 0 0 1 0 1 1 0 1 0 1 0 0 0 0 0 1 1 0 1 0 0 0 0 1 0
 0 1 1 0 1 0 0 0 0 0 0 0 0 0 0 0 0 0 0 0 0 0 0 0 0 1 1 0 0 0 0 0 0 0 0 0 1]",67
1348,4,gad7,9,PCA,LR,2,0.2894736842105263,0.5135135135135135,11,46,13,41,"[1 0 0 1 1 1 0 0 0 0 1 1 1 0 0 0 0 0 0 0 0 0 0 1 0 0 0 0 0 1 1 0 0 0 0 0 0
 0 1 0 0 0 0 0 0 0 0 1 0 0 1 1 0 0 0 0 1 0 0 1 0 0 1 0 1 0 0 0 0 0 0 0 0 0
 1 0 1 0 0 1 1 0 0 0 0 1 0 0 0 0 0 0 0 0 0 0 0 0 1 0 0 0 0 0 0 0 0 0 0 0 0]",67
1349,4,gad7,9,PCA,XG,2,0.4444444444444444,0.5495495495495496,20,41,18,32,"[1 0 0 0 1 0 0 0 1 0 1 1 1 1 0 0 0 0 0 0 0 0 0 0 1 0 1 0 0 0 0 1 0 1 0 1 0
 0 1 0 0 1 0 1 1 0 0 1 1 0 1 1 0 1 1 0 1 0 1 0 0 0 0 0 1 1 0 0 0 0 0 0 1 1
 0 0 1 0 1 1 0 0 0 0 0 0 0 0 0 0 1 0 0 0 0 0 1 1 0 1 0 0 0 0 1 0 0 1 0 0 1]",67
1350,4,gad7,9,PCA,SVC,3,0.2222222222222222,0.4954954954954955,8,47,12,44,"[1 0 0 1 1 1 0 0 0 0 0 1 1 0 0 0 0 0 0 0 0 0 0 1 0 0 0 0 0 1 1 0 0 0 0 0 0
 0 0 0 0 0 0 0 0 0 0 1 0 0 0 1 0 0 0 0 1 0 0 1 0 0 1 0 1 0 0 0 0 0 0 0 0 0
 1 0 1 0 0 0 1 0 0 0 0 1 0 0 0 0 0 0 0 0 0 0 0 0 1 0 0 0 0 0 0 0 0 0 0 0 0]",67
1351,4,gad7,9,PCA,kNN,3,0.41379310344827586,0.5405405405405406,18,42,17,34,"[1 0 0 1 1 1 0 0 0 0 1 1 1 0 0 0 0 0 0 0 1 0 0 1 0 0 1 0 0 0 0 0 0 1 0 0 0
 0 1 0 1 1 0 0 1 0 1 0 0 1 0 1 1 0 1 0 0 0 1 1 1 0 0 1 0 0 0 0 0 0 0 1 0 1
 0 0 1 0 0 1 0 0 0 0 0 1 0 1 0 0 0 1 0 0 1 0 0 0 1 0 0 0 0 0 1 0 0 0 1 0 0]",67
1352,4,gad7,9,PCA,RF,3,0.425,0.5855855855855856,17,48,11,35,"[0 1 0 0 1 0 0 0 0 0 0 1 1 1 0 0 0 0 0 0 0 0 0 1 0 0 0 0 0 1 1 0 0 1 0 0 0
 0 0 0 0 1 0 1 1 0 0 0 0 0 0 1 0 1 1 0 1 1 0 1 0 0 0 0 1 1 0 0 0 0 0 0 1 1
 1 0 1 0 0 1 0 0 0 0 0 0 0 0 0 0 0 0 0 0 0 0 0 0 1 1 0 0 0 0 1 0 0 0 0 0 0]",67
1353,4,gad7,9,PCA,LR,3,0.2894736842105263,0.5135135135135135,11,46,13,41,"[1 0 0 1 1 1 0 0 0 0 1 1 1 0 0 0 0 0 0 0 0 0 0 1 0 0 0 0 0 1 1 0 0 0 0 0 0
 0 1 0 0 0 0 0 0 0 0 1 0 0 1 1 0 0 0 0 1 0 0 1 0 0 1 0 1 0 0 0 0 0 0 0 0 0
 1 0 1 0 0 1 1 0 0 0 0 1 0 0 0 0 0 0 0 0 0 0 0 0 1 0 0 0 0 0 0 0 0 0 0 0 0]",67
1354,4,gad7,9,PCA,XG,3,0.47191011235955055,0.5765765765765766,21,43,16,31,"[1 0 0 0 1 0 0 0 1 1 1 1 1 1 0 0 0 0 0 0 0 0 0 0 0 1 0 0 0 1 1 0 0 1 0 0 0
 0 1 0 1 1 0 1 0 0 0 0 1 0 1 1 0 1 0 0 1 0 0 1 0 0 0 0 1 1 0 0 0 0 0 1 1 1
 1 1 1 0 1 1 0 0 0 1 0 0 0 0 0 0 0 0 1 0 0 0 0 0 1 1 0 0 0 0 1 0 0 0 0 0 0]",67
1355,4,gad7,9,PCA,SVC,4,0.24657534246575344,0.5045045045045045,9,47,12,43,"[1 0 0 1 1 1 0 0 0 0 0 1 1 0 0 0 0 0 0 0 0 0 0 1 0 0 0 0 0 1 1 0 0 0 0 0 0
 0 1 0 0 0 0 0 0 0 0 1 0 0 0 1 0 0 0 0 1 0 0 1 0 0 1 0 1 0 0 0 0 0 0 0 0 0
 1 0 1 0 0 0 1 0 0 0 0 1 0 0 0 0 0 0 0 0 0 0 0 0 1 0 0 0 0 0 0 0 0 0 0 0 0]",67
1356,4,gad7,9,PCA,kNN,4,0.43678160919540227,0.5585585585585585,19,43,16,33,"[1 0 0 0 0 0 0 0 0 0 1 0 1 0 0 1 0 0 0 1 0 0 0 1 0 0 1 0 0 1 0 0 0 1 0 0 1
 0 1 0 0 0 0 0 0 1 1 0 0 0 0 1 1 0 0 0 1 1 1 1 1 1 0 0 0 0 1 0 0 0 0 1 0 0
 0 1 1 0 0 0 1 0 0 0 0 1 0 1 0 0 0 1 0 1 1 0 0 0 1 0 1 0 0 0 1 0 0 0 1 0 0]",67
1357,4,gad7,9,PCA,RF,4,0.46341463414634143,0.6036036036036037,19,48,11,33,"[0 1 0 0 1 1 0 0 1 0 0 1 1 0 0 0 0 0 0 0 0 0 0 1 0 0 0 0 0 1 0 0 1 1 0 0 0
 0 0 0 0 1 0 0 0 0 1 0 0 0 0 1 1 0 1 0 1 1 0 1 0 0 0 0 1 1 0 1 0 0 0 0 0 0
 0 1 1 0 0 0 1 0 0 0 0 1 0 0 0 0 0 1 0 0 0 0 0 0 1 1 1 0 0 0 0 0 0 0 1 0 0]",67
1358,4,gad7,9,PCA,LR,4,0.46153846153846156,0.4954954954954955,24,31,28,28,"[1 0 0 1 1 1 0 0 0 0 1 1 1 0 1 0 0 0 1 1 1 1 0 1 1 0 0 0 0 1 1 0 1 0 0 0 0
 1 1 1 0 0 0 1 1 1 0 1 0 1 0 1 1 0 0 1 1 1 0 1 0 0 1 0 1 0 1 1 0 0 0 1 1 1
 1 0 1 0 1 0 1 0 0 0 0 1 0 0 0 0 1 0 0 0 1 0 1 1 1 0 0 0 0 0 1 0 0 1 1 1 0]",67
1359,4,gad7,9,PCA,XG,4,0.4565217391304348,0.5495495495495496,21,40,19,31,"[1 0 0 0 1 1 0 0 1 0 1 1 1 0 0 0 0 0 0 0 0 0 0 1 0 0 1 0 0 1 0 1 1 1 0 0 1
 0 1 1 1 1 0 0 0 0 0 0 0 0 1 1 1 0 1 0 1 1 0 1 0 0 1 0 1 1 0 0 0 0 0 0 1 0
 0 1 0 0 0 1 1 0 0 1 0 0 0 0 1 0 0 0 1 0 0 0 0 0 1 1 1 0 0 0 0 0 0 1 1 0 0]",67
1360,4,gad7,9,PCA,SVC,1,0.40909090909090906,0.5315315315315315,18,41,18,34,"[0 0 0 1 1 1 1 0 0 0 0 0 0 0 1 0 1 0 0 0 0 1 0 0 1 1 1 1 1 0 0 0 0 0 0 1 1
 0 1 0 0 1 1 0 1 0 1 1 1 0 0 0 0 1 0 0 0 0 1 0 0 0 0 1 0 1 1 0 1 0 1 0 1 0
 0 0 0 1 0 1 0 0 0 0 1 0 0 0 0 0 0 1 1 1 0 0 0 0 0 0 0 0 0 0 0 0 0 0 0 1 0]",68
1361,4,gad7,9,PCA,kNN,1,0.38888888888888895,0.40540540540540543,21,24,35,31,"[1 1 1 1 0 1 1 1 0 1 0 0 0 1 0 1 1 1 0 1 0 1 1 1 0 1 1 1 0 1 0 1 1 1 0 0 1
 0 0 0 0 1 0 0 1 1 0 0 1 1 0 0 0 1 0 1 0 1 0 1 1 0 1 1 1 0 1 0 0 1 1 0 1 1
 1 0 0 1 0 0 1 0 0 0 1 0 0 0 0 0 0 1 1 1 1 0 0 0 1 1 0 0 0 1 0 1 1 0 0 0 1]",68
1362,4,gad7,9,PCA,RF,1,0.3170731707317073,0.4954954954954955,13,42,17,39,"[1 0 1 0 1 0 0 0 0 0 0 1 0 1 0 0 0 1 0 0 0 1 1 0 0 0 1 0 0 0 0 0 1 1 0 0 1
 0 0 1 0 0 0 0 0 1 0 0 0 0 1 0 1 1 0 0 0 0 0 0 1 0 0 0 1 0 1 0 0 1 0 0 0 1
 1 0 0 1 0 0 0 0 0 0 0 0 0 0 0 0 0 1 0 0 1 0 0 0 1 1 0 0 0 1 0 1 0 0 0 0 0]",68
1363,4,gad7,9,PCA,LR,1,0.3829787234042554,0.4774774774774775,18,35,24,34,"[0 0 0 1 1 1 1 0 0 1 0 1 0 0 1 0 1 1 0 0 0 1 1 0 1 0 1 1 1 0 0 0 0 0 0 1 0
 0 1 0 0 1 1 0 1 0 1 1 1 0 0 0 0 1 0 1 0 0 1 0 0 0 0 1 0 1 1 0 1 0 1 0 1 0
 1 0 0 1 0 1 0 0 0 0 1 0 0 0 0 0 0 1 1 1 0 0 0 0 0 0 0 0 0 0 1 1 0 0 0 1 0]",68
1364,4,gad7,9,PCA,XG,1,0.35714285714285715,0.5135135135135135,15,42,17,37,"[1 0 1 0 1 0 0 0 0 0 0 1 0 1 0 0 0 1 0 0 0 1 1 0 0 1 1 0 0 1 0 0 1 1 0 0 1
 0 0 1 0 0 0 0 0 1 0 0 0 0 1 0 1 1 0 0 0 0 0 0 1 0 0 0 1 0 1 0 0 1 0 0 0 1
 1 0 0 1 0 0 0 0 0 0 0 0 0 0 0 0 0 1 0 0 1 0 0 0 1 1 0 0 0 1 0 1 0 0 0 0 0]",68
1365,4,gad7,9,PCA,SVC,2,0.5641025641025641,0.5405405405405406,33,27,32,19,"[0 1 0 1 1 1 1 0 0 1 1 1 1 0 1 1 1 1 0 0 0 1 1 0 1 1 1 1 1 1 1 0 0 0 1 0 1
 0 1 0 1 1 1 0 1 1 1 0 1 0 1 1 0 1 0 1 1 0 1 0 1 0 1 1 1 1 1 1 1 0 1 0 1 0
 1 0 1 0 0 1 0 0 1 0 1 0 0 0 1 0 0 1 1 1 1 1 1 0 1 0 0 0 1 0 1 1 0 0 0 1 0]",68
1366,4,gad7,9,PCA,kNN,2,0.46153846153846156,0.4954954954954955,24,31,28,28,"[1 1 1 1 0 0 0 1 1 0 0 0 0 0 0 1 1 0 0 0 0 1 0 0 1 1 1 1 0 1 0 1 1 0 1 1 1
 0 0 0 1 1 0 0 1 1 0 0 1 0 1 1 0 1 0 0 0 0 1 0 1 0 1 1 0 1 1 1 0 1 0 0 1 0
 0 0 1 0 0 1 1 0 1 0 1 0 0 1 1 0 1 1 1 1 0 0 1 0 1 1 0 0 0 0 1 0 0 0 0 0 1]",68
1367,4,gad7,9,PCA,RF,2,0.345679012345679,0.5225225225225225,14,44,15,38,"[1 0 1 1 0 0 0 0 0 0 0 0 0 1 0 0 0 0 0 0 0 1 0 0 0 0 1 0 0 1 0 1 1 0 0 0 1
 0 1 0 1 0 0 0 1 1 0 0 0 1 1 1 0 1 0 0 1 0 1 0 1 0 0 0 0 0 1 1 0 1 0 0 0 0
 0 0 0 0 0 0 1 0 0 0 0 0 0 0 0 0 1 1 0 0 1 0 0 0 0 1 0 0 0 0 0 0 0 0 0 0 0]",68
1368,4,gad7,9,PCA,LR,2,0.5384615384615384,0.5675675675675675,28,35,24,24,"[0 1 0 1 1 1 1 0 0 0 1 0 1 0 1 0 1 0 0 0 0 0 0 0 1 1 1 1 1 1 1 0 0 1 1 1 1
 0 1 0 1 1 0 0 1 1 1 1 1 0 1 1 0 1 0 0 1 0 1 0 1 0 0 1 0 1 1 0 1 0 1 0 1 0
 0 0 0 1 0 1 0 0 1 0 1 0 0 0 1 0 0 1 1 1 1 1 1 0 0 0 0 0 0 0 0 0 0 0 0 1 0]",68
1369,4,gad7,9,PCA,XG,2,0.4318181818181818,0.5495495495495496,19,42,17,33,"[1 0 1 1 0 0 0 0 0 0 0 0 1 1 0 0 0 1 0 0 0 1 1 0 0 0 1 0 0 1 1 1 1 0 0 0 1
 0 1 0 0 0 0 0 0 1 0 0 0 1 1 1 0 1 0 0 1 1 0 0 1 1 0 0 0 0 1 1 0 1 0 0 0 1
 1 0 1 0 0 0 1 0 0 0 0 0 0 0 0 0 1 1 0 0 1 0 0 0 0 1 0 0 0 0 0 1 0 0 0 0 0]",68
1370,4,gad7,9,PCA,SVC,3,0.5438596491228069,0.5315315315315315,31,28,31,21,"[0 1 0 1 1 1 1 0 0 1 1 1 1 0 1 1 1 1 0 0 0 1 1 0 1 1 1 1 1 1 1 0 0 0 1 0 1
 0 1 0 1 1 1 0 1 1 1 0 1 0 0 1 0 1 0 1 1 0 1 0 1 0 1 1 1 1 1 0 1 0 1 0 1 0
 1 0 1 0 0 1 0 0 1 0 1 0 0 0 1 0 0 1 1 1 1 0 1 0 1 0 0 0 1 0 1 1 0 0 0 1 0]",68
1371,4,gad7,9,PCA,kNN,3,0.4,0.40540540540540543,22,23,36,30,"[0 0 1 1 0 0 0 0 0 0 1 1 1 0 0 0 1 1 0 0 0 1 1 0 1 1 1 1 0 0 0 1 0 0 1 0 1
 0 1 0 0 1 0 1 1 1 1 0 1 1 1 1 1 1 0 1 0 0 1 0 0 0 0 1 1 1 1 1 1 0 1 0 1 1
 1 1 1 0 1 1 1 0 1 0 1 0 1 0 0 1 0 1 1 1 1 0 0 0 0 1 0 0 1 1 0 1 0 0 0 0 1]",68
1372,4,gad7,9,PCA,RF,3,0.30769230769230776,0.5135135135135135,12,45,14,40,"[0 0 1 1 0 0 0 0 0 0 0 0 1 0 0 0 0 0 0 0 0 1 0 0 0 0 1 0 0 0 0 1 0 0 0 0 1
 0 0 0 0 0 0 0 0 1 0 0 0 1 1 1 1 1 0 1 0 0 1 0 1 0 1 0 0 0 1 1 0 1 0 0 0 0
 1 0 1 0 0 0 1 0 0 0 0 0 0 0 0 0 0 1 0 0 1 0 0 0 0 0 0 0 0 0 0 1 0 0 0 0 0]",68
1373,4,gad7,9,PCA,LR,3,0.5523809523809525,0.5765765765765766,29,35,24,23,"[0 1 0 1 1 1 1 0 0 0 1 0 1 0 1 0 1 0 0 0 0 0 0 0 1 1 1 1 1 1 1 0 0 1 1 1 1
 0 1 0 1 1 1 0 1 1 1 1 1 0 1 1 0 1 0 0 1 0 1 0 1 0 0 1 0 1 1 0 1 0 1 0 1 0
 0 0 0 1 0 1 0 0 1 0 1 0 0 0 1 0 0 1 1 1 1 1 1 0 0 0 0 0 0 0 0 0 0 0 0 1 0]",68
1374,4,gad7,9,PCA,XG,3,0.36781609195402304,0.5045045045045045,16,40,19,36,"[0 0 1 1 0 0 0 0 0 0 0 0 1 0 0 0 0 0 0 0 0 1 1 0 0 0 1 0 0 0 0 1 1 0 0 0 1
 0 1 0 0 0 1 0 0 1 0 0 0 1 1 0 1 1 0 1 0 1 0 0 0 0 1 0 0 0 1 1 0 1 0 0 0 1
 1 0 1 1 1 0 1 0 1 0 0 0 0 0 0 0 0 1 0 0 1 0 0 0 1 1 0 0 1 0 0 1 0 0 0 0 0]",68
1375,4,gad7,9,PCA,SVC,4,0.5607476635514018,0.5765765765765766,30,34,25,22,"[0 1 0 1 1 1 1 0 0 0 1 1 1 0 1 0 1 1 0 0 0 1 1 0 1 1 1 1 1 0 1 0 0 0 1 0 1
 0 1 0 1 1 1 0 1 1 1 0 1 0 0 0 0 1 0 1 1 0 1 1 1 0 1 1 0 1 1 0 1 0 1 0 1 0
 0 0 1 0 0 1 0 0 1 0 1 0 0 0 1 0 0 1 1 1 1 0 1 0 1 0 0 0 0 0 1 0 0 0 0 1 0]",68
1376,4,gad7,9,PCA,kNN,4,0.40404040404040403,0.46846846846846846,20,32,27,32,"[0 0 1 1 0 0 0 0 0 0 1 1 1 0 0 0 1 0 0 0 0 1 0 1 0 1 1 1 0 0 0 0 0 0 1 0 1
 0 1 0 0 1 0 1 1 1 0 0 1 0 1 1 0 1 0 1 1 1 1 1 0 1 0 1 0 1 1 0 0 0 0 0 1 1
 0 0 0 0 0 1 1 0 0 0 1 0 1 0 0 0 0 1 1 1 1 0 1 1 0 1 0 0 0 0 1 1 0 0 0 0 1]",68
1377,4,gad7,9,PCA,RF,4,0.43902439024390244,0.5855855855855856,18,47,12,34,"[1 0 0 1 0 0 0 0 0 1 0 0 1 1 0 0 0 0 0 0 0 1 0 0 0 0 1 0 0 0 1 0 0 0 1 0 1
 0 1 0 0 0 1 0 0 1 0 0 0 0 1 0 1 1 0 1 1 1 1 0 0 1 0 0 0 0 1 1 0 0 0 0 0 1
 0 0 1 0 0 0 1 0 0 0 0 0 0 0 0 0 0 1 0 0 1 0 0 0 0 0 0 1 1 0 0 0 0 0 0 0 0]",68
1378,4,gad7,9,PCA,LR,4,0.5576923076923077,0.5855855855855856,29,36,23,23,"[0 1 0 1 1 1 1 0 0 0 1 0 1 0 1 0 1 0 0 0 0 0 0 0 1 1 1 1 1 1 1 0 0 1 1 1 1
 0 1 0 1 1 1 0 1 1 1 1 1 0 1 1 0 0 0 0 1 0 1 0 1 0 0 1 0 1 1 0 1 0 1 0 1 0
 0 0 0 1 0 1 0 0 1 0 1 0 0 0 1 0 0 1 1 1 1 1 1 0 0 0 0 0 0 0 0 0 0 0 0 1 0]",68
1379,4,gad7,9,PCA,XG,4,0.4285714285714286,0.5675675675675675,18,45,14,34,"[0 0 0 1 0 0 0 0 0 1 0 0 1 0 0 0 0 0 0 0 0 1 0 0 0 0 1 0 0 0 1 1 0 0 0 0 1
 0 1 0 0 0 1 0 0 1 1 0 0 1 0 0 1 1 0 1 1 1 0 0 0 1 0 0 0 0 1 1 0 1 0 0 0 1
 1 0 1 1 0 0 1 0 0 0 0 0 0 0 0 1 0 1 0 0 1 0 0 0 0 0 1 0 1 0 0 0 0 0 0 0 0]",68
1380,4,gad7,9,PCA,SVC,1,0.32941176470588235,0.4864864864864865,14,40,19,38,"[0 0 1 0 0 0 1 1 1 0 0 0 1 0 0 0 0 0 0 1 1 0 0 0 0 0 0 0 0 0 1 1 0 0 0 0 1
 0 0 0 1 0 1 0 1 0 1 1 0 0 0 1 1 1 0 0 0 0 0 0 1 0 1 1 1 0 0 0 0 0 0 0 0 0
 1 0 0 0 0 1 1 0 0 0 1 0 0 0 0 0 1 0 0 1 1 1 1 0 0 0 1 0 0 0 0 0 1 0 0 0 0]",69
1381,4,gad7,9,PCA,kNN,1,0.3564356435643564,0.4144144144144144,18,28,31,34,"[0 1 1 0 0 1 0 0 1 1 1 0 1 1 0 1 1 0 0 0 1 0 0 0 1 0 0 1 0 0 0 1 0 0 1 1 1
 0 1 0 1 0 0 0 1 1 0 1 1 1 0 1 0 1 1 1 1 1 0 0 1 1 0 1 1 1 1 0 0 1 1 0 0 1
 0 0 0 0 1 0 0 0 0 0 0 1 1 0 0 0 0 1 1 0 1 0 1 0 0 0 0 0 1 0 0 0 0 0 1 0 1]",69
1382,4,gad7,9,PCA,RF,1,0.39560439560439564,0.5045045045045045,18,38,21,34,"[0 1 0 0 0 1 1 0 0 1 0 0 1 1 0 0 0 0 0 0 1 0 1 0 1 0 0 1 0 0 0 1 0 0 0 1 0
 0 1 0 0 0 0 1 1 1 1 0 1 1 0 1 0 0 1 0 1 1 0 0 1 1 0 1 1 0 1 0 0 1 0 0 1 1
 0 0 0 0 1 0 0 1 0 0 1 0 0 0 0 0 0 1 1 1 1 0 1 0 0 0 0 0 0 0 0 0 0 0 0 0 0]",69
1383,4,gad7,9,PCA,LR,1,0.2222222222222222,0.43243243243243246,9,39,20,43,"[0 1 1 0 0 0 1 1 1 0 0 0 1 0 0 0 0 0 0 1 1 0 0 0 0 0 0 0 0 0 0 1 0 0 0 0 1
 0 0 0 1 0 1 0 1 0 1 0 0 0 0 1 0 1 0 0 0 0 0 0 1 1 0 0 1 0 0 0 0 0 0 0 0 0
 0 0 0 0 0 1 0 0 0 0 1 0 0 0 0 0 1 0 0 0 1 1 1 0 0 0 1 0 0 0 0 0 1 0 1 0 1]",69
1384,4,gad7,9,PCA,XG,1,0.37894736842105264,0.46846846846846846,18,34,25,34,"[0 1 0 0 0 1 1 0 1 1 1 0 1 1 0 1 0 0 0 0 1 0 1 0 1 0 0 0 0 0 0 1 0 0 0 1 0
 0 1 0 0 0 0 0 1 1 1 1 1 1 0 1 0 1 1 0 1 0 0 0 1 1 0 1 1 1 1 0 0 1 1 0 1 1
 0 0 0 0 1 0 0 0 0 0 1 0 0 0 0 0 0 0 1 1 1 0 1 0 0 0 0 0 1 0 0 0 0 0 1 0 0]",69
1385,4,gad7,9,PCA,SVC,2,0.3373493975903614,0.5045045045045045,14,42,17,38,"[0 0 1 1 0 0 1 1 1 0 0 0 1 0 0 0 0 0 0 1 1 0 0 0 0 0 0 0 0 0 1 1 0 0 0 0 1
 0 1 0 1 0 1 0 1 1 1 0 0 0 0 1 1 1 0 0 0 0 0 0 1 0 0 0 0 0 0 0 0 0 0 0 0 0
 0 1 0 0 0 1 1 0 0 0 1 0 0 0 0 0 1 0 0 0 1 1 1 0 0 0 1 0 0 0 0 0 1 0 0 0 0]",69
1386,4,gad7,9,PCA,kNN,2,0.4631578947368421,0.5405405405405406,22,38,21,30,"[1 0 1 0 0 1 0 0 1 0 1 0 1 0 0 0 1 0 0 0 1 0 1 1 1 0 1 0 0 0 0 1 1 0 0 1 1
 0 1 1 1 0 0 0 1 1 1 0 0 1 1 1 0 1 1 1 1 1 0 1 1 0 0 0 1 0 0 0 0 1 0 1 0 1
 0 1 0 0 0 0 1 0 0 0 0 0 1 1 0 0 0 0 1 0 1 0 0 0 0 0 0 0 0 0 1 0 0 0 0 0 0]",69
1387,4,gad7,9,PCA,RF,2,0.3736263736263737,0.4864864864864865,17,37,22,35,"[0 0 0 0 0 1 0 0 0 0 1 0 1 0 0 0 1 0 0 0 1 0 1 1 1 0 1 0 0 0 0 1 1 0 0 1 1
 0 1 0 1 0 0 0 1 0 0 0 1 1 0 1 0 1 1 1 1 0 0 1 1 1 0 0 0 0 0 0 0 1 0 0 0 0
 0 1 1 0 1 0 0 0 0 0 1 1 1 1 0 0 0 0 1 0 1 0 1 0 0 0 0 0 0 0 0 0 0 0 1 0 1]",69
1388,4,gad7,9,PCA,LR,2,0.46153846153846156,0.5585585585585585,21,41,18,31,"[0 0 1 1 1 0 1 1 1 0 0 1 1 0 0 0 0 0 0 1 1 1 0 0 0 0 0 0 1 0 0 1 0 0 0 1 1
 0 1 0 1 0 1 0 1 1 1 0 1 0 0 1 0 1 0 0 0 1 1 0 1 0 0 0 0 0 0 0 0 1 0 0 1 0
 0 0 0 0 0 1 0 0 0 0 1 0 0 0 0 0 1 0 0 0 1 1 1 0 0 0 1 0 0 0 1 0 1 0 0 1 0]",69
1389,4,gad7,9,PCA,XG,2,0.3516483516483517,0.46846846846846846,16,36,23,36,"[0 0 0 0 1 1 1 0 1 0 1 0 1 0 0 0 1 0 0 0 1 0 1 1 1 0 1 0 0 0 0 1 1 0 0 1 0
 0 1 0 1 0 0 0 1 0 0 0 1 0 0 1 0 1 1 1 1 0 0 1 1 1 0 0 0 0 0 0 0 1 0 0 0 1
 0 0 1 0 1 0 0 0 0 0 1 1 1 0 0 0 0 0 1 0 1 0 1 0 0 0 0 0 0 0 0 0 0 0 1 0 1]",69
1390,4,gad7,9,PCA,SVC,3,0.36144578313253006,0.5225225225225225,15,43,16,37,"[0 0 0 1 0 0 1 1 1 0 0 0 1 0 0 0 0 0 0 1 1 0 0 0 0 0 0 0 0 0 1 1 0 0 0 0 1
 0 1 0 1 0 1 0 1 1 1 0 0 0 0 1 1 1 0 0 0 0 0 0 1 0 0 0 0 0 0 0 0 0 0 0 0 0
 0 1 0 0 0 1 1 0 0 0 1 0 0 0 0 0 1 1 0 0 1 1 1 0 0 0 1 0 0 0 0 0 1 0 0 0 0]",69
1391,4,gad7,9,PCA,kNN,3,0.43298969072164945,0.5045045045045045,21,35,24,31,"[0 0 1 1 0 1 0 0 1 0 0 0 1 0 0 0 1 0 0 0 1 0 1 1 0 0 1 0 0 0 0 1 1 0 0 0 1
 0 1 1 1 1 0 0 1 1 1 1 1 1 1 1 1 1 1 1 1 1 0 1 1 0 0 0 1 0 0 0 0 0 0 1 1 1
 0 0 0 0 0 0 0 0 0 0 0 0 1 1 0 0 0 0 1 0 1 0 1 0 0 1 0 0 0 0 1 0 0 0 0 1 0]",69
1392,4,gad7,9,PCA,RF,3,0.3181818181818182,0.4594594594594595,14,37,22,38,"[0 0 0 0 0 1 0 0 0 0 0 0 1 1 0 0 1 0 0 0 1 0 0 0 1 0 1 0 0 0 0 1 1 0 0 1 1
 0 1 0 1 0 0 0 1 1 0 0 1 1 1 1 0 1 1 1 1 0 0 0 1 1 0 0 1 0 0 0 0 1 0 0 0 0
 0 0 0 0 1 0 0 0 0 0 1 0 1 0 0 0 0 1 0 0 0 0 0 0 0 1 0 0 0 0 1 0 0 0 1 1 1]",69
1393,4,gad7,9,PCA,LR,3,0.4888888888888889,0.5855855855855856,22,43,16,30,"[0 0 0 1 0 0 1 1 1 0 0 1 1 0 0 0 0 0 0 1 1 0 0 0 0 0 0 0 1 0 1 1 0 0 0 1 1
 0 1 0 1 0 1 0 1 1 1 1 1 0 0 1 1 0 0 0 0 1 1 0 1 0 0 0 0 0 0 0 0 0 0 0 0 0
 0 1 0 0 0 1 1 0 0 0 1 0 0 0 0 0 1 1 0 0 1 1 0 0 0 0 1 0 0 0 1 0 1 0 0 1 0]",69
1394,4,gad7,9,PCA,XG,3,0.3255813953488372,0.4774774774774775,14,39,20,38,"[0 0 0 0 1 1 0 0 1 0 1 0 1 0 0 0 1 0 0 0 1 0 1 0 1 0 1 0 0 0 0 1 0 0 0 1 1
 0 1 0 1 0 0 0 1 1 0 0 1 0 0 1 0 1 1 1 1 0 0 0 1 1 0 0 0 0 0 0 0 1 0 0 0 0
 0 0 1 0 1 0 0 0 0 0 1 0 1 0 0 0 0 1 1 0 0 0 0 0 0 0 0 0 0 0 0 0 0 0 1 0 1]",69
1395,4,gad7,9,PCA,SVC,4,0.29729729729729726,0.5315315315315315,11,48,11,41,"[0 0 0 1 0 0 1 0 1 0 0 0 1 0 0 0 0 0 0 0 1 0 0 0 0 0 0 0 0 0 1 1 0 0 0 0 1
 0 1 0 1 0 0 0 1 1 1 0 0 0 0 1 1 0 0 0 0 0 0 0 1 0 0 0 0 0 0 0 0 0 0 0 0 0
 0 1 0 0 0 0 1 0 0 0 1 0 0 0 0 0 0 0 0 0 1 0 1 0 0 0 0 0 0 0 0 0 1 0 0 0 0]",69
1396,4,gad7,9,PCA,kNN,4,0.4375,0.5135135135135135,21,36,23,31,"[0 0 0 1 0 1 0 0 0 0 1 0 1 1 0 1 1 0 0 0 1 0 0 1 0 1 1 0 0 0 1 1 1 0 0 0 1
 1 1 0 1 0 0 0 1 1 1 0 1 1 1 1 1 0 1 1 0 1 0 1 1 1 0 0 0 0 0 1 0 0 0 0 1 0
 0 1 0 0 0 0 1 0 0 1 0 0 1 0 0 0 0 0 0 0 1 0 0 0 0 1 0 1 0 0 1 0 0 0 0 1 1]",69
1397,4,gad7,9,PCA,RF,4,0.3764705882352941,0.5225225225225225,16,42,17,36,"[0 0 0 1 0 0 0 0 0 0 1 1 1 0 0 0 1 0 0 0 1 0 0 0 1 0 1 0 0 0 0 1 1 0 0 1 1
 0 0 0 1 0 0 0 1 1 0 0 1 1 0 1 0 1 1 1 0 1 0 0 1 0 0 0 0 0 0 0 0 1 0 0 0 0
 0 1 0 0 0 0 1 0 1 0 1 0 1 0 0 0 0 1 0 0 0 0 0 0 0 1 0 0 0 0 0 0 0 0 1 0 1]",69
1398,4,gad7,9,PCA,LR,4,0.4,0.5405405405405406,17,43,16,35,"[0 0 0 1 0 0 1 1 1 0 0 1 1 0 0 0 0 0 0 1 1 0 0 0 0 0 0 0 1 0 1 1 0 0 0 0 1
 0 0 0 1 0 1 0 1 1 1 0 1 0 0 1 1 0 0 0 0 0 1 0 1 0 0 0 0 0 0 0 0 0 0 0 0 0
 0 0 0 0 0 1 1 0 0 0 1 0 0 0 0 0 1 1 0 0 1 1 0 0 0 0 1 0 0 0 1 0 1 0 0 1 0]",69
1399,4,gad7,9,PCA,XG,4,0.40860215053763443,0.5045045045045045,19,37,22,33,"[0 0 0 1 0 0 0 0 1 0 1 0 1 0 0 0 1 0 0 0 1 0 0 0 1 0 0 0 0 0 1 1 1 0 0 1 1
 0 0 0 1 0 0 0 1 1 0 0 1 1 0 1 1 1 1 1 0 1 0 1 1 1 0 0 0 0 0 0 0 1 0 0 1 0
 0 1 1 0 1 0 1 0 1 0 1 1 1 0 0 0 0 1 0 0 0 0 0 0 0 1 0 1 0 0 0 0 0 0 1 0 1]",69
1400,4,gad7,9,PCA,SVC,1,0.32941176470588235,0.4864864864864865,14,40,19,38,"[0 0 0 0 1 0 0 0 0 1 0 1 1 1 1 0 1 0 0 1 0 0 0 0 1 0 0 1 0 1 0 0 0 1 0 0 0
 0 0 0 1 0 0 1 1 0 0 0 0 1 0 1 0 0 0 0 0 1 0 0 0 0 0 1 0 0 1 1 1 0 0 1 0 0
 0 1 0 0 0 0 0 0 0 0 0 0 0 0 1 1 1 1 1 0 1 0 0 0 0 0 0 0 1 0 0 1 0 0 0 0 1]",70
1401,4,gad7,9,PCA,kNN,1,0.4313725490196078,0.4774774774774775,22,31,28,30,"[0 0 1 0 0 0 0 0 1 0 0 1 1 0 1 1 1 0 0 0 1 1 0 0 1 1 1 1 0 0 0 1 0 0 1 0 1
 1 0 1 1 1 1 1 0 1 0 0 1 0 0 0 1 1 1 0 0 0 0 0 0 0 1 1 0 0 1 0 1 1 0 0 0 0
 1 1 0 0 1 0 0 0 0 0 0 1 0 1 1 0 1 1 0 1 0 1 0 0 0 1 0 0 1 1 1 0 1 1 1 1 0]",70
1402,4,gad7,9,PCA,RF,1,0.3023255813953488,0.4594594594594595,13,38,21,39,"[0 0 0 0 0 0 0 0 1 0 0 0 0 0 0 0 0 0 0 0 0 1 0 1 1 1 1 0 0 0 0 0 0 0 1 0 1
 1 0 0 1 0 0 0 1 0 0 1 0 0 0 0 1 0 1 0 0 0 1 0 0 0 0 1 0 0 1 0 1 0 0 0 1 0
 0 0 0 0 1 0 0 0 0 0 0 1 0 1 1 0 1 1 0 1 0 1 0 0 0 1 0 0 1 1 1 0 1 0 0 1 1]",70
1403,4,gad7,9,PCA,LR,1,0.3529411764705882,0.5045045045045045,15,41,18,37,"[0 0 0 0 0 0 0 1 0 0 0 1 0 0 0 0 1 0 0 1 0 0 0 0 0 0 0 1 1 1 0 0 0 1 1 0 0
 0 0 0 1 0 0 1 0 0 0 0 0 1 1 0 0 0 0 1 0 1 0 0 0 1 0 1 1 0 1 1 1 0 0 1 0 0
 0 0 0 1 0 0 0 0 0 0 1 0 1 0 1 1 1 1 0 0 1 0 0 0 0 0 1 0 1 0 0 0 0 0 0 0 1]",70
1404,4,gad7,9,PCA,XG,1,0.3132530120481927,0.4864864864864865,13,41,18,39,"[0 0 1 0 0 0 0 0 1 0 0 0 0 0 0 0 0 0 0 0 0 1 0 0 1 1 1 0 0 0 0 0 0 0 1 1 0
 1 0 0 1 1 0 0 1 0 0 1 0 0 0 0 0 1 1 0 0 0 0 0 0 0 0 1 0 0 1 0 1 0 0 0 1 0
 0 0 0 0 1 0 0 0 0 0 0 1 0 1 1 0 1 0 0 1 0 1 0 0 0 1 0 0 1 0 1 0 1 0 0 1 0]",70
1405,4,gad7,9,PCA,SVC,2,0.45161290322580644,0.5405405405405406,21,39,20,31,"[0 0 1 0 1 0 0 0 0 1 1 1 1 1 0 0 1 0 0 1 0 0 0 0 0 0 0 1 0 1 1 1 0 1 0 1 0
 0 1 0 1 1 0 1 0 0 0 0 0 1 0 1 0 0 0 0 0 1 0 1 0 0 0 1 0 0 0 1 1 1 0 1 0 0
 0 1 0 0 0 0 0 0 1 0 0 0 1 0 1 1 0 1 1 1 1 0 0 1 0 0 0 0 1 0 0 0 0 1 0 0 1]",70
1406,4,gad7,9,PCA,kNN,2,0.48000000000000004,0.5315315315315315,24,35,24,28,"[1 0 0 0 1 0 0 1 0 0 1 1 1 1 0 0 1 0 0 1 0 0 1 0 0 0 0 0 0 1 1 1 0 0 0 0 0
 1 1 1 1 1 1 1 0 0 0 0 1 1 0 1 0 0 0 1 0 1 0 0 0 0 1 1 0 1 0 1 1 1 0 0 0 0
 1 1 0 0 1 0 1 1 1 0 0 0 0 1 1 0 0 1 1 1 0 1 0 0 1 1 0 0 1 0 0 0 1 1 0 0 0]",70
1407,4,gad7,9,PCA,RF,2,0.37777777777777777,0.4954954954954955,17,38,21,35,"[0 0 0 0 0 0 0 0 0 0 1 1 1 1 0 0 0 0 1 0 0 0 0 0 1 1 0 1 0 0 0 1 0 0 0 0 0
 1 1 1 1 1 0 1 0 0 0 0 0 1 0 0 0 1 0 1 0 1 0 0 0 0 0 1 0 0 1 0 1 1 0 0 0 0
 0 1 0 0 1 0 0 0 1 0 0 0 0 1 1 0 1 0 1 1 0 0 0 0 0 1 0 0 1 1 0 0 1 1 1 1 0]",70
1408,4,gad7,9,PCA,LR,2,0.4444444444444444,0.5045045045045045,22,34,25,30,"[0 0 1 0 1 0 0 0 0 1 1 1 1 1 0 0 1 0 0 1 0 0 0 0 0 0 0 1 0 1 1 1 0 1 0 1 0
 0 1 0 1 1 0 1 0 0 0 0 0 1 0 1 0 0 0 0 0 1 0 1 0 1 0 1 1 0 1 1 1 1 0 1 0 0
 0 1 0 1 0 0 0 0 1 0 0 0 1 0 1 1 1 1 1 1 1 0 0 1 0 0 1 0 1 0 0 0 0 1 0 0 1]",70
1409,4,gad7,9,PCA,XG,2,0.4285714285714286,0.4954954954954955,21,34,25,31,"[1 0 1 0 1 0 0 0 0 0 1 1 1 0 0 0 0 1 1 0 0 0 0 0 1 1 1 0 0 0 0 1 0 0 0 0 1
 1 1 0 1 1 0 1 0 0 0 1 1 1 0 0 1 1 1 1 0 1 0 1 0 0 0 1 0 0 1 0 1 0 0 0 1 0
 0 1 0 0 0 0 0 0 1 0 1 0 0 1 1 0 1 0 0 1 0 0 0 0 0 1 0 0 1 1 1 0 1 1 1 1 0]",70
1410,4,gad7,9,PCA,SVC,3,0.42696629213483145,0.5405405405405406,19,41,18,33,"[0 0 1 0 1 0 0 0 0 1 1 1 1 1 0 0 1 0 0 1 0 0 0 0 0 0 0 1 0 1 0 1 0 1 0 0 0
 0 0 0 1 1 0 1 0 0 0 0 0 0 0 1 0 0 0 0 0 0 0 1 0 0 0 1 0 0 1 1 1 1 0 1 0 0
 0 1 0 0 0 0 0 0 1 0 0 0 1 0 1 1 1 1 1 1 1 0 0 0 0 0 0 0 1 0 0 0 0 1 0 0 1]",70
1411,4,gad7,9,PCA,kNN,3,0.43298969072164945,0.5045045045045045,21,35,24,31,"[1 0 1 0 0 0 0 1 0 1 1 1 1 0 0 0 1 1 0 1 0 0 0 0 0 0 0 0 0 1 1 1 0 1 0 0 0
 1 1 0 1 0 1 1 0 1 0 0 1 0 0 1 1 1 0 0 0 1 1 1 0 0 1 1 0 0 0 1 1 1 0 0 1 0
 1 1 0 0 0 0 0 0 0 0 0 1 0 1 1 0 0 1 0 1 0 1 0 0 0 0 0 0 1 0 0 0 1 1 0 1 0]",70
1412,4,gad7,9,PCA,RF,3,0.2988505747126437,0.45045045045045046,13,37,22,39,"[1 0 0 1 0 0 0 0 0 0 1 1 1 0 0 0 1 1 0 0 0 0 0 0 0 1 0 0 0 0 0 1 0 0 0 0 0
 1 0 1 0 0 0 1 0 0 0 0 0 1 0 1 0 0 0 0 0 0 0 0 0 0 0 1 0 1 1 0 1 1 1 0 1 0
 0 1 0 0 1 0 0 0 0 0 0 1 0 1 1 0 1 0 0 1 0 0 0 0 0 1 0 0 1 1 0 0 1 1 0 1 1]",70
1413,4,gad7,9,PCA,LR,3,0.4444444444444444,0.5045045045045045,22,34,25,30,"[0 0 1 0 1 0 0 0 0 1 1 1 1 1 0 0 1 0 0 1 0 0 0 0 0 0 0 1 0 1 1 1 0 1 0 1 0
 0 1 0 1 1 0 1 0 0 0 0 0 0 0 1 0 0 0 0 0 1 0 1 0 1 0 1 1 0 1 1 1 1 0 1 0 0
 0 1 0 1 0 0 0 0 1 1 0 0 1 0 1 1 1 1 1 1 1 0 0 1 0 0 1 0 1 0 0 0 0 1 0 0 1]",70
1414,4,gad7,9,PCA,XG,3,0.3333333333333333,0.4594594594594595,15,36,23,37,"[1 0 1 0 0 0 0 0 0 0 1 1 1 0 0 0 0 1 1 0 0 0 0 0 0 1 0 0 0 0 0 1 0 0 0 0 1
 1 1 0 0 0 0 1 0 0 0 1 0 1 0 0 0 0 1 0 0 0 0 1 0 0 0 1 0 1 1 0 1 1 0 0 1 0
 1 1 0 0 1 0 0 0 0 0 0 1 0 1 1 0 1 0 0 1 0 0 0 0 0 1 0 0 1 1 0 0 1 1 1 1 0]",70
1415,4,gad7,9,PCA,SVC,4,0.4444444444444444,0.5495495495495496,20,41,18,32,"[0 0 1 0 1 0 0 0 0 1 1 1 1 1 0 0 1 0 0 1 0 0 0 0 0 0 0 1 0 1 1 1 0 1 0 1 0
 0 0 0 1 1 0 1 0 0 0 0 0 0 0 1 0 0 0 0 0 1 0 1 0 0 0 1 0 0 0 1 1 1 0 1 0 0
 0 1 0 0 0 0 0 0 1 0 0 0 1 0 1 1 0 1 1 1 1 0 0 0 0 0 0 0 1 0 0 0 0 1 0 0 1]",70
1416,4,gad7,9,PCA,kNN,4,0.4175824175824176,0.5225225225225225,19,39,20,33,"[0 0 1 0 0 0 0 1 0 1 1 1 1 0 0 0 1 0 1 1 0 0 0 0 0 1 0 0 0 1 0 1 0 1 0 1 0
 0 1 0 1 0 1 1 0 0 0 0 0 0 0 1 0 0 0 0 1 1 1 1 0 0 1 1 0 0 0 1 1 1 0 0 0 0
 1 1 0 0 0 0 0 1 0 0 0 1 0 0 1 0 0 1 0 1 0 0 0 0 0 1 0 0 1 0 0 0 1 1 0 0 0]",70
1417,4,gad7,9,PCA,RF,4,0.2857142857142857,0.4594594594594595,12,39,20,40,"[0 0 1 0 1 0 0 0 0 0 1 1 1 0 0 0 0 1 1 0 0 0 1 0 0 1 0 0 0 0 0 1 0 0 0 0 0
 1 0 0 0 0 0 1 0 0 0 0 0 0 0 1 0 0 0 0 0 0 0 0 0 0 0 1 0 0 1 0 1 1 0 0 1 0
 1 1 0 0 0 0 0 0 1 0 0 1 0 1 1 0 1 1 0 1 0 0 0 0 0 1 0 0 1 0 0 0 1 1 0 1 0]",70
1418,4,gad7,9,PCA,LR,4,0.5688073394495413,0.5765765765765766,31,33,26,21,"[0 1 1 0 1 0 0 0 1 1 1 1 1 1 0 1 1 0 0 1 1 1 0 0 0 0 1 1 1 1 1 1 0 1 1 1 0
 0 1 1 1 1 0 1 0 0 0 0 0 0 1 0 0 0 0 1 0 1 0 1 0 0 0 1 0 1 1 1 1 1 0 1 0 0
 0 1 0 0 1 0 1 0 1 0 1 0 1 0 1 1 1 1 1 1 1 0 0 1 0 0 0 0 1 0 1 0 0 1 0 0 1]",70
1419,4,gad7,9,PCA,XG,4,0.3636363636363637,0.4954954954954955,16,39,20,36,"[1 0 1 0 0 0 0 0 0 0 1 1 1 0 0 0 0 1 1 0 0 0 0 0 0 1 0 0 1 0 0 1 0 0 0 0 0
 0 1 0 0 0 0 0 0 0 0 1 0 0 0 1 0 0 1 0 1 0 0 1 0 0 0 1 0 0 1 0 1 1 0 0 1 0
 1 1 0 0 0 0 1 0 0 0 0 1 0 1 1 0 0 0 0 1 0 0 0 0 0 1 0 0 1 1 0 0 1 1 1 1 1]",70
1420,4,gad7,9,PCA,SVC,1,0.46296296296296297,0.4774774774774775,25,28,31,27,"[0 1 0 0 0 0 1 1 1 1 1 0 1 0 1 1 1 0 1 0 1 1 0 1 1 0 0 1 1 0 1 0 0 0 0 1 1
 1 1 0 0 1 0 1 0 0 1 1 0 1 1 0 0 0 0 0 1 1 1 1 0 1 0 1 0 1 1 0 0 0 0 0 0 0
 0 1 1 0 0 0 0 0 0 0 0 0 1 1 0 0 1 0 1 1 1 1 1 1 1 1 0 0 1 1 1 0 1 1 0 1 1]",71
1421,4,gad7,9,PCA,kNN,1,0.20253164556962028,0.43243243243243246,8,40,19,44,"[1 1 0 0 0 0 0 0 0 1 0 0 1 0 1 0 1 0 0 0 0 0 0 1 0 0 0 0 0 0 0 0 1 0 0 0 0
 0 0 0 0 0 0 0 0 0 0 0 1 0 0 0 1 0 0 0 0 0 1 0 0 1 0 0 0 0 0 0 0 0 1 1 1 0
 0 0 1 0 0 1 0 1 1 0 0 0 0 0 0 0 1 0 0 0 0 0 0 1 0 1 0 0 1 0 1 1 0 0 1 1 0]",71
1422,4,gad7,9,PCA,RF,1,0.2758620689655173,0.43243243243243246,12,36,23,40,"[1 1 0 1 0 1 0 0 1 0 0 1 1 0 0 0 1 1 0 0 0 0 0 1 0 1 0 0 0 0 0 1 0 0 0 1 0
 0 1 0 0 0 0 0 0 0 0 0 1 0 0 0 1 0 1 0 0 0 0 1 0 1 0 0 0 0 0 0 0 0 1 1 1 0
 0 0 0 0 1 1 0 0 0 0 0 0 0 0 1 0 0 0 1 1 1 0 0 1 0 1 0 0 0 1 0 1 0 0 1 1 1]",71
1423,4,gad7,9,PCA,LR,1,0.3820224719101124,0.5045045045045045,17,39,20,35,"[0 1 0 0 0 0 1 1 1 1 1 0 1 0 1 1 0 0 1 0 0 1 0 1 1 0 0 0 0 0 0 0 0 0 0 1 0
 0 0 0 0 1 0 1 0 0 1 1 0 1 1 0 0 0 0 0 0 1 1 0 0 1 0 1 0 0 0 0 0 0 0 0 0 0
 0 0 0 0 0 0 0 0 0 0 0 0 1 1 0 0 1 0 1 1 0 1 0 1 0 1 0 0 1 1 0 0 1 0 0 1 1]",71
1424,4,gad7,9,PCA,XG,1,0.25882352941176473,0.43243243243243246,11,37,22,41,"[1 1 0 1 0 1 0 0 1 0 0 1 1 0 0 0 1 1 0 0 0 0 0 1 0 1 0 0 0 0 0 1 0 0 0 1 0
 0 1 0 0 0 0 0 0 0 0 0 1 0 0 0 1 0 0 0 0 0 0 0 0 1 1 0 0 0 0 0 0 0 1 1 1 0
 0 0 0 0 1 1 0 0 1 0 0 0 0 0 1 0 0 0 1 1 1 0 0 1 0 1 0 0 0 0 0 1 0 0 1 1 0]",71
1425,4,gad7,9,PCA,SVC,2,0.5555555555555555,0.4954954954954955,35,20,39,17,"[0 1 1 1 1 0 1 1 1 1 1 1 1 1 1 1 1 0 1 0 1 1 0 1 1 0 1 1 0 0 1 0 0 1 1 1 0
 1 1 0 0 1 0 1 1 1 1 1 0 1 1 0 0 1 0 0 0 1 1 1 0 1 1 1 1 1 1 0 0 0 0 1 0 0
 0 0 1 1 1 0 1 0 0 0 0 0 1 1 1 1 1 0 1 1 1 1 1 1 1 1 0 1 1 1 1 1 1 1 1 1 1]",71
1426,4,gad7,9,PCA,kNN,2,0.4210526315789474,0.5045045045045045,20,36,23,32,"[0 1 1 1 1 0 0 0 1 0 1 1 1 1 1 0 0 1 0 0 1 0 0 1 0 0 0 0 0 0 1 0 0 0 0 1 0
 0 0 0 1 0 0 0 0 0 0 0 1 0 1 0 1 1 0 1 0 0 1 1 0 1 0 0 1 0 1 1 0 0 0 1 0 1
 0 0 0 1 0 0 1 0 0 0 0 0 0 1 1 1 1 0 0 0 0 0 0 1 0 0 0 1 1 1 0 1 0 0 1 1 1]",71
1427,4,gad7,9,PCA,RF,2,0.28235294117647064,0.45045045045045046,12,38,21,40,"[1 1 0 1 1 1 0 0 1 0 0 1 0 0 0 0 0 1 0 0 0 0 0 1 0 0 0 0 0 0 0 0 0 0 0 1 0
 1 0 0 0 0 0 0 0 0 0 0 1 0 0 1 1 0 1 1 1 0 1 0 0 1 0 0 0 0 0 0 0 0 1 1 0 1
 1 0 0 0 0 0 0 0 1 0 0 0 0 0 0 1 1 0 0 1 0 0 0 1 0 1 1 1 0 0 0 1 0 0 1 0 0]",71
1428,4,gad7,9,PCA,LR,2,0.537037037037037,0.5495495495495496,29,32,27,23,"[0 0 1 1 1 0 0 1 1 1 0 1 0 1 1 1 1 0 1 0 0 0 0 1 1 0 1 1 0 0 1 0 0 1 1 1 0
 0 1 0 0 1 0 0 1 1 1 1 0 1 1 0 0 1 0 0 0 1 1 1 0 0 1 1 1 0 0 0 0 0 0 1 0 0
 0 0 0 1 1 0 1 0 0 0 0 0 1 1 1 1 1 0 1 1 1 1 0 1 0 1 0 1 1 1 0 1 0 0 1 0 1]",71
1429,4,gad7,9,PCA,XG,2,0.380952380952381,0.5315315315315315,16,43,16,36,"[1 1 0 1 1 1 0 0 0 0 0 0 0 0 0 0 0 1 0 0 0 0 0 1 0 0 0 0 0 0 1 0 0 0 0 1 1
 1 0 1 0 0 0 0 0 0 0 0 1 0 0 0 1 0 1 1 1 0 1 1 0 1 0 0 0 0 1 0 0 0 0 1 0 1
 0 0 0 0 0 1 0 0 1 0 0 0 0 0 0 1 1 0 1 1 0 0 0 1 0 0 0 0 0 0 0 1 0 0 1 0 0]",71
1430,4,gad7,9,PCA,SVC,3,0.5625,0.4954954954954955,36,19,40,16,"[0 1 1 1 1 0 1 1 1 1 1 1 1 1 1 1 1 0 1 0 1 1 0 1 1 0 1 1 1 0 1 0 0 1 1 1 0
 1 1 0 0 1 0 1 1 1 1 1 0 1 1 0 0 1 0 0 0 1 1 1 0 1 1 1 1 1 1 0 0 0 0 1 0 0
 0 0 1 1 1 0 1 0 0 0 0 0 1 1 1 1 1 1 1 1 1 1 1 1 1 1 0 1 1 1 1 1 1 1 1 1 1]",71
1431,4,gad7,9,PCA,kNN,3,0.4583333333333333,0.5315315315315315,22,37,22,30,"[0 0 1 1 1 0 0 0 1 0 1 1 1 0 1 0 0 1 0 0 0 0 0 1 0 0 0 0 0 0 0 1 1 1 0 0 1
 1 0 0 1 0 0 0 0 1 1 0 1 0 0 1 1 0 1 0 0 0 1 0 0 1 1 0 0 0 0 0 0 1 0 0 1 0
 0 1 0 1 0 0 0 0 1 0 0 0 0 1 1 0 1 1 0 1 0 0 0 1 0 1 1 1 1 1 0 1 0 0 1 0 1]",71
1432,4,gad7,9,PCA,RF,3,0.325,0.5135135135135135,13,44,15,39,"[1 1 1 1 1 0 0 0 0 0 0 1 0 0 0 0 0 1 0 0 0 0 0 1 0 0 0 0 0 0 0 0 0 1 0 1 0
 0 0 0 0 0 0 0 0 1 0 0 1 0 0 1 1 0 1 0 0 0 0 0 0 1 0 0 0 0 0 0 0 1 0 1 0 1
 0 0 1 0 0 0 0 0 0 0 0 0 0 0 1 0 1 1 0 0 0 0 0 1 0 0 0 1 1 0 0 1 0 0 1 0 0]",71
1433,4,gad7,9,PCA,LR,3,0.5636363636363636,0.5675675675675675,31,32,27,21,"[0 0 1 1 1 0 1 1 1 1 0 1 0 1 1 1 1 0 1 0 0 0 0 1 1 0 1 1 0 0 1 0 0 1 1 1 0
 0 1 0 0 1 0 1 1 1 1 1 0 1 1 0 0 1 0 0 0 1 1 1 0 0 1 1 1 0 0 0 0 0 0 1 0 0
 0 0 0 1 1 0 1 0 0 0 0 0 1 1 1 1 1 0 0 1 1 1 0 1 0 1 0 1 1 1 0 1 1 0 1 0 1]",71
1434,4,gad7,9,PCA,XG,3,0.35000000000000003,0.5315315315315315,14,45,14,38,"[1 1 1 1 1 0 0 0 0 0 0 1 0 0 0 0 0 1 0 0 0 0 0 0 0 0 0 0 0 0 0 0 0 1 0 0 1
 1 0 0 0 0 0 0 0 1 0 0 1 0 0 0 1 0 1 0 1 0 1 0 0 1 1 0 0 1 1 0 0 0 0 1 0 1
 0 0 0 0 0 0 0 0 1 0 0 0 0 0 1 0 1 0 0 0 0 0 0 1 1 0 0 0 0 0 0 1 0 0 0 0 0]",71
1435,4,gad7,9,PCA,SVC,4,0.5321100917431193,0.5405405405405406,29,31,28,23,"[0 0 1 1 1 0 1 0 1 1 0 1 1 1 1 1 1 0 0 0 0 0 0 1 0 0 1 1 1 0 1 0 0 1 1 1 0
 0 1 0 0 0 0 1 1 1 1 0 0 1 1 0 0 1 0 1 1 0 1 1 0 1 1 1 1 0 0 0 0 0 0 1 0 0
 0 0 0 1 1 0 1 0 0 0 0 0 0 1 1 1 1 1 1 1 1 0 0 1 0 1 0 1 1 1 0 1 1 0 1 0 1]",71
1436,4,gad7,9,PCA,kNN,4,0.4631578947368421,0.5405405405405406,22,38,21,30,"[0 0 1 1 1 0 0 0 1 0 1 1 1 0 1 0 1 0 0 0 0 0 0 1 0 0 0 0 1 0 0 1 1 0 1 0 0
 1 0 0 0 0 0 0 0 1 1 0 1 0 1 0 1 1 1 1 1 0 1 0 0 1 1 1 0 0 0 0 0 1 0 0 0 0
 0 1 0 1 0 0 1 0 0 0 0 1 0 0 0 1 1 0 0 1 0 0 1 1 0 0 0 1 1 1 0 1 0 0 0 0 1]",71
1437,4,gad7,9,PCA,RF,4,0.25974025974025977,0.4864864864864865,10,44,15,42,"[0 0 0 0 1 0 0 0 1 0 1 1 0 0 0 0 0 0 0 0 0 0 0 1 0 0 0 0 0 0 0 0 0 1 0 1 0
 0 1 0 0 0 0 0 0 1 0 0 1 0 0 0 1 0 0 1 0 0 1 0 0 1 0 0 1 0 0 0 0 1 0 1 0 0
 0 1 0 0 0 0 0 0 0 0 0 0 0 1 0 1 1 0 1 0 0 0 0 1 0 0 0 1 0 0 0 1 0 0 0 0 0]",71
1438,4,gad7,9,PCA,LR,4,0.5636363636363636,0.5675675675675675,31,32,27,21,"[0 0 1 1 1 0 1 1 1 1 0 1 0 1 1 1 1 0 1 0 0 0 0 1 1 0 1 1 0 0 1 0 0 1 1 1 0
 0 1 0 0 1 0 0 1 1 1 1 0 1 1 0 0 1 0 0 0 1 1 1 0 0 1 1 1 0 0 0 0 0 0 1 0 0
 0 0 0 1 1 0 1 0 0 0 0 0 1 1 1 1 1 0 1 1 1 1 0 1 0 1 0 1 1 1 0 1 1 0 1 0 1]",71
1439,4,gad7,9,PCA,XG,4,0.2988505747126437,0.45045045045045046,13,37,22,39,"[1 1 0 0 1 1 0 0 1 0 0 1 0 0 0 0 1 1 0 0 0 0 0 0 0 0 0 0 0 0 0 0 0 1 0 1 0
 1 0 0 0 0 0 0 0 1 0 0 0 0 0 0 1 1 0 1 1 0 1 1 0 1 0 0 1 0 0 0 0 0 0 1 0 0
 1 1 0 1 0 0 0 0 1 0 0 1 0 0 1 0 1 0 1 0 1 0 0 1 0 0 0 1 0 0 0 1 0 0 1 1 0]",71
1440,4,gad7,9,PCA,SVC,1,0.47058823529411764,0.5135135135135135,24,33,26,28,"[1 1 1 0 0 0 1 0 1 0 0 0 0 1 0 0 0 1 0 1 1 1 1 1 1 0 0 0 0 1 1 1 1 0 0 0 0
 1 0 0 1 0 1 0 0 0 1 0 1 0 0 0 0 0 1 1 0 0 1 1 0 1 1 1 0 1 1 1 1 0 0 0 1 1
 1 0 0 0 0 0 0 1 1 0 1 0 0 1 1 1 1 1 0 0 0 1 1 1 0 0 0 1 0 0 0 0 0 0 0 1 1]",72
1441,4,gad7,9,PCA,kNN,1,0.3877551020408163,0.4594594594594595,19,32,27,33,"[1 0 0 0 0 0 0 1 0 0 1 1 0 1 1 1 0 0 0 0 1 0 1 1 0 1 0 1 0 0 0 1 0 1 1 0 0
 0 0 0 0 0 1 1 0 0 0 0 0 1 1 1 1 0 1 0 0 1 0 0 1 1 0 0 0 1 1 0 0 1 1 1 0 0
 0 1 0 0 0 1 0 1 0 1 1 1 0 1 0 0 1 0 0 0 1 0 0 1 0 0 1 0 1 1 1 0 1 0 1 0 0]",72
1442,4,gad7,9,PCA,RF,1,0.4631578947368421,0.5405405405405406,22,38,21,30,"[1 0 0 0 0 0 0 1 0 0 0 1 0 0 1 0 0 0 0 0 1 1 1 1 0 1 0 1 0 0 0 1 1 1 1 0 0
 0 1 1 0 0 0 1 0 1 1 0 0 1 1 0 0 0 1 0 0 0 1 1 0 1 1 0 0 1 0 0 0 1 0 1 1 1
 1 0 0 1 0 1 0 0 0 0 1 0 0 1 0 0 0 0 0 1 0 0 0 1 0 0 1 1 0 0 0 0 1 0 1 1 0]",72
1443,4,gad7,9,PCA,LR,1,0.3116883116883117,0.5225225225225225,12,46,13,40,"[0 0 0 0 0 0 0 0 1 0 0 0 0 0 0 0 0 0 0 1 1 0 1 1 1 0 0 0 0 1 0 0 0 0 0 0 0
 0 0 0 1 0 1 0 0 0 1 0 1 0 0 0 0 0 1 0 0 0 0 1 0 0 0 0 0 1 0 0 1 0 0 0 0 0
 0 0 0 0 0 0 0 1 0 0 1 0 0 1 1 1 1 0 0 0 0 1 0 1 0 0 0 0 0 0 0 0 0 0 0 1 1]",72
1444,4,gad7,9,PCA,XG,1,0.44897959183673475,0.5135135135135135,22,35,24,30,"[1 0 0 0 0 0 0 1 0 0 0 1 0 0 1 1 0 0 0 0 1 0 1 1 0 1 0 1 0 0 0 1 1 1 1 0 0
 0 1 1 0 0 0 1 0 1 1 0 0 1 1 0 0 0 1 0 0 0 1 1 0 1 1 0 0 1 0 0 0 1 0 1 1 1
 1 0 0 1 0 1 0 1 0 1 1 0 0 1 0 0 0 0 0 1 1 0 0 1 0 0 1 1 0 0 0 0 1 0 1 1 0]",72
1445,4,gad7,9,PCA,SVC,2,0.5223880597014926,0.42342342342342343,35,12,47,17,"[1 1 1 0 0 0 0 1 1 1 1 0 0 1 0 1 0 1 0 1 1 1 1 1 1 1 1 1 1 1 1 1 1 1 1 0 0
 1 1 1 1 1 1 1 1 1 1 1 1 0 0 1 1 1 1 1 1 0 1 1 1 0 1 1 1 1 1 0 1 0 1 1 1 1
 1 1 0 1 1 1 0 1 1 0 1 1 1 1 1 1 1 0 0 0 1 1 1 1 1 0 1 1 1 0 0 1 0 0 0 1 1]",72
1446,4,gad7,9,PCA,kNN,2,0.48598130841121495,0.5045045045045045,26,30,29,26,"[0 0 1 0 0 0 1 1 0 0 1 1 0 0 0 1 0 0 1 0 1 0 0 0 1 1 0 1 0 1 1 0 1 1 1 0 0
 1 1 1 0 0 0 1 1 1 0 0 0 1 1 1 1 0 1 1 1 0 0 1 0 1 0 0 1 1 0 0 0 0 0 1 1 1
 1 1 1 0 1 0 0 1 1 1 1 1 1 1 0 0 0 0 0 0 1 0 1 0 1 0 1 0 0 1 0 0 1 0 1 0 1]",72
1447,4,gad7,9,PCA,RF,2,0.3764705882352941,0.5225225225225225,16,42,17,36,"[0 0 0 1 0 0 1 0 0 0 0 1 0 0 0 1 0 0 0 0 1 0 1 1 0 1 0 0 0 1 0 0 0 1 0 0 0
 0 1 0 0 0 0 0 0 1 0 0 0 1 1 1 1 0 1 1 0 0 0 1 1 1 0 0 0 1 0 0 0 1 0 1 0 1
 0 1 0 0 0 0 0 1 0 0 1 1 0 1 0 0 0 0 0 0 1 0 0 0 0 0 0 0 0 0 0 0 1 0 1 0 0]",72
1448,4,gad7,9,PCA,LR,2,0.4923076923076924,0.40540540540540543,32,13,46,20,"[1 1 1 0 0 0 0 1 1 1 1 0 0 1 0 1 0 1 0 1 1 1 1 1 1 1 1 1 1 1 1 1 1 1 1 0 0
 1 1 1 1 1 1 1 1 1 0 1 1 0 0 1 1 1 1 1 1 0 1 1 1 0 1 1 1 1 1 0 1 0 1 1 1 0
 1 1 0 1 1 1 0 1 1 0 1 1 1 1 1 1 0 0 0 0 1 1 1 1 1 0 1 1 1 0 0 1 0 0 0 0 1]",72
1449,4,gad7,9,PCA,XG,2,0.3414634146341463,0.5135135135135135,14,43,16,38,"[0 0 0 0 0 0 0 0 0 0 0 0 0 0 0 0 0 0 0 0 1 0 1 1 0 1 0 0 0 1 0 0 0 1 0 0 0
 0 1 0 0 0 0 1 0 1 0 0 0 1 1 1 0 0 1 0 0 0 0 1 0 1 0 0 0 1 0 0 0 1 0 1 0 1
 0 1 0 0 0 1 0 1 0 0 1 1 0 1 0 0 0 0 0 0 1 0 0 0 0 0 0 0 0 1 0 0 1 0 1 1 0]",72
1450,4,gad7,9,PCA,SVC,3,0.4444444444444445,0.4594594594594595,24,27,32,28,"[1 1 1 0 0 0 1 0 0 1 0 0 0 1 0 0 0 1 1 0 1 1 1 1 1 0 0 1 0 1 1 1 0 0 0 0 0
 1 0 0 0 0 1 0 0 1 0 0 0 0 0 1 0 1 1 1 1 1 1 1 0 1 1 1 1 1 1 1 0 0 1 0 1 1
 1 1 0 1 1 0 0 1 1 0 1 1 1 1 0 0 1 1 0 0 0 1 0 1 0 0 0 1 1 0 0 0 0 0 0 1 1]",72
1451,4,gad7,9,PCA,kNN,3,0.4752475247524753,0.5225225225225225,24,34,25,28,"[0 1 1 0 0 0 1 1 0 0 0 1 0 1 1 1 0 0 1 0 1 0 0 1 1 1 0 1 1 0 1 0 0 1 1 0 0
 1 1 0 0 0 0 0 0 1 0 0 0 1 1 1 0 1 1 1 0 0 0 1 1 0 0 1 0 0 1 0 0 0 1 0 0 0
 0 1 1 0 1 1 0 1 0 1 1 1 0 1 0 0 1 0 0 0 1 0 1 0 0 0 0 0 1 1 0 0 1 0 1 1 0]",72
1452,4,gad7,9,PCA,RF,3,0.46666666666666673,0.5675675675675675,21,42,17,31,"[0 0 0 1 0 0 1 1 0 0 0 1 0 0 1 1 0 0 1 0 1 1 0 1 0 1 0 1 1 0 1 0 0 1 0 0 0
 0 0 0 0 0 1 0 0 1 0 0 0 1 1 1 0 0 1 1 0 0 0 0 1 1 0 0 0 0 1 0 0 1 0 1 0 1
 0 1 1 0 0 0 0 1 0 0 1 0 0 1 0 0 1 0 0 0 1 0 0 0 0 0 0 0 0 1 0 0 1 0 1 0 0]",72
1453,4,gad7,9,PCA,LR,3,0.34782608695652173,0.4594594594594595,16,35,24,36,"[0 0 0 0 0 0 0 1 1 0 1 0 0 0 0 1 0 0 0 1 1 0 0 0 1 1 1 0 1 1 0 0 1 1 1 0 0
 0 1 1 1 1 1 1 1 0 0 1 1 0 0 0 1 0 0 0 0 0 0 1 1 0 0 0 0 0 0 0 1 0 0 1 0 0
 0 0 0 0 0 1 0 1 0 0 1 0 0 1 1 1 0 0 0 0 1 1 1 0 1 0 1 0 0 0 0 1 0 0 0 0 0]",72
1454,4,gad7,9,PCA,XG,3,0.4772727272727273,0.5855855855855856,21,44,15,31,"[0 0 0 1 0 0 1 1 0 0 0 1 0 0 1 1 0 0 1 0 1 1 1 0 0 0 0 1 1 0 0 0 0 1 1 0 0
 0 0 0 0 0 0 0 0 1 0 0 0 1 0 1 0 1 0 1 0 0 0 0 1 1 0 0 0 0 0 0 0 1 0 1 0 1
 0 1 1 0 0 1 0 0 0 0 1 0 0 1 0 0 1 0 0 1 1 0 0 0 0 0 0 1 0 1 0 0 1 0 0 1 0]",72
1455,4,gad7,9,PCA,SVC,4,0.3,0.4954954954954955,12,43,16,40,"[0 1 0 0 0 0 0 1 0 0 0 0 0 1 0 0 0 0 0 0 1 0 1 0 1 0 1 1 1 1 1 0 0 0 0 0 0
 0 1 0 0 0 1 0 1 0 0 1 0 0 0 0 0 0 0 0 0 0 0 1 0 1 0 0 0 1 0 0 0 0 0 0 0 1
 0 0 0 0 0 1 0 1 0 0 1 0 0 1 0 0 1 0 0 0 1 1 0 0 0 0 0 0 0 0 0 1 0 0 0 1 0]",72
1456,4,gad7,9,PCA,kNN,4,0.3736263736263737,0.4864864864864865,17,37,22,35,"[0 1 1 0 0 0 0 0 0 0 0 1 0 0 1 0 0 0 1 0 1 1 0 1 0 1 0 1 0 1 1 1 0 1 1 0 0
 1 1 0 0 0 1 0 0 0 1 0 0 1 0 0 0 0 0 1 1 0 0 1 1 0 0 1 1 1 1 0 0 0 1 0 0 0
 0 0 1 0 0 1 0 1 0 1 1 0 0 1 0 0 0 0 0 0 1 0 0 0 0 0 0 0 0 0 0 0 1 0 1 1 0]",72
1457,4,gad7,9,PCA,RF,4,0.4347826086956522,0.5315315315315315,20,39,20,32,"[0 0 1 1 0 0 1 1 0 0 0 1 0 0 1 1 0 0 1 0 1 0 0 1 0 1 0 1 0 0 1 1 0 1 1 1 0
 0 0 0 0 0 1 0 0 0 0 0 0 1 1 0 1 0 1 1 1 0 0 1 1 0 0 0 0 0 1 0 0 0 0 0 0 1
 1 1 1 0 1 0 0 0 0 0 1 1 0 1 0 0 1 0 0 0 1 0 0 0 0 0 0 0 0 0 0 0 1 0 1 1 0]",72
1458,4,gad7,9,PCA,LR,4,0.35555555555555557,0.4774774774774775,16,37,22,36,"[0 0 0 0 0 0 0 1 1 0 1 0 0 0 0 1 0 0 0 1 1 0 0 0 1 1 1 0 1 1 0 0 1 1 1 0 0
 0 1 1 1 1 1 1 1 0 0 1 1 0 0 0 1 0 0 0 0 0 0 1 1 0 0 0 0 0 0 0 1 0 0 1 0 0
 0 0 0 0 0 0 0 1 0 0 1 0 0 1 1 1 0 0 0 0 0 1 1 0 1 0 1 0 0 0 0 1 0 0 0 0 0]",72
1459,4,gad7,9,PCA,XG,4,0.4545454545454546,0.5675675675675675,20,43,16,32,"[0 0 1 0 0 0 1 1 0 0 0 1 0 0 1 0 0 0 1 0 0 1 1 1 0 0 0 1 0 0 1 1 0 1 0 1 0
 0 0 0 0 0 1 0 0 1 0 0 0 1 1 0 1 0 1 1 0 0 0 1 1 1 0 0 0 0 0 0 0 0 0 0 0 1
 0 1 1 0 0 0 0 0 0 0 1 0 0 1 0 0 1 0 0 0 1 0 0 0 0 0 0 1 0 1 0 0 1 0 1 1 0]",72
1460,4,gad7,9,PCA,SVC,1,0.29268292682926833,0.4774774774774775,12,41,18,40,"[0 0 0 0 0 0 1 0 0 0 1 1 1 0 0 0 0 0 1 0 0 1 1 0 0 0 0 0 0 0 0 0 0 0 1 0 0
 1 0 1 0 0 0 0 0 0 0 0 1 0 0 0 0 0 0 1 1 1 1 1 0 0 0 1 0 0 0 0 1 0 0 0 1 0
 0 0 0 0 1 1 0 0 1 0 0 0 0 1 0 0 1 0 1 0 1 0 0 1 0 1 0 0 0 0 0 0 0 0 0 1 1]",73
1461,4,gad7,9,PCA,kNN,1,0.5106382978723405,0.5855855855855856,24,41,18,28,"[0 0 0 1 0 0 1 0 0 0 0 0 0 0 1 0 0 0 1 1 0 1 0 0 1 1 0 0 1 0 0 0 1 1 1 1 0
 1 1 0 0 1 0 0 0 1 0 0 1 1 1 0 1 1 1 0 0 0 1 1 1 1 1 1 0 1 0 0 1 0 1 1 0 0
 1 0 0 0 1 0 0 1 1 0 0 0 0 0 0 0 0 0 0 1 1 0 0 0 0 0 1 0 0 0 0 0 0 1 1 0 0]",73
1462,4,gad7,9,PCA,RF,1,0.372093023255814,0.5135135135135135,16,41,18,36,"[1 0 0 0 1 0 1 0 0 0 0 0 1 0 1 0 0 1 0 0 0 0 0 0 0 0 0 0 1 0 0 0 0 1 1 1 0
 1 1 0 0 0 0 0 0 1 0 0 1 1 1 0 1 1 1 0 0 0 0 0 1 0 1 0 0 0 0 0 1 0 1 0 0 1
 0 0 1 1 0 0 1 1 1 0 0 0 0 0 0 0 0 0 0 0 1 0 0 1 0 0 0 0 1 0 1 0 0 1 0 0 0]",73
1463,4,gad7,9,PCA,LR,1,0.25974025974025977,0.4864864864864865,10,44,15,42,"[0 0 0 0 0 0 1 0 0 0 1 0 1 0 0 0 0 0 1 0 0 1 1 0 0 0 0 0 0 0 0 0 0 0 1 0 0
 1 0 1 0 0 0 0 0 0 0 0 0 0 0 0 0 0 0 1 1 1 1 1 0 0 0 0 0 0 0 0 1 0 0 0 0 0
 0 0 0 0 1 1 0 0 0 0 0 0 0 1 0 0 1 0 1 0 1 0 0 1 0 1 0 0 0 0 0 0 0 0 0 1 1]",73
1464,4,gad7,9,PCA,XG,1,0.37777777777777777,0.4954954954954955,17,38,21,35,"[1 0 0 0 1 0 1 0 0 0 0 0 1 0 1 0 0 1 1 0 0 0 0 0 1 0 0 0 1 0 0 0 1 1 1 1 0
 1 1 0 0 0 0 0 0 1 0 0 1 1 1 0 1 1 1 0 0 0 0 0 1 1 1 0 0 1 0 0 1 0 1 0 0 1
 0 0 1 1 0 0 1 1 1 0 0 0 0 0 0 0 0 0 0 0 1 0 0 1 0 0 0 0 1 0 1 0 0 0 0 0 0]",73
1465,4,gad7,9,PCA,SVC,2,0.43999999999999995,0.4954954954954955,22,33,26,30,"[0 0 0 0 1 0 1 0 0 1 1 1 1 1 0 0 0 0 0 0 0 1 1 0 0 1 0 0 0 0 0 1 0 0 1 0 0
 1 1 1 0 0 0 1 0 1 0 1 1 0 0 1 0 1 0 1 1 1 1 1 0 0 0 1 0 1 0 0 0 0 1 1 0 0
 0 0 0 0 1 1 1 0 1 1 1 0 0 1 0 1 1 1 0 1 1 0 1 1 0 1 0 1 0 0 0 0 0 0 1 0 1]",73
1466,4,gad7,9,PCA,kNN,2,0.5333333333333333,0.5585585585585585,28,34,25,24,"[1 1 1 0 0 0 1 0 0 1 0 0 1 0 1 1 0 0 1 1 0 0 1 0 1 1 0 1 0 0 0 0 1 0 1 1 0
 1 1 1 0 0 0 1 0 1 0 1 1 0 1 0 1 1 1 1 1 1 1 0 1 0 1 1 0 0 0 0 0 0 1 0 0 0
 1 1 0 0 1 1 0 1 0 1 0 0 0 0 0 0 1 1 0 1 1 1 0 0 0 1 0 1 1 0 0 0 0 1 0 1 1]",73
1467,4,gad7,9,PCA,RF,2,0.3409090909090909,0.4774774774774775,15,38,21,37,"[1 1 0 0 1 1 0 0 1 0 0 0 1 0 1 0 0 1 1 0 0 0 0 0 1 1 0 0 0 0 0 0 1 0 1 0 1
 1 0 0 0 0 0 1 0 1 0 1 1 1 1 0 1 1 1 0 0 0 1 0 0 0 1 0 0 0 0 0 1 0 1 0 0 1
 0 0 0 0 0 0 1 1 1 0 0 0 1 0 0 0 0 0 0 1 1 0 0 1 0 0 0 0 0 0 0 0 0 0 0 0 0]",73
1468,4,gad7,9,PCA,LR,2,0.4444444444444444,0.5045045045045045,22,34,25,30,"[0 0 0 0 1 0 1 0 0 1 0 1 1 1 0 0 0 0 0 0 0 1 1 0 0 1 0 0 0 0 0 1 0 0 1 0 0
 1 1 1 0 0 0 1 0 1 0 1 1 0 0 1 0 1 0 1 1 1 1 1 0 0 0 1 0 1 0 0 0 0 1 1 0 0
 0 0 0 0 1 1 1 0 1 1 1 0 0 1 0 1 1 1 1 1 1 0 1 0 0 1 0 1 0 0 0 0 0 0 1 0 1]",73
1469,4,gad7,9,PCA,XG,2,0.40909090909090906,0.5315315315315315,18,41,18,34,"[1 0 0 0 1 0 0 0 0 0 0 0 1 0 1 0 0 1 1 0 0 0 0 0 1 1 0 0 1 0 0 0 1 0 1 0 1
 1 0 0 0 0 0 1 0 1 0 1 1 1 1 0 1 1 1 0 0 0 0 0 0 0 1 1 0 0 0 0 1 0 1 0 0 1
 1 0 0 0 0 0 1 1 1 0 0 0 0 0 0 0 0 0 0 1 1 0 0 1 0 0 1 0 0 0 0 0 0 1 0 0 0]",73
1470,4,gad7,9,PCA,SVC,3,0.39999999999999997,0.5135135135135135,18,39,20,34,"[0 0 0 0 1 0 0 0 0 1 0 1 1 1 0 0 0 0 0 0 0 1 0 0 0 1 0 0 0 0 0 1 0 0 1 0 0
 1 1 0 0 0 0 1 0 1 0 1 1 0 0 1 0 1 0 0 0 0 1 1 0 0 0 1 0 1 0 0 0 0 1 1 0 0
 0 0 0 0 1 1 1 0 1 1 1 0 0 1 0 1 0 1 0 1 1 0 1 0 0 0 0 1 0 0 0 0 0 0 1 0 1]",73
1471,4,gad7,9,PCA,kNN,3,0.46464646464646464,0.5225225225225225,23,35,24,29,"[0 0 1 0 1 0 1 0 0 1 0 0 1 1 0 0 1 0 0 1 0 0 1 0 0 0 0 0 1 0 1 0 0 0 0 1 0
 1 1 1 0 0 1 1 0 0 0 1 1 0 0 1 0 1 1 1 1 1 0 1 1 0 1 0 0 0 0 0 0 1 1 1 0 0
 0 1 0 1 0 0 0 0 1 1 0 0 1 0 0 1 1 1 0 1 0 1 0 0 0 1 1 0 1 0 0 0 1 0 1 0 1]",73
1472,4,gad7,9,PCA,RF,3,0.36144578313253006,0.5225225225225225,15,43,16,37,"[1 0 0 1 1 0 0 0 0 0 0 0 1 0 0 0 0 1 1 1 0 0 0 0 0 0 0 0 1 0 0 0 0 0 1 1 0
 1 1 0 0 0 0 1 0 1 0 1 1 1 1 0 0 1 1 0 0 0 0 1 1 0 0 0 0 0 0 1 0 0 1 0 0 0
 0 0 0 0 0 0 1 0 1 0 0 0 0 0 0 0 0 1 0 1 0 0 0 0 0 0 1 0 0 0 0 0 0 0 0 1 1]",73
1473,4,gad7,9,PCA,LR,3,0.4565217391304348,0.5495495495495496,21,40,19,31,"[0 0 0 1 1 0 1 0 0 1 0 1 1 0 0 0 0 0 0 1 0 1 0 0 0 0 0 0 0 0 0 1 0 0 0 0 0
 1 1 0 0 0 0 1 1 1 0 1 1 0 0 1 0 1 0 0 0 0 1 1 0 0 0 1 0 0 0 1 0 0 0 1 1 0
 0 0 0 0 1 1 0 0 1 1 1 0 0 1 1 1 0 1 1 1 1 0 1 0 0 0 0 1 0 0 0 0 0 0 1 0 1]",73
1474,4,gad7,9,PCA,XG,3,0.3414634146341463,0.5135135135135135,14,43,16,38,"[1 0 0 1 1 0 0 0 0 0 0 0 1 0 0 0 0 1 1 1 0 0 0 0 0 0 0 0 1 0 0 0 0 0 0 1 1
 0 0 0 0 0 0 1 0 1 0 0 1 1 0 0 0 1 1 0 0 0 0 1 1 0 0 0 0 0 0 0 1 0 1 1 0 1
 0 0 0 0 0 0 0 1 1 0 0 0 1 0 0 1 0 1 0 1 0 0 0 0 0 0 1 0 0 0 0 0 0 0 0 1 0]",73
1475,4,gad7,9,PCA,SVC,4,0.3870967741935483,0.4864864864864865,18,36,23,34,"[0 0 0 0 1 0 0 1 0 1 0 1 1 1 0 0 0 0 0 1 0 1 0 0 0 1 0 0 0 0 0 1 0 0 1 0 0
 1 1 0 0 0 0 1 0 1 0 1 1 0 0 1 0 1 0 0 0 0 1 1 1 0 0 1 0 1 0 0 0 0 1 1 0 0
 0 0 0 0 1 1 1 0 1 1 1 0 0 1 0 1 0 1 0 1 1 0 1 0 0 0 0 1 0 0 0 0 0 0 1 0 1]",73
1476,4,gad7,9,PCA,kNN,4,0.47058823529411764,0.5135135135135135,24,33,26,28,"[0 0 1 0 0 0 1 0 0 1 0 0 1 0 0 0 0 0 1 1 0 0 1 0 0 1 1 1 0 1 0 0 0 0 0 0 0
 1 1 1 0 0 0 1 0 0 0 1 1 1 0 1 0 0 1 1 1 1 1 1 1 1 0 0 1 0 0 1 0 1 1 1 0 0
 0 0 1 0 0 1 0 0 1 0 0 0 1 0 0 1 1 1 0 1 0 1 0 1 0 1 1 1 1 1 0 0 0 1 1 1 0]",73
1477,4,gad7,9,PCA,RF,4,0.2631578947368421,0.4954954954954955,10,45,14,42,"[0 1 0 1 0 0 0 0 0 0 0 0 1 0 0 0 0 0 1 1 0 0 0 0 0 0 0 0 0 0 0 0 0 1 0 0 0
 1 0 0 0 0 0 1 0 0 0 1 1 1 0 0 0 1 1 0 0 0 0 1 1 0 0 0 0 0 0 1 0 0 1 1 0 0
 0 0 0 0 0 0 0 0 1 0 0 0 0 0 0 1 0 1 0 1 0 0 0 0 0 0 0 0 0 0 0 0 0 1 0 1 0]",73
1478,4,gad7,9,PCA,LR,4,0.3913043478260869,0.4954954954954955,18,37,22,34,"[0 1 0 1 1 0 0 1 0 0 0 1 1 1 0 0 0 0 0 1 0 1 0 0 0 0 0 0 0 0 0 1 0 1 0 0 0
 1 1 0 0 0 0 0 0 1 0 1 1 0 0 1 0 1 0 0 0 0 1 1 1 0 0 1 0 1 0 1 0 0 0 0 0 0
 0 0 0 0 1 1 1 0 0 1 1 0 0 1 1 1 0 1 1 1 1 0 1 0 0 0 0 1 0 0 0 0 0 0 1 0 1]",73
1479,4,gad7,9,PCA,XG,4,0.4175824175824176,0.5225225225225225,19,39,20,33,"[0 1 0 1 1 0 1 0 0 1 0 0 1 0 0 0 0 1 1 1 0 0 0 0 0 0 0 0 1 0 0 0 0 1 1 0 1
 1 0 0 0 0 0 1 0 0 0 1 1 1 1 0 0 1 1 0 0 0 1 1 1 0 0 0 0 0 0 0 0 0 1 1 0 1
 1 0 1 1 0 1 1 0 1 0 0 0 0 0 0 1 0 1 0 1 0 0 0 0 0 0 1 0 0 0 0 0 0 1 0 1 0]",73
1480,4,gad7,9,PCA,SVC,1,0.3333333333333333,0.4594594594594595,15,36,23,37,"[0 0 1 1 1 1 1 0 0 0 1 0 0 0 0 0 0 1 0 1 0 1 0 0 0 0 0 0 0 1 0 0 1 0 1 0 0
 0 0 1 0 1 0 1 1 1 1 0 1 0 1 0 0 0 0 1 1 0 1 0 1 0 0 0 1 0 1 0 0 0 0 0 0 1
 1 1 0 1 0 0 0 0 0 0 1 0 1 0 0 0 1 1 0 0 0 0 0 0 0 0 0 0 1 1 1 0 0 0 0 0 1]",74
1481,4,gad7,9,PCA,kNN,1,0.36170212765957444,0.4594594594594595,17,34,25,35,"[0 0 1 0 0 0 0 0 0 0 0 1 1 0 0 0 0 0 1 0 1 0 0 0 0 1 0 0 0 1 0 0 0 0 1 0 0
 0 0 1 0 0 0 0 0 0 0 1 1 0 0 1 0 0 0 0 1 1 1 1 0 0 0 0 0 1 1 0 0 1 1 0 1 1
 1 1 0 1 1 0 1 1 1 1 1 0 0 0 1 0 1 0 0 0 0 0 0 1 1 1 1 1 0 0 0 1 1 0 0 1 1]",74
1482,4,gad7,9,PCA,RF,1,0.39999999999999997,0.5135135135135135,18,39,20,34,"[0 1 1 0 0 0 0 0 1 0 0 0 0 0 0 0 1 0 0 0 1 0 0 0 0 0 0 0 0 0 0 0 0 0 1 0 1
 0 0 1 0 1 0 0 0 0 0 1 0 0 0 0 0 0 1 0 0 0 1 1 1 0 0 0 0 0 1 1 0 1 0 1 1 0
 0 1 1 1 0 0 1 1 1 1 1 0 0 0 0 0 1 0 0 0 1 0 0 0 1 1 1 1 0 0 1 1 1 0 0 1 1]",74
1483,4,gad7,9,PCA,LR,1,0.578125,0.5135135135135135,37,20,39,15,"[1 1 0 0 0 0 0 1 1 0 1 1 1 1 1 1 1 0 1 0 1 0 1 1 0 1 1 1 1 0 1 1 0 1 1 1 1
 1 1 0 1 0 1 1 1 0 0 1 0 1 0 0 1 1 1 0 0 1 0 1 1 0 1 1 0 1 0 1 1 1 1 1 1 1
 0 0 1 1 1 1 0 1 1 1 0 1 0 1 1 1 1 0 1 1 1 1 1 1 1 1 1 1 1 1 0 1 1 0 1 0 0]",74
1484,4,gad7,9,PCA,XG,1,0.3409090909090909,0.4774774774774775,15,38,21,37,"[0 1 1 0 0 0 0 0 0 0 0 0 1 0 0 0 1 0 0 0 1 0 0 0 0 0 0 0 0 0 0 0 0 0 1 0 0
 0 0 1 0 1 0 0 0 0 0 0 0 0 0 0 0 0 0 0 0 0 1 1 1 0 0 0 0 0 1 1 0 1 0 0 1 1
 0 1 1 1 1 0 1 1 1 1 1 0 0 0 1 0 1 0 0 0 0 0 0 0 1 1 1 1 0 0 1 1 1 0 0 1 1]",74
1485,4,gad7,9,PCA,SVC,2,0.5046728971962617,0.5225225225225225,27,31,28,25,"[0 1 1 1 1 1 1 0 0 0 1 1 1 1 0 0 0 1 0 1 0 1 0 0 0 0 0 0 0 1 1 1 0 0 1 0 0
 1 0 1 0 1 0 0 1 0 1 1 1 1 1 1 0 0 0 1 1 1 1 1 0 0 1 1 1 0 1 0 0 0 0 0 0 1
 1 1 1 1 1 1 1 0 0 0 1 0 1 0 1 1 1 1 0 0 0 0 0 0 0 1 0 0 0 1 1 0 0 0 1 0 1]",74
1486,4,gad7,9,PCA,kNN,2,0.4731182795698925,0.5585585585585585,22,40,19,30,"[0 0 1 0 0 0 0 0 0 0 0 0 1 0 0 0 1 0 0 0 1 0 0 0 0 0 0 0 0 1 0 1 0 1 1 0 0
 0 0 1 0 0 0 0 0 1 0 1 1 0 0 1 1 0 1 0 1 1 1 1 0 0 0 1 0 1 1 0 0 0 0 1 1 1
 0 1 0 1 0 1 1 1 0 0 1 0 0 0 1 1 1 0 0 0 0 0 0 1 1 0 1 0 0 0 1 1 0 0 1 1 0]",74
1487,4,gad7,9,PCA,RF,2,0.40425531914893614,0.4954954954954955,19,36,23,33,"[0 1 1 0 0 0 0 0 0 0 0 0 1 0 0 0 1 0 0 0 1 0 0 0 0 0 0 0 0 1 0 1 0 0 1 0 0
 1 0 1 0 1 0 0 1 0 0 0 1 0 0 1 0 0 1 0 1 1 1 1 0 0 0 1 0 0 1 0 1 1 0 0 0 1
 0 1 1 1 0 1 1 1 0 0 1 0 0 0 1 0 1 0 1 0 0 0 0 0 1 0 1 1 0 1 1 1 1 0 0 1 0]",74
1488,4,gad7,9,PCA,LR,2,0.41463414634146345,0.5675675675675675,17,46,13,35,"[0 1 0 0 0 0 0 0 0 0 1 1 1 1 0 0 0 0 0 0 0 0 0 0 0 0 0 0 0 0 1 1 1 0 1 0 0
 1 0 0 0 0 0 0 1 1 0 1 0 1 0 0 0 0 0 0 0 1 0 1 0 0 1 1 0 0 1 0 0 0 0 0 0 1
 0 0 1 1 1 1 0 0 0 0 0 0 0 0 1 1 1 0 0 0 0 0 0 0 0 1 0 0 0 1 0 0 0 0 1 0 0]",74
1489,4,gad7,9,PCA,XG,2,0.4631578947368421,0.5405405405405406,22,38,21,30,"[1 1 1 0 0 0 0 0 1 0 0 0 1 0 1 0 1 0 0 0 1 0 0 0 0 0 0 0 0 1 0 1 0 0 1 0 0
 0 0 0 0 0 0 0 1 0 0 0 1 0 0 1 0 0 1 0 1 1 1 1 0 0 0 1 0 0 1 0 1 1 0 0 1 1
 0 1 1 1 0 1 1 1 0 0 1 0 0 1 1 0 0 0 1 0 0 0 0 0 1 0 1 1 0 1 1 1 1 0 0 1 0]",74
1490,4,gad7,9,PCA,SVC,3,0.43298969072164945,0.5045045045045045,21,35,24,31,"[0 1 1 0 1 0 1 0 0 0 1 1 1 1 0 0 0 1 0 0 0 0 0 0 0 0 0 0 0 1 1 1 0 0 1 0 0
 1 0 1 0 1 0 1 1 0 0 1 1 1 0 1 0 0 0 0 1 1 1 0 0 0 1 1 0 0 1 0 0 0 0 0 0 1
 1 1 1 1 1 1 0 0 0 0 1 0 0 0 1 1 1 1 0 0 0 0 0 0 0 1 0 0 0 1 1 0 0 0 1 0 1]",74
1491,4,gad7,9,PCA,kNN,3,0.3838383838383838,0.45045045045045046,19,31,28,33,"[1 0 1 0 0 0 0 0 0 1 1 1 1 1 0 1 0 0 0 0 0 0 0 1 1 0 0 0 0 1 0 1 0 0 1 0 0
 1 0 1 0 0 0 1 1 0 0 1 1 1 0 0 1 0 0 0 1 0 1 0 0 1 1 1 0 0 1 1 0 0 0 0 0 1
 0 1 0 1 1 1 1 1 1 1 1 0 0 0 1 1 0 0 1 0 0 0 0 1 0 0 1 1 0 0 1 0 0 1 1 0 0]",74
1492,4,gad7,9,PCA,RF,3,0.3023255813953488,0.4594594594594595,13,38,21,39,"[1 0 1 0 0 0 0 0 0 0 1 0 1 0 0 1 0 0 0 0 0 0 0 0 1 0 0 0 0 1 0 1 0 0 1 0 0
 1 0 0 0 1 0 0 1 0 0 0 1 0 0 0 0 0 1 0 1 0 1 0 0 1 0 1 0 0 1 0 1 0 0 0 0 1
 0 1 0 1 0 1 1 1 0 0 1 0 0 0 1 0 0 0 1 0 0 0 0 1 1 0 1 0 0 1 0 0 0 1 0 0 0]",74
1493,4,gad7,9,PCA,LR,3,0.48484848484848486,0.5405405405405406,24,36,23,28,"[0 1 1 0 0 0 1 0 0 0 1 1 1 1 0 0 0 1 0 0 0 0 0 1 0 0 0 0 1 1 1 1 1 0 1 0 0
 0 0 0 0 1 1 1 1 1 0 1 1 1 0 0 0 1 0 0 1 1 1 1 0 0 0 1 0 0 1 0 0 0 0 0 0 1
 1 1 0 1 1 1 0 0 0 0 1 1 0 0 1 1 1 0 0 0 0 0 0 0 0 1 0 0 1 1 1 0 0 0 1 0 1]",74
1494,4,gad7,9,PCA,XG,3,0.4,0.4864864864864865,19,35,24,33,"[1 0 1 0 0 0 0 0 0 0 1 1 1 0 0 1 0 0 0 0 0 0 0 0 1 1 1 0 0 1 0 1 0 0 1 0 0
 1 0 1 0 1 0 0 1 1 0 0 1 0 0 0 0 1 1 0 0 0 1 0 0 1 1 1 0 0 1 1 1 0 0 0 0 1
 0 1 1 1 0 1 1 1 0 1 1 0 0 0 1 1 0 0 1 0 0 0 0 1 0 0 1 0 0 1 0 0 0 1 0 0 0]",74
1495,4,gad7,9,PCA,SVC,4,0.3908045977011494,0.5225225225225225,17,41,18,35,"[0 1 1 0 1 0 1 0 0 0 1 0 1 1 0 0 0 1 0 0 0 0 0 0 0 0 0 0 0 1 1 1 0 0 1 0 0
 1 0 1 0 1 0 0 1 0 0 0 1 0 0 1 0 0 0 0 1 1 1 0 0 0 0 1 0 0 1 0 0 0 0 0 0 1
 1 1 0 1 0 1 0 0 0 0 1 0 0 0 1 0 1 1 0 0 0 0 0 0 0 0 0 0 0 1 1 0 0 0 0 0 1]",74
1496,4,gad7,9,PCA,kNN,4,0.45999999999999996,0.5135135135135135,23,34,25,29,"[1 0 1 0 0 0 0 0 0 1 1 1 1 1 0 1 0 0 0 0 1 0 0 1 1 1 1 0 0 1 1 1 0 0 1 1 0
 0 1 1 0 0 0 0 1 0 0 1 1 0 0 1 1 0 0 0 1 1 1 0 0 1 0 0 0 0 1 0 1 0 0 0 0 1
 0 1 0 1 1 0 1 1 1 0 1 0 0 0 1 1 0 0 0 0 1 0 0 1 0 0 0 1 0 0 1 1 1 1 0 0 0]",74
1497,4,gad7,9,PCA,RF,4,0.28235294117647064,0.45045045045045046,12,38,21,40,"[1 0 1 0 0 0 0 0 0 1 1 0 1 0 0 1 0 0 0 0 0 0 0 1 1 0 0 0 0 1 0 1 0 0 1 1 0
 1 0 0 0 1 0 1 1 0 0 0 1 0 0 1 0 0 0 0 1 1 1 0 0 1 1 0 0 0 1 0 1 0 0 0 0 0
 0 1 0 1 0 0 1 1 0 0 1 0 0 0 1 0 0 0 1 0 0 0 0 0 0 0 0 0 0 0 0 0 0 1 0 0 0]",74
1498,4,gad7,9,PCA,LR,4,0.48484848484848486,0.5405405405405406,24,36,23,28,"[0 1 1 0 0 0 1 0 0 0 1 1 1 1 0 0 0 1 0 0 0 0 0 1 0 0 0 0 1 1 1 1 1 0 1 0 0
 0 0 0 0 1 1 1 1 1 0 1 1 1 0 0 0 1 0 0 1 1 1 1 0 0 0 1 0 0 1 0 0 0 0 0 0 1
 1 1 0 1 1 1 0 0 0 0 1 1 0 0 1 1 1 0 0 0 0 0 0 0 0 1 0 0 1 1 1 0 0 0 1 0 1]",74
1499,4,gad7,9,PCA,XG,4,0.3855421686746988,0.5405405405405406,16,44,15,36,"[1 1 1 0 0 0 0 0 0 0 1 1 1 0 0 1 0 0 0 0 0 0 0 0 1 0 0 0 0 1 0 1 0 0 1 0 0
 1 0 0 0 0 0 0 1 1 0 0 0 0 0 0 0 0 0 0 0 1 1 0 0 1 0 0 0 0 1 0 1 1 0 0 0 1
 0 1 0 1 0 0 0 1 0 1 1 0 0 0 1 1 0 0 1 0 0 0 0 0 0 0 1 0 0 0 0 0 0 1 0 0 0]",74
1500,4,gad7,9,PCA,SVC,1,0.208955223880597,0.5225225225225225,7,51,8,45,"[0 1 0 0 0 0 0 0 0 0 0 0 0 0 0 0 0 0 0 0 0 0 0 1 0 0 0 0 0 0 0 0 0 0 0 0 0
 0 1 0 0 0 0 0 0 0 0 0 0 0 0 0 0 0 0 0 0 0 0 1 0 1 0 0 0 0 0 1 0 0 0 1 0 0
 0 0 0 0 0 1 0 0 1 1 0 0 0 1 0 0 0 1 1 0 1 0 0 0 0 1 0 0 0 0 0 0 0 0 0 0 0]",75
1501,4,gad7,9,PCA,kNN,1,0.4158415841584159,0.46846846846846846,21,31,28,31,"[1 0 1 0 0 0 0 1 0 0 1 0 0 0 1 0 0 1 0 0 0 1 0 1 1 1 1 0 0 1 0 1 0 0 1 1 0
 0 0 0 0 1 0 0 1 1 0 1 1 0 0 0 0 0 1 0 0 1 1 1 1 0 0 0 0 0 0 1 1 1 1 1 0 1
 0 0 1 0 0 1 0 0 1 0 0 1 0 1 0 1 0 1 1 1 1 1 1 1 0 0 1 0 1 0 0 1 1 0 0 0 1]",75
1502,4,gad7,9,PCA,RF,1,0.3870967741935483,0.4864864864864865,18,36,23,34,"[0 0 0 0 1 0 0 1 0 1 1 0 0 0 0 0 1 1 0 0 0 1 0 0 1 0 0 0 0 1 0 1 1 0 1 0 0
 0 0 0 1 0 0 0 1 1 0 0 1 0 0 0 1 0 0 0 0 0 1 0 1 1 0 0 0 0 0 1 1 1 1 1 0 1
 0 0 1 0 0 0 0 0 0 0 0 1 0 1 0 1 1 1 1 0 1 1 1 1 0 1 0 0 0 1 0 1 0 0 0 0 1]",75
1503,4,gad7,9,PCA,LR,1,0.532258064516129,0.4774774774774775,33,20,39,19,"[1 1 1 1 0 1 0 1 0 1 1 0 1 1 1 1 0 1 1 0 1 1 1 0 1 1 1 0 0 0 1 0 1 1 0 0 1
 1 1 1 0 1 0 0 1 1 1 1 0 0 1 1 1 1 1 0 0 1 0 0 0 1 1 1 1 0 1 1 1 1 0 1 1 1
 0 1 0 1 1 1 0 1 0 1 1 0 1 1 1 1 1 1 0 1 0 1 0 0 1 1 0 1 0 1 1 1 0 0 0 1 1]",75
1504,4,gad7,9,PCA,XG,1,0.42553191489361697,0.5135135135135135,20,37,22,32,"[0 0 0 0 1 0 0 1 0 1 1 0 0 1 1 0 1 1 0 0 0 1 0 0 0 0 0 0 0 0 0 1 0 0 1 0 0
 0 0 0 1 0 0 0 1 0 0 1 1 0 1 0 0 0 1 0 0 0 1 0 1 1 0 0 0 0 0 1 1 1 1 1 0 1
 0 0 1 0 0 0 0 0 0 0 0 1 0 1 0 1 1 1 1 1 1 1 1 1 0 1 0 0 0 1 0 1 0 0 0 0 1]",75
1505,4,gad7,9,PCA,SVC,2,0.3157894736842105,0.5315315315315315,12,47,12,40,"[0 1 0 1 0 0 0 0 0 0 0 0 0 0 0 0 0 0 0 0 0 0 0 1 0 0 0 0 0 1 0 0 0 0 0 0 0
 1 0 0 0 0 0 1 0 0 0 1 1 1 0 0 0 0 0 0 0 0 0 1 0 0 0 1 0 0 0 1 0 1 0 1 0 0
 0 0 0 1 0 0 0 1 0 1 1 0 0 1 0 0 0 0 1 0 1 0 0 0 0 1 0 0 1 0 0 0 0 0 0 1 0]",75
1506,4,gad7,9,PCA,kNN,2,0.4,0.4864864864864865,19,35,24,33,"[0 0 0 0 0 0 0 0 1 0 1 0 0 0 1 1 1 0 0 0 0 0 0 0 0 0 1 1 0 1 0 1 1 0 1 0 0
 0 1 1 1 1 0 1 0 1 0 0 1 0 0 1 0 0 0 0 0 0 1 1 0 0 0 1 0 1 1 0 1 0 0 1 0 0
 0 1 1 1 0 1 0 1 0 1 1 0 0 0 0 0 0 0 0 1 1 0 1 0 1 1 0 0 1 0 1 1 1 0 0 0 1]",75
1507,4,gad7,9,PCA,RF,2,0.3736263736263737,0.4864864864864865,17,37,22,35,"[1 0 0 0 0 0 0 0 0 0 1 0 0 0 0 1 0 0 0 0 1 1 1 1 0 0 0 0 0 0 0 1 0 0 1 0 0
 0 1 0 0 1 0 1 0 0 0 0 1 0 0 0 1 0 0 0 0 0 1 0 0 0 0 1 0 1 0 1 1 0 0 1 0 0
 0 1 1 0 0 1 0 1 0 1 0 1 0 1 0 0 0 1 1 1 1 1 1 1 1 0 0 0 1 0 0 1 1 0 0 0 1]",75
1508,4,gad7,9,PCA,LR,2,0.4954128440366972,0.5045045045045045,27,29,30,25,"[1 1 1 1 0 1 0 0 0 1 1 0 1 0 1 0 0 0 1 0 1 0 0 0 0 1 1 0 0 0 1 0 1 1 0 0 1
 1 1 1 0 1 0 0 0 1 1 1 0 0 0 1 0 1 0 0 0 0 0 0 0 1 1 1 0 1 0 1 1 1 0 1 1 0
 0 1 0 1 1 1 0 1 0 1 1 0 1 1 1 0 1 1 0 1 0 1 0 0 1 1 0 1 0 1 1 1 0 0 0 1 1]",75
1509,4,gad7,9,PCA,XG,2,0.3820224719101124,0.5045045045045045,17,39,20,35,"[1 1 1 0 0 0 0 1 0 0 1 0 0 0 0 1 0 0 0 0 0 1 1 1 0 0 0 0 0 0 0 1 0 0 0 0 0
 0 0 0 0 1 0 1 1 0 1 0 1 0 0 0 0 0 0 0 0 0 1 0 0 0 0 1 0 0 0 1 0 0 0 1 0 0
 0 1 1 0 0 1 0 0 0 1 0 1 1 1 0 0 0 1 1 1 1 1 1 1 1 1 1 0 0 0 0 0 0 0 0 0 1]",75
1510,4,gad7,9,PCA,SVC,3,0.22535211267605634,0.5045045045045045,8,48,11,44,"[0 1 0 1 0 0 0 0 0 0 0 0 0 0 0 0 0 0 0 0 0 0 0 1 0 0 0 0 0 0 0 0 0 0 0 0 0
 1 1 0 0 0 0 0 0 0 0 0 0 0 0 0 0 0 0 0 0 0 0 1 0 0 0 1 0 0 0 1 0 1 0 1 0 0
 0 0 0 1 0 0 0 1 0 1 1 0 0 1 0 0 0 1 1 0 1 0 0 0 0 1 0 0 0 0 0 0 0 0 0 0 0]",75
1511,4,gad7,9,PCA,kNN,3,0.4864864864864865,0.4864864864864865,27,27,32,25,"[0 1 0 1 0 1 1 1 0 0 0 1 0 1 1 1 1 0 0 1 0 1 1 0 0 1 1 1 0 0 1 1 1 1 1 0 0
 0 1 0 1 0 1 0 1 1 1 1 0 1 0 1 1 0 0 1 1 0 1 1 0 0 0 1 0 0 0 1 1 0 0 1 0 1
 0 1 1 0 1 0 0 1 0 1 1 0 0 1 0 0 0 1 0 1 1 0 0 0 1 1 0 0 1 1 1 1 1 0 0 1 1]",75
1512,4,gad7,9,PCA,RF,3,0.32941176470588235,0.4864864864864865,14,40,19,38,"[0 0 1 1 0 0 0 0 0 0 1 0 0 0 0 1 0 0 0 0 0 1 1 0 0 0 0 0 0 0 0 1 0 0 0 0 0
 0 1 0 0 1 0 1 1 0 1 0 0 0 0 0 0 0 0 0 0 0 1 0 0 0 0 1 0 1 0 1 1 1 0 0 0 1
 0 1 1 0 0 0 0 1 0 1 0 0 0 1 0 1 0 1 0 1 0 0 1 1 0 0 0 0 0 0 0 1 1 0 0 1 1]",75
1513,4,gad7,9,PCA,LR,3,0.3855421686746988,0.5405405405405406,16,44,15,36,"[0 1 0 1 0 1 0 0 0 1 1 0 0 0 1 0 0 0 0 0 0 0 0 0 0 0 1 0 0 0 0 0 0 0 0 0 0
 1 1 1 0 0 0 0 0 1 0 1 0 0 0 0 0 0 0 0 0 0 0 0 0 1 0 1 0 0 0 1 1 1 0 1 0 0
 0 0 0 1 0 1 0 1 0 1 1 0 1 1 0 0 1 1 0 0 0 0 0 0 0 1 0 0 0 1 1 0 0 0 0 1 0]",75
1514,4,gad7,9,PCA,XG,3,0.4301075268817205,0.5225225225225225,20,38,21,32,"[1 0 1 1 0 0 0 1 1 0 1 0 0 1 0 1 0 0 0 0 0 1 1 1 1 0 0 0 0 0 0 1 0 0 1 0 0
 0 0 0 0 1 0 1 1 0 1 1 0 0 0 0 0 0 0 0 0 0 1 0 0 0 0 0 0 1 0 1 1 1 0 0 0 1
 0 1 1 0 0 0 0 0 0 1 1 1 0 1 0 1 1 1 0 0 1 0 1 1 1 1 0 0 0 0 0 0 0 0 0 1 1]",75
1515,4,gad7,9,PCA,SVC,4,0.2535211267605634,0.5225225225225225,9,49,10,43,"[0 1 0 1 0 0 0 0 0 0 0 0 0 0 1 0 0 0 0 0 0 0 0 1 0 0 0 0 0 0 0 0 0 0 0 0 0
 0 1 0 0 0 0 0 0 0 0 1 0 1 0 0 0 0 0 0 0 0 0 1 0 0 0 1 0 0 0 1 0 1 0 1 0 0
 0 0 0 1 0 0 0 1 0 1 0 0 0 1 0 0 0 0 1 0 1 0 0 0 0 1 0 0 0 0 0 0 0 0 0 0 0]",75
1516,4,gad7,9,PCA,kNN,4,0.44897959183673475,0.5135135135135135,22,35,24,30,"[0 1 0 1 0 0 0 0 0 1 0 0 0 0 0 1 1 1 0 0 0 1 1 0 1 1 0 1 0 0 1 1 1 1 1 0 1
 0 1 0 1 1 0 0 1 1 0 1 0 1 1 0 0 1 0 0 0 0 1 1 0 0 0 0 1 0 0 0 1 0 0 1 0 1
 0 0 1 1 0 1 0 1 0 1 0 0 1 0 0 0 0 0 0 1 0 0 1 0 0 1 0 1 1 1 0 0 1 0 0 0 1]",75
1517,4,gad7,9,PCA,RF,4,0.45161290322580644,0.5405405405405406,21,39,20,31,"[0 1 1 1 0 0 0 0 0 0 1 0 0 0 0 1 0 0 0 0 0 1 1 0 0 0 0 0 0 0 0 1 1 0 1 0 0
 0 1 0 1 1 0 0 1 0 0 1 0 0 0 1 0 0 0 0 0 0 1 0 0 0 0 1 0 1 0 1 1 0 0 1 0 1
 0 1 1 1 0 0 0 1 0 0 0 1 0 1 0 1 0 1 0 1 1 1 1 0 1 1 0 0 0 1 0 1 1 0 0 0 1]",75
1518,4,gad7,9,PCA,LR,4,0.3855421686746988,0.5405405405405406,16,44,15,36,"[0 1 0 1 0 1 0 0 0 1 1 0 0 0 1 0 0 0 0 0 0 0 0 0 0 0 1 0 0 0 0 0 0 0 0 0 0
 1 1 1 0 0 0 0 0 1 0 1 0 0 0 0 0 0 0 0 0 0 0 0 0 1 0 1 0 0 0 1 1 1 0 1 0 0
 0 0 0 1 0 1 0 1 0 1 1 0 1 1 0 0 1 1 0 0 0 0 0 0 0 1 0 0 0 1 1 0 0 0 0 1 0]",75
1519,4,gad7,9,PCA,XG,4,0.3829787234042554,0.4774774774774775,18,35,24,34,"[1 1 1 1 0 0 0 1 1 0 1 0 0 1 0 1 0 0 0 0 0 1 1 1 1 0 0 0 0 0 0 1 1 1 1 0 1
 0 1 0 0 1 0 0 1 0 1 0 0 0 0 0 0 0 0 0 0 0 0 0 0 0 0 0 0 1 0 1 1 0 0 1 0 1
 0 1 1 1 0 0 0 1 0 0 0 0 0 1 0 0 0 1 0 1 1 1 1 1 0 1 0 0 0 0 0 1 1 0 0 0 1]",75
1520,4,gad7,9,PCA,SVC,1,0.2439024390243902,0.44144144144144143,10,39,20,42,"[0 0 0 0 1 1 0 0 1 0 1 0 0 0 0 1 1 0 0 1 0 0 0 0 0 0 0 0 0 0 1 0 0 0 1 1 0
 0 0 0 0 1 0 1 1 0 0 0 1 1 0 0 1 1 0 0 1 1 0 0 0 0 1 1 0 0 0 0 0 0 0 0 0 0
 0 0 0 0 0 1 0 1 0 0 0 0 1 0 0 1 0 0 0 0 0 0 0 0 1 0 0 1 0 0 0 0 1 0 1 0 1]",76
1521,4,gad7,9,PCA,kNN,1,0.43298969072164945,0.5045045045045045,21,35,24,31,"[1 1 0 1 0 1 0 0 1 0 1 1 0 0 0 0 1 1 0 1 1 0 1 0 1 1 1 1 1 0 1 1 1 0 1 0 1
 1 0 0 0 0 1 0 0 1 0 1 1 0 0 0 0 0 0 0 1 1 0 0 1 0 0 1 0 0 0 0 0 0 0 0 0 1
 0 0 1 0 0 1 0 1 1 0 0 0 0 0 0 1 0 1 0 1 0 0 0 1 1 0 0 1 1 0 0 0 0 0 1 1 0]",76
1522,4,gad7,9,PCA,RF,1,0.34408602150537637,0.45045045045045046,16,34,25,36,"[1 1 0 1 0 1 1 0 0 0 0 0 0 1 0 0 1 1 0 0 1 0 1 0 1 0 0 0 0 1 1 0 1 0 1 0 1
 0 0 1 0 0 1 0 0 0 0 1 1 0 0 0 0 0 0 0 0 1 0 0 1 0 0 0 0 0 1 0 0 0 0 0 0 1
 1 0 1 0 0 1 0 1 1 0 0 0 1 1 0 1 1 1 0 0 1 0 0 1 1 0 0 1 0 1 1 0 0 0 0 0 1]",76
1523,4,gad7,9,PCA,LR,1,0.225,0.44144144144144143,9,40,19,43,"[0 0 0 0 1 1 0 0 1 0 1 0 0 0 0 1 1 0 0 1 0 0 0 0 0 0 0 0 0 0 0 0 0 0 1 1 0
 0 0 0 0 1 0 1 1 0 0 0 1 1 0 0 1 1 0 0 1 1 0 0 0 0 1 1 0 0 0 0 0 0 0 0 0 0
 0 0 0 0 0 1 0 0 0 0 0 0 1 0 0 1 0 0 0 0 0 0 0 0 1 0 0 1 0 0 0 0 1 0 1 0 1]",76
1524,4,gad7,9,PCA,XG,1,0.37254901960784315,0.42342342342342343,19,28,31,33,"[1 1 0 1 1 1 1 0 1 0 1 0 0 1 0 1 1 1 0 0 1 0 1 0 1 0 0 0 0 1 1 0 1 0 1 0 1
 0 0 1 0 1 1 0 0 0 0 1 1 0 0 0 1 1 0 0 0 1 0 0 1 0 1 0 0 0 1 0 0 0 0 0 0 1
 1 0 1 0 0 1 0 1 1 0 0 0 0 1 0 1 1 1 0 0 1 0 0 1 1 0 0 1 1 1 1 0 0 0 1 1 0]",76
1525,4,gad7,9,PCA,SVC,2,0.4509803921568628,0.4954954954954955,23,32,27,29,"[0 0 1 0 1 1 0 0 0 1 0 0 1 1 0 1 1 0 0 0 0 0 0 1 0 0 1 0 1 1 1 1 1 0 1 1 0
 1 0 0 1 1 0 1 1 0 1 1 0 1 1 1 1 1 0 0 1 0 0 0 0 0 1 0 0 0 0 0 0 0 0 0 0 0
 0 0 0 1 0 1 1 1 1 0 0 0 1 0 1 1 1 1 1 0 0 1 0 0 1 1 0 0 0 0 1 1 1 0 0 1 1]",76
1526,4,gad7,9,PCA,kNN,2,0.48598130841121495,0.5045045045045045,26,30,29,26,"[0 1 0 1 0 0 0 1 1 1 1 0 0 1 0 0 1 0 0 1 1 0 0 1 0 0 1 0 1 1 1 1 1 0 1 1 0
 1 0 1 1 0 0 1 1 0 1 1 1 0 1 1 0 1 0 0 1 1 0 1 0 0 0 0 1 1 0 0 0 0 0 1 1 1
 1 0 0 1 0 1 1 1 1 0 0 0 1 0 1 1 1 1 1 0 0 0 0 1 1 1 0 0 0 0 1 0 0 0 0 0 1]",76
1527,4,gad7,9,PCA,RF,2,0.36734693877551017,0.44144144144144143,18,31,28,34,"[0 0 1 1 0 0 0 0 1 1 1 0 0 1 0 0 1 0 0 1 0 0 0 0 0 0 0 0 0 0 1 1 1 1 1 1 0
 0 0 0 1 0 1 1 0 1 1 1 1 0 1 0 0 1 0 0 1 1 0 1 1 0 0 0 0 1 1 0 0 0 0 0 0 1
 1 0 0 0 0 1 1 1 1 1 0 0 0 0 0 1 0 1 1 0 0 1 0 1 1 1 0 1 0 0 0 0 0 0 1 0 1]",76
1528,4,gad7,9,PCA,LR,2,0.4421052631578947,0.5225225225225225,21,37,22,31,"[0 0 1 0 1 1 0 0 0 1 0 0 1 1 0 1 0 0 0 0 0 0 0 1 0 0 1 0 1 1 1 1 1 0 1 0 0
 1 0 0 1 1 0 1 0 0 1 1 0 1 1 1 1 1 0 0 0 0 0 0 0 0 1 0 0 0 0 0 0 0 0 0 0 0
 0 0 0 1 0 1 1 1 1 0 0 0 0 0 1 1 1 1 0 0 0 1 0 0 1 1 0 0 0 0 1 1 1 0 0 1 0]",76
1529,4,gad7,9,PCA,XG,2,0.41666666666666663,0.4954954954954955,20,35,24,32,"[0 0 1 1 0 0 0 0 1 1 1 0 0 1 1 0 0 1 0 1 1 0 0 1 0 0 0 0 1 0 0 1 1 1 1 0 1
 0 0 0 0 0 1 0 0 1 1 1 1 0 0 0 0 1 0 0 0 1 0 0 1 0 0 0 0 1 1 0 0 0 0 0 0 1
 1 0 0 0 0 1 1 1 1 1 0 0 1 0 0 1 0 1 1 0 0 0 0 1 1 0 0 1 0 0 0 0 0 0 1 1 1]",76
1530,4,gad7,9,PCA,SVC,3,0.4509803921568628,0.4954954954954955,23,32,27,29,"[0 0 1 0 1 1 0 0 0 1 0 0 1 1 0 1 1 0 0 0 0 0 0 1 0 0 1 0 1 1 1 1 1 0 1 1 0
 1 0 0 1 1 0 1 1 0 1 1 0 1 1 1 1 1 0 0 1 0 0 0 0 0 1 0 0 0 0 0 0 0 0 0 0 0
 0 0 0 1 0 1 1 1 1 0 0 0 1 0 1 1 1 1 1 0 0 1 0 0 1 1 0 0 0 0 1 1 1 0 0 1 1]",76
1531,4,gad7,9,PCA,kNN,3,0.3448275862068965,0.4864864864864865,15,39,20,37,"[0 1 1 0 0 0 0 1 1 0 1 0 0 0 0 0 1 0 0 0 0 0 0 1 0 0 0 0 0 0 1 0 1 0 1 1 0
 0 0 0 0 0 0 1 1 0 0 1 0 0 1 0 0 1 0 0 1 1 0 0 0 0 0 0 1 0 0 0 0 0 1 0 0 1
 0 0 0 1 0 1 0 1 0 0 0 0 1 0 1 0 0 1 1 0 0 0 1 1 1 1 0 0 0 0 1 0 0 0 0 1 1]",76
1532,4,gad7,9,PCA,RF,3,0.40425531914893614,0.4954954954954955,19,36,23,33,"[0 1 1 1 0 0 0 0 1 0 0 0 0 1 0 0 0 0 0 0 0 0 0 0 0 0 0 0 1 0 1 1 1 1 1 0 0
 0 0 0 0 0 0 1 1 1 1 1 1 0 1 0 0 1 0 0 1 1 0 1 1 0 0 0 0 1 0 0 0 0 0 0 0 1
 1 0 0 0 0 1 1 1 0 0 0 0 1 0 1 1 0 1 1 0 0 1 0 1 1 1 0 1 0 0 0 0 0 0 1 1 1]",76
1533,4,gad7,9,PCA,LR,3,0.4554455445544554,0.5045045045045045,23,33,26,29,"[0 0 1 0 1 1 0 0 0 1 0 0 1 1 0 1 1 0 0 0 0 0 0 1 0 0 1 0 1 1 1 1 1 0 1 1 0
 1 0 0 1 1 0 1 1 0 1 1 0 0 1 1 1 1 0 0 1 0 0 0 0 0 1 0 0 0 0 0 0 0 0 0 0 0
 0 0 0 1 0 1 1 1 1 0 0 0 1 0 1 1 1 1 1 0 0 1 0 0 1 1 0 0 0 0 1 1 1 0 0 1 1]",76
1534,4,gad7,9,PCA,XG,3,0.4123711340206186,0.4864864864864865,20,34,25,32,"[1 0 1 1 0 0 0 0 1 1 1 0 0 1 0 0 1 1 0 1 0 0 0 1 0 0 0 0 1 0 0 1 1 1 1 0 0
 1 0 0 1 0 1 1 0 1 1 1 1 1 0 0 0 0 0 0 0 1 0 0 1 0 0 0 0 1 0 0 0 0 0 0 0 1
 1 0 0 0 0 1 1 1 0 0 0 0 1 0 1 1 0 1 1 0 1 0 0 1 1 0 0 1 0 0 0 0 0 0 1 1 1]",76
1535,4,gad7,9,PCA,SVC,4,0.43564356435643564,0.4864864864864865,22,32,27,30,"[0 0 1 0 1 1 0 0 0 1 0 0 1 1 0 1 1 0 0 0 0 0 0 1 0 0 1 0 1 1 1 1 1 0 1 1 0
 1 0 0 1 1 0 1 1 0 1 1 0 1 1 1 1 1 0 0 1 0 0 0 0 0 1 0 0 0 0 0 0 0 0 0 0 0
 0 0 0 1 0 1 1 1 1 0 0 0 1 0 1 1 1 1 0 0 0 1 0 0 1 1 0 0 0 0 1 1 1 0 0 1 1]",76
1536,4,gad7,9,PCA,kNN,4,0.28260869565217395,0.40540540540540543,13,32,27,39,"[0 1 0 1 1 0 0 0 1 0 1 0 0 1 1 1 1 0 0 0 0 0 0 0 1 0 0 0 0 0 1 1 0 0 1 1 0
 0 1 0 0 1 0 0 1 0 0 1 0 0 1 0 1 1 1 0 1 1 0 0 0 0 1 0 0 0 0 0 1 0 0 0 0 1
 0 0 0 0 0 1 0 1 1 1 0 0 1 0 1 0 0 1 0 0 1 0 0 0 1 1 0 0 0 0 1 0 0 0 0 1 1]",76
1537,4,gad7,9,PCA,RF,4,0.30588235294117644,0.46846846846846846,13,39,20,39,"[0 0 1 1 0 0 0 0 1 0 0 0 0 1 0 0 0 0 0 0 0 0 0 0 0 0 0 0 0 0 0 1 0 0 1 1 0
 0 0 1 0 0 0 0 0 1 1 1 1 0 1 0 0 1 0 0 1 1 0 0 1 0 0 0 0 0 1 0 0 0 0 0 0 1
 0 0 0 1 0 1 1 1 0 0 0 0 1 0 1 1 0 1 0 0 0 0 0 0 1 1 0 1 0 0 0 0 0 0 1 1 1]",76
1538,4,gad7,9,PCA,LR,4,0.43999999999999995,0.4954954954954955,22,33,26,30,"[0 0 1 0 1 0 0 0 0 1 0 0 1 1 1 1 1 0 0 0 0 0 0 1 0 0 1 0 1 1 1 1 1 0 1 0 0
 1 0 0 1 1 0 1 0 0 1 1 0 0 1 1 1 1 0 0 0 1 0 0 0 0 1 0 0 0 0 0 0 0 0 1 0 0
 0 0 0 1 0 1 1 1 1 0 1 0 1 0 1 1 1 1 0 0 0 1 0 0 1 1 0 0 0 0 1 1 1 0 0 1 1]",76
1539,4,gad7,9,PCA,XG,4,0.2988505747126437,0.45045045045045046,13,37,22,39,"[0 0 1 1 0 0 0 1 1 1 1 0 0 1 0 0 0 0 0 1 0 0 0 0 0 0 0 0 1 0 0 1 0 0 1 1 0
 1 0 1 0 0 0 1 0 1 1 1 1 0 0 0 0 0 0 0 0 1 0 0 1 0 0 0 0 1 0 0 0 0 1 0 0 1
 1 0 0 0 0 1 1 1 0 0 0 0 1 0 0 1 0 0 0 0 0 0 0 0 1 0 0 1 0 0 0 0 0 0 1 1 1]",76
1540,4,gad7,9,PCA,SVC,1,0.3908045977011494,0.5225225225225225,17,41,18,35,"[0 0 1 0 0 1 1 0 1 0 0 0 1 0 0 0 1 1 1 0 0 0 0 0 1 0 0 0 0 1 0 1 1 0 0 0 0
 0 1 0 1 0 0 1 0 0 1 0 0 1 0 0 0 0 1 0 0 1 0 1 1 0 1 1 1 0 0 0 0 1 0 0 0 0
 0 0 0 0 0 0 1 1 0 0 0 0 0 0 1 1 1 0 0 0 0 1 1 1 0 0 0 0 0 0 1 0 0 0 0 0 1]",77
1541,4,gad7,9,PCA,kNN,1,0.43564356435643564,0.4864864864864865,22,32,27,30,"[0 1 0 0 1 0 0 1 1 1 0 0 0 1 0 1 0 0 1 0 0 0 1 1 0 0 1 0 0 0 1 1 1 0 0 1 0
 1 1 1 0 1 0 0 0 1 0 0 0 1 1 1 0 0 1 1 1 1 1 1 1 0 0 1 0 1 1 0 0 0 1 0 0 0
 1 1 1 0 0 0 0 1 0 0 1 1 0 0 0 0 1 0 1 0 0 0 0 1 0 0 1 1 0 0 1 0 0 1 0 1 1]",77
1542,4,gad7,9,PCA,RF,1,0.4,0.4864864864864865,19,35,24,33,"[1 0 0 0 1 0 0 0 0 1 1 0 0 1 0 1 0 0 1 0 0 0 1 1 1 0 1 0 0 0 1 1 0 0 1 1 0
 1 1 1 0 0 0 0 0 1 0 0 1 0 1 1 0 0 0 1 0 0 1 0 0 0 0 1 0 1 1 0 0 0 1 0 0 1
 1 0 0 0 0 0 0 1 0 0 1 1 1 0 1 0 1 0 1 0 0 0 1 1 0 0 0 0 0 0 0 0 0 1 1 1 1]",77
1543,4,gad7,9,PCA,LR,1,0.48387096774193544,0.42342342342342343,30,17,42,22,"[0 1 1 1 0 1 1 1 1 0 0 0 1 0 0 1 1 1 1 0 0 1 1 0 1 1 0 0 0 1 1 1 1 1 1 1 1
 1 1 0 1 1 1 1 1 1 1 0 0 1 1 0 0 0 1 0 1 1 0 1 1 1 1 1 1 1 1 1 1 1 0 0 0 1
 1 0 1 0 0 0 1 1 0 1 1 1 0 1 1 1 1 0 1 0 1 1 1 1 1 0 1 1 0 0 1 0 0 0 0 1 1]",77
1544,4,gad7,9,PCA,XG,1,0.40816326530612246,0.4774774774774775,20,33,26,32,"[1 0 0 1 1 0 0 0 0 1 0 0 0 1 0 1 0 0 1 0 0 0 1 1 1 0 1 0 0 0 1 1 0 0 0 1 0
 1 1 1 0 0 0 0 0 1 0 0 1 0 1 1 0 0 1 1 0 1 1 0 0 0 0 1 0 1 1 0 0 0 1 0 0 1
 1 0 1 0 0 0 0 1 0 0 1 1 0 0 1 0 1 0 1 0 0 0 1 1 0 0 1 1 0 0 0 0 0 1 1 1 1]",77
1545,4,gad7,9,PCA,SVC,2,0.37499999999999994,0.5495495495495496,15,46,13,37,"[0 0 0 1 1 0 0 0 1 0 0 0 1 0 0 0 1 1 0 0 0 1 0 0 0 0 0 0 0 0 0 0 1 0 0 0 0
 0 0 0 0 0 1 1 0 0 0 0 0 0 0 0 1 1 0 0 0 1 0 0 0 0 0 1 0 0 0 0 0 0 0 0 0 0
 0 0 0 0 0 0 1 1 0 1 1 0 0 1 0 0 0 0 1 0 0 1 1 0 0 1 1 1 0 0 1 0 0 0 1 1 0]",77
1546,4,gad7,9,PCA,kNN,2,0.4158415841584159,0.46846846846846846,21,31,28,31,"[0 0 1 1 1 0 0 0 0 0 0 0 1 1 0 1 1 1 0 0 0 0 1 1 0 0 1 0 1 0 1 0 1 1 0 1 0
 1 0 1 0 1 0 0 1 0 0 0 0 0 0 1 1 1 1 1 1 1 0 0 1 1 1 1 0 1 1 0 1 0 0 0 0 0
 0 0 1 1 0 0 1 1 0 0 1 0 0 1 0 1 0 0 1 0 0 1 1 0 0 1 1 1 0 0 1 0 0 0 1 0 0]",77
1547,4,gad7,9,PCA,RF,2,0.3838383838383838,0.45045045045045046,19,31,28,33,"[0 0 1 1 1 0 0 0 0 1 0 0 0 0 0 1 1 0 1 0 0 0 1 1 0 0 1 0 0 0 1 0 1 0 0 1 0
 1 0 1 0 0 0 0 1 0 0 0 1 0 1 1 1 1 1 1 0 0 0 0 1 0 1 0 0 1 1 0 0 1 1 1 1 0
 0 1 1 0 1 0 0 1 0 0 1 0 1 1 1 1 0 0 1 0 0 0 1 0 0 1 1 0 0 1 0 0 0 1 1 0 0]",77
1548,4,gad7,9,PCA,LR,2,0.46153846153846156,0.5585585585585585,21,41,18,31,"[0 0 0 1 1 0 0 1 1 0 0 0 1 0 0 0 1 1 0 0 0 1 0 0 0 1 0 0 0 0 0 0 1 0 0 0 0
 0 0 0 0 0 1 1 0 1 0 0 0 0 0 0 1 1 1 0 0 1 0 0 0 0 0 1 0 0 0 1 0 0 0 1 0 1
 0 0 0 0 1 0 1 1 0 1 1 1 0 1 0 0 0 0 1 0 1 1 1 1 0 1 1 1 0 0 1 0 0 0 1 1 0]",77
1549,4,gad7,9,PCA,XG,2,0.4313725490196078,0.4774774774774775,22,31,28,30,"[0 0 1 1 1 0 0 1 0 1 0 0 0 1 0 1 1 0 1 0 0 0 1 1 0 1 1 0 0 0 1 0 1 0 0 1 0
 1 0 1 0 0 0 0 0 0 0 0 0 0 1 1 1 1 1 1 0 1 0 0 1 0 1 1 0 1 1 0 0 1 1 1 1 1
 0 1 1 0 1 0 0 1 1 0 1 0 1 1 0 1 0 0 1 0 0 0 1 0 0 1 0 0 0 1 0 0 0 1 1 0 0]",77
1550,4,gad7,9,PCA,SVC,3,0.4,0.5675675675675675,16,47,12,36,"[0 0 0 1 1 0 0 0 1 0 0 0 1 0 0 0 1 1 0 0 0 0 0 0 0 1 0 0 0 0 0 0 1 0 0 0 0
 0 0 0 0 0 1 1 0 0 0 0 0 0 0 0 1 1 0 0 0 1 0 0 0 0 0 1 0 0 0 0 0 0 0 0 0 0
 0 0 0 0 0 0 1 1 0 0 1 0 0 1 0 0 0 0 1 0 0 1 1 1 0 1 1 1 0 0 1 0 0 0 1 1 0]",77
1551,4,gad7,9,PCA,kNN,3,0.5333333333333333,0.5585585585585585,28,34,25,24,"[1 0 0 1 1 1 0 0 1 0 0 0 1 0 0 1 1 1 0 0 0 0 1 0 0 1 1 0 1 0 1 0 1 0 0 0 0
 1 0 1 0 1 1 0 0 0 0 0 1 0 0 1 1 1 1 1 1 1 0 1 0 1 1 1 1 0 1 0 1 1 0 0 1 0
 0 0 1 1 0 0 1 1 0 0 1 0 0 1 1 1 1 0 1 0 0 1 1 1 0 1 1 0 0 0 1 0 0 0 1 0 0]",77
1552,4,gad7,9,PCA,RF,3,0.44897959183673475,0.5135135135135135,22,35,24,30,"[1 0 0 1 1 0 0 0 0 1 0 0 0 1 0 1 0 1 1 0 0 0 1 1 0 0 1 0 0 0 0 0 0 0 0 1 0
 1 0 1 0 0 0 1 0 0 0 0 1 1 1 1 1 0 1 0 0 1 1 1 1 0 1 0 0 1 1 0 0 1 1 0 1 0
 0 0 1 0 1 0 0 1 0 0 0 0 1 1 0 1 0 0 1 0 0 0 1 1 0 1 1 0 0 1 0 0 0 1 1 0 1]",77
1553,4,gad7,9,PCA,LR,3,0.4693877551020408,0.5315315315315315,23,36,23,29,"[0 0 0 1 1 0 1 1 1 0 0 0 1 0 0 0 1 1 1 0 0 1 0 0 0 1 0 0 0 1 0 1 1 0 0 0 0
 0 0 0 0 0 1 1 0 1 0 0 0 0 0 0 1 1 1 0 0 1 0 0 0 0 0 1 1 0 0 1 0 0 0 1 0 1
 0 0 0 0 1 0 1 1 0 1 1 1 0 1 0 1 1 0 1 0 1 1 1 1 0 1 1 1 0 0 1 0 0 0 1 1 0]",77
1554,4,gad7,9,PCA,XG,3,0.40816326530612246,0.4774774774774775,20,33,26,32,"[1 0 0 1 1 0 0 0 0 1 0 0 0 1 0 1 0 1 1 0 0 0 1 1 0 1 1 0 0 0 1 0 1 0 0 1 0
 1 1 1 0 0 0 1 0 0 0 0 1 1 1 1 1 0 1 0 0 1 0 1 0 0 1 0 0 1 1 0 0 1 1 0 1 0
 0 0 1 0 1 0 0 1 0 0 0 0 1 0 1 1 0 0 1 0 0 0 0 0 0 1 1 1 0 1 0 0 0 1 1 0 0]",77
1555,4,gad7,9,PCA,SVC,4,0.35000000000000003,0.5315315315315315,14,45,14,38,"[1 0 0 1 1 0 0 0 1 0 0 0 1 0 0 0 1 0 0 0 0 0 0 0 0 1 0 0 0 0 1 0 1 0 0 1 0
 0 0 0 0 0 1 1 0 0 0 0 1 0 0 0 1 1 0 0 0 1 0 0 1 0 0 1 0 1 0 0 1 0 0 0 0 0
 0 0 0 0 0 0 1 1 0 0 0 0 0 1 0 0 0 0 1 0 0 0 1 0 0 1 0 0 0 0 1 0 0 0 1 0 0]",77
1556,4,gad7,9,PCA,kNN,4,0.5102040816326531,0.5675675675675675,25,38,21,27,"[0 0 0 1 1 0 0 1 1 0 0 0 1 1 0 0 0 1 0 0 0 0 0 0 0 0 1 0 1 0 1 0 1 0 0 1 0
 1 0 1 1 0 1 1 0 1 0 0 1 0 0 1 1 1 1 1 0 1 0 0 1 1 0 1 1 1 1 0 1 0 0 0 1 0
 1 0 0 1 0 0 0 0 0 0 1 0 0 1 0 1 0 0 1 0 0 1 0 1 1 1 1 0 0 0 0 0 0 0 1 1 0]",77
1557,4,gad7,9,PCA,RF,4,0.46601941747572817,0.5045045045045045,24,32,27,28,"[1 0 1 1 1 0 0 0 1 1 0 1 0 1 0 1 0 1 1 0 0 0 0 1 0 1 1 0 1 0 1 0 1 0 0 1 0
 1 0 1 1 0 0 1 0 1 0 0 1 0 0 1 1 1 0 0 0 0 1 1 1 0 0 0 0 1 0 0 1 0 1 0 1 0
 0 1 1 0 1 0 1 1 0 0 0 0 1 1 1 0 0 0 1 0 1 0 0 1 0 1 1 0 0 1 1 0 0 1 1 0 0]",77
1558,4,gad7,9,PCA,LR,4,0.4693877551020408,0.5315315315315315,23,36,23,29,"[0 0 0 1 1 0 1 1 1 0 0 0 1 0 0 0 1 1 1 0 0 1 0 0 0 1 0 0 0 1 0 1 1 0 0 0 0
 0 0 0 0 0 1 1 0 1 0 0 0 0 0 0 1 1 1 0 0 1 0 0 0 0 0 1 1 0 0 1 0 0 0 1 0 1
 0 0 0 0 1 0 1 1 0 1 1 1 0 1 0 1 1 0 1 0 1 1 1 1 0 1 1 1 0 0 1 0 0 0 1 1 0]",77
1559,4,gad7,9,PCA,XG,4,0.4554455445544554,0.5045045045045045,23,33,26,29,"[1 0 1 1 1 0 0 0 0 1 0 0 0 1 0 1 0 1 1 0 0 0 1 1 0 1 1 0 1 0 1 0 1 0 0 1 0
 1 1 1 1 0 0 0 0 1 0 0 1 1 0 1 1 1 0 0 0 0 1 0 1 0 0 0 0 1 0 0 0 0 1 1 1 0
 1 0 1 0 1 0 0 0 0 0 0 1 1 1 1 0 0 0 1 0 1 0 0 0 0 1 1 1 0 1 0 0 0 1 1 1 0]",77
1560,4,gad7,9,PCA,SVC,1,0.4946236559139785,0.5765765765765766,23,41,18,29,"[0 1 0 0 1 1 1 0 1 1 0 0 0 0 0 1 0 0 1 0 1 0 0 0 0 0 1 0 0 0 0 1 0 0 0 1 0
 1 1 0 1 0 1 1 0 1 1 1 0 0 1 0 0 0 1 0 1 0 1 0 1 0 0 0 0 1 1 1 0 0 1 0 0 0
 0 0 0 0 1 0 1 1 0 1 1 0 0 0 1 0 1 0 1 0 0 0 0 1 0 0 0 0 0 0 0 0 1 0 1 0 1]",78
1561,4,gad7,9,PCA,kNN,1,0.39603960396039606,0.45045045045045046,20,30,29,32,"[0 0 0 0 1 1 1 0 0 0 1 1 0 1 1 1 0 0 0 1 1 1 1 0 1 1 0 1 1 0 0 1 1 0 1 0 0
 1 1 0 0 1 0 1 0 0 1 1 0 1 0 0 0 0 1 0 0 0 1 0 1 0 0 0 1 1 1 0 0 0 1 1 0 0
 0 0 1 0 0 1 1 1 0 1 1 0 1 1 0 0 1 0 1 0 1 0 0 1 0 1 0 0 0 0 0 0 1 0 1 0 0]",78
1562,4,gad7,9,PCA,RF,1,0.29629629629629634,0.4864864864864865,12,42,17,40,"[1 1 0 0 0 0 1 0 0 0 1 1 1 1 0 0 0 0 0 0 0 1 0 0 0 1 0 1 0 0 0 1 0 0 0 1 0
 1 1 0 0 0 0 1 1 1 1 0 0 1 0 0 0 0 1 0 0 0 0 0 0 0 0 1 0 0 1 0 0 0 1 1 0 0
 0 0 0 0 0 1 0 1 0 1 0 0 0 0 0 0 0 0 0 0 0 0 0 0 0 0 1 0 1 0 0 0 0 0 0 0 0]",78
1563,4,gad7,9,PCA,LR,1,0.441860465116279,0.5675675675675675,19,44,15,33,"[0 1 0 0 1 1 1 0 1 0 1 0 0 0 0 1 0 0 1 0 1 0 0 0 0 0 1 0 0 0 0 1 0 0 0 1 0
 0 1 0 1 0 1 0 0 1 1 1 0 0 0 0 0 0 1 0 0 0 1 0 0 0 0 0 0 1 1 1 0 0 0 0 0 0
 0 0 0 0 1 0 1 0 0 1 1 0 0 0 1 0 1 0 1 0 0 0 0 0 0 0 1 0 0 0 0 0 1 0 1 0 1]",78
1564,4,gad7,9,PCA,XG,1,0.3132530120481927,0.4864864864864865,13,41,18,39,"[1 1 0 0 0 0 1 0 0 0 1 1 0 1 0 0 0 0 0 0 1 1 0 0 0 1 0 1 0 0 0 1 0 0 0 1 0
 1 1 0 0 0 0 1 1 0 1 1 0 1 0 0 0 0 1 0 0 0 1 0 0 0 0 1 0 0 1 0 0 0 1 1 0 0
 0 0 0 0 0 1 0 1 0 1 0 0 0 1 0 0 0 0 0 0 0 0 0 0 0 0 1 0 1 0 0 0 0 0 0 0 0]",78
1565,4,gad7,9,PCA,SVC,2,0.5454545454545454,0.5495495495495496,30,31,28,22,"[0 1 0 1 1 1 1 1 1 1 0 0 0 1 0 1 0 0 1 0 1 0 0 0 0 0 1 1 0 0 0 1 0 0 1 1 1
 1 1 0 1 1 1 1 1 1 1 1 0 0 1 0 1 0 1 1 1 0 1 0 1 0 0 0 0 0 1 1 0 0 1 0 0 0
 1 1 1 0 1 0 1 1 1 1 0 0 1 0 0 1 1 0 1 0 0 0 1 0 1 0 0 0 0 0 1 1 1 0 1 1 1]",78
1566,4,gad7,9,PCA,kNN,2,0.5048543689320388,0.5405405405405406,26,34,25,26,"[0 0 1 1 1 0 1 0 0 1 1 1 1 1 1 0 0 0 0 1 1 0 1 0 0 0 0 0 0 0 0 1 0 0 0 1 1
 0 1 0 0 1 0 1 1 0 1 1 1 0 1 0 1 1 0 1 0 0 1 0 1 0 0 0 1 0 1 0 1 1 1 1 0 0
 0 1 0 0 1 0 0 1 0 1 0 0 1 0 1 0 0 0 1 0 1 0 1 0 1 0 0 1 0 0 1 0 1 1 1 0 1]",78
1567,4,gad7,9,PCA,RF,2,0.441860465116279,0.5675675675675675,19,44,15,33,"[1 1 0 0 0 0 1 1 0 0 0 1 0 1 1 0 0 0 0 0 0 0 1 0 0 0 0 1 0 0 0 1 0 0 0 1 1
 1 1 0 0 0 0 1 1 0 1 1 0 0 1 0 0 0 1 1 0 0 0 0 0 0 0 0 0 1 1 0 0 0 1 0 0 0
 0 1 0 0 0 0 0 1 0 1 0 0 0 0 0 0 0 0 0 0 0 0 1 0 1 0 1 0 0 0 1 1 1 0 0 0 1]",78
1568,4,gad7,9,PCA,LR,2,0.5321100917431193,0.5405405405405406,29,31,28,23,"[0 0 0 1 1 1 1 1 1 1 0 0 0 1 0 1 0 0 0 0 1 0 0 0 0 0 1 1 0 0 0 1 0 0 1 1 1
 1 1 0 1 1 1 1 1 1 1 1 0 0 1 0 1 0 1 1 1 0 1 0 1 0 0 0 0 1 1 1 0 0 1 0 0 0
 1 1 1 0 1 0 1 1 1 1 1 0 1 0 1 1 1 0 0 0 0 0 1 0 1 0 0 0 0 0 1 1 1 0 1 1 0]",78
1569,4,gad7,9,PCA,XG,2,0.3409090909090909,0.4774774774774775,15,38,21,37,"[1 1 0 0 0 0 0 0 0 1 1 1 1 1 0 0 0 0 0 1 0 1 1 0 0 0 0 1 0 0 0 1 0 0 0 1 1
 1 1 0 0 0 0 1 0 1 1 1 0 0 0 0 0 0 1 1 0 0 1 0 0 0 0 0 0 0 1 0 0 0 1 0 0 0
 0 1 0 0 0 0 0 1 0 1 0 0 0 0 0 0 0 0 1 0 0 0 1 0 1 0 1 0 0 0 1 0 1 0 1 0 1]",78
1570,4,gad7,9,PCA,SVC,3,0.5233644859813084,0.5405405405405406,28,32,27,24,"[0 0 0 1 1 1 1 1 1 1 0 0 0 1 0 1 0 0 0 0 1 0 0 0 0 0 1 1 0 0 0 1 0 0 1 1 1
 1 1 0 1 1 1 1 1 1 1 1 0 0 1 0 1 0 1 1 1 0 1 0 1 0 0 0 0 0 1 1 0 0 1 0 0 0
 1 1 1 0 1 0 1 1 1 1 0 0 1 0 0 1 1 0 1 0 0 0 1 0 1 0 0 0 0 0 1 1 1 0 1 1 0]",78
1571,4,gad7,9,PCA,kNN,3,0.4230769230769231,0.4594594594594595,22,29,30,30,"[0 0 1 1 1 0 0 0 1 0 0 1 1 1 1 0 1 0 1 1 0 0 1 0 0 1 0 1 1 1 0 1 1 0 1 0 1
 0 1 0 1 1 1 0 1 1 1 1 0 0 1 0 1 0 0 1 0 0 1 0 0 0 0 0 1 0 1 0 0 0 1 0 0 0
 0 1 1 0 0 0 0 1 0 1 0 0 0 0 1 0 0 1 1 0 0 0 1 0 1 1 1 1 0 0 1 1 1 0 1 0 1]",78
1572,4,gad7,9,PCA,RF,3,0.36170212765957444,0.4594594594594595,17,34,25,35,"[0 0 1 0 0 0 0 0 0 1 0 1 0 1 0 0 1 0 0 1 0 0 1 0 0 1 0 1 1 1 0 1 1 0 1 1 1
 1 1 0 0 0 0 1 1 1 1 1 0 0 1 0 1 0 0 1 1 0 1 0 0 0 0 0 0 1 1 0 0 0 1 0 0 0
 0 1 0 0 0 0 0 1 0 1 0 0 0 0 0 0 0 0 1 0 0 0 1 0 1 0 1 0 0 0 1 1 1 0 0 0 1]",78
1573,4,gad7,9,PCA,LR,3,0.5046728971962617,0.5225225225225225,27,31,28,25,"[0 0 0 1 0 1 1 1 1 1 0 0 0 1 0 1 0 0 0 0 1 0 0 0 0 0 1 1 0 0 0 1 0 0 1 1 1
 1 1 0 1 1 1 1 1 1 1 1 0 0 1 0 1 0 1 1 1 0 1 0 1 0 0 0 0 1 1 1 0 0 1 0 0 0
 1 1 1 0 1 0 1 1 1 1 1 0 1 0 1 1 1 0 0 0 0 0 1 0 1 0 0 0 0 0 1 1 0 0 1 1 0]",78
1574,4,gad7,9,PCA,XG,3,0.37777777777777777,0.4954954954954955,17,38,21,35,"[1 0 0 0 0 0 0 0 1 0 0 1 0 1 0 0 1 0 0 0 0 0 0 0 0 1 0 0 1 1 0 1 1 0 1 1 1
 1 1 0 0 0 0 1 1 1 1 1 0 0 0 0 1 0 0 1 0 0 1 0 0 0 0 0 1 0 1 0 0 0 1 0 0 0
 0 1 0 0 0 0 0 1 1 1 1 0 0 0 0 0 0 0 1 0 0 0 1 0 0 0 1 0 0 0 1 1 1 0 1 0 0]",78
1575,4,gad7,9,PCA,SVC,4,0.5048543689320388,0.5405405405405406,26,34,25,26,"[0 0 0 1 1 0 1 1 1 1 0 0 0 1 0 0 0 0 0 0 1 0 0 0 0 0 1 1 0 0 0 1 0 0 1 1 1
 1 1 0 1 1 1 1 1 1 1 1 0 0 1 0 1 0 1 1 1 0 1 0 1 0 0 0 0 0 1 1 0 0 1 0 0 0
 1 1 1 0 1 0 0 1 1 1 0 0 1 0 0 1 0 0 1 0 0 0 1 0 1 0 0 0 0 0 1 1 1 0 1 1 0]",78
1576,4,gad7,9,PCA,kNN,4,0.4742268041237113,0.5405405405405406,23,37,22,29,"[0 0 0 1 1 1 0 0 0 0 0 1 0 1 1 1 0 0 0 0 0 0 1 0 0 0 0 1 1 1 0 1 1 0 1 0 1
 0 1 0 1 1 0 0 0 0 1 1 0 0 1 0 1 1 1 1 0 1 0 0 1 0 1 0 0 0 0 0 0 0 0 0 0 0
 0 1 1 0 1 0 1 1 0 1 1 0 0 0 0 0 1 0 1 0 0 0 1 0 1 0 1 0 1 0 0 1 1 0 0 1 1]",78
1577,4,gad7,9,PCA,RF,4,0.39560439560439564,0.5045045045045045,18,38,21,34,"[0 1 0 0 1 0 0 0 1 0 0 1 0 1 1 0 0 0 0 1 0 0 1 0 0 0 0 1 1 1 0 1 1 0 0 1 1
 0 1 0 0 1 0 1 1 0 1 1 0 0 1 0 1 0 0 1 0 0 1 0 1 0 1 0 0 1 0 0 0 0 0 0 0 0
 0 1 0 0 0 0 0 1 0 1 0 0 0 0 0 0 0 0 1 0 0 0 1 0 1 0 1 0 0 1 0 1 1 0 0 0 1]",78
1578,4,gad7,9,PCA,LR,4,0.509433962264151,0.5315315315315315,27,32,27,25,"[0 0 0 1 1 0 1 1 1 1 0 0 0 1 0 0 0 0 0 1 1 0 0 0 0 0 1 1 0 0 0 1 0 0 1 1 1
 1 1 0 1 1 1 1 1 1 1 1 0 0 1 0 1 0 1 1 1 0 1 0 1 0 0 0 0 1 1 1 0 0 1 0 0 0
 1 1 1 0 1 0 0 1 1 1 1 0 1 0 1 1 0 0 0 0 0 0 1 0 1 0 0 0 0 0 1 1 1 0 1 1 0]",78
1579,4,gad7,9,PCA,XG,4,0.3820224719101124,0.5045045045045045,17,39,20,35,"[0 0 0 0 0 0 0 0 1 0 0 1 0 1 1 0 0 0 0 1 0 0 1 0 0 0 0 0 1 1 0 1 1 0 0 1 1
 0 1 0 0 1 0 1 1 1 1 1 0 0 1 0 0 0 0 1 0 0 1 0 1 0 1 0 1 0 0 0 0 0 0 0 0 0
 0 1 1 0 0 0 0 1 0 1 0 0 0 0 0 0 0 0 1 0 0 0 0 0 1 1 1 0 0 0 0 1 1 0 1 0 1]",78
1580,4,gad7,9,PCA,SVC,1,0.5185185185185185,0.4144144144144144,35,11,48,17,"[1 1 1 1 1 1 1 1 0 0 1 0 1 1 1 0 1 0 1 1 1 1 0 1 1 1 1 1 1 1 1 1 1 0 1 0 0
 1 1 1 1 1 1 0 1 1 0 0 1 1 1 0 1 0 0 1 1 1 1 1 1 1 1 0 1 1 1 1 1 1 0 0 1 1
 1 1 1 1 1 0 0 1 1 1 1 1 1 1 1 0 1 0 0 1 1 0 1 0 1 1 1 1 1 1 1 1 1 0 1 0 0]",79
1581,4,gad7,9,PCA,kNN,1,0.40860215053763443,0.5045045045045045,19,37,22,33,"[0 0 0 1 0 1 0 0 0 0 0 1 0 1 0 0 0 0 0 0 0 0 0 1 0 0 0 0 0 1 0 1 0 0 1 0 1
 0 1 0 0 1 0 0 0 0 0 0 1 1 1 0 0 0 0 1 1 1 1 1 1 1 0 1 1 1 0 1 1 1 1 0 1 0
 1 1 0 1 0 0 0 0 0 0 0 0 0 0 0 0 0 0 0 0 0 0 0 0 0 1 0 1 1 0 1 1 1 1 1 0 1]",79
1582,4,gad7,9,PCA,RF,1,0.4044943820224719,0.5225225225225225,18,40,19,34,"[0 0 0 0 0 0 1 0 1 0 0 0 0 1 0 0 1 0 1 0 0 0 0 1 0 0 0 0 0 1 0 1 0 0 1 0 0
 0 1 1 0 1 0 0 0 0 0 1 0 1 1 0 0 0 0 1 1 1 1 0 1 0 0 0 1 1 0 1 1 0 0 1 1 0
 0 0 1 1 0 0 0 0 0 0 0 0 1 0 0 0 0 0 0 0 1 0 0 0 0 1 0 1 0 1 0 0 0 1 1 1 1]",79
1583,4,gad7,9,PCA,LR,1,0.5196850393700788,0.45045045045045046,33,17,42,19,"[1 1 1 1 1 1 1 1 0 0 1 0 1 1 1 0 1 0 1 0 1 1 0 1 1 1 1 1 1 1 1 1 1 0 1 0 0
 1 1 1 1 1 1 0 0 1 0 0 1 1 1 0 1 0 0 1 1 1 1 1 1 1 1 0 1 1 1 0 0 0 0 0 1 1
 1 1 1 1 1 0 0 1 1 1 1 1 0 1 1 0 1 0 0 1 1 0 1 0 1 1 1 0 1 1 0 1 1 0 1 0 0]",79
1584,4,gad7,9,PCA,XG,1,0.3636363636363637,0.4954954954954955,16,39,20,36,"[0 0 0 0 0 0 0 0 0 0 0 0 0 1 0 0 1 0 1 0 0 0 0 1 0 0 0 0 0 1 0 1 0 0 1 0 0
 0 1 1 0 1 0 0 0 0 0 1 1 1 1 0 0 0 0 1 1 1 1 0 1 0 0 0 1 1 0 1 1 1 0 1 1 0
 1 0 0 1 0 0 0 0 0 0 0 0 1 0 0 0 0 0 0 0 1 0 0 0 0 1 0 1 0 1 1 1 0 0 1 0 0]",79
1585,4,gad7,9,PCA,SVC,2,0.3703703703703704,0.5405405405405406,15,45,14,37,"[0 0 1 1 0 1 1 0 0 0 1 0 1 1 0 0 0 0 1 0 0 1 0 0 0 0 0 0 0 0 0 1 0 0 0 0 0
 1 0 0 1 0 1 0 1 0 0 0 1 1 0 0 1 0 0 0 1 1 0 0 0 0 0 0 0 0 1 0 0 0 0 0 0 0
 0 1 0 0 0 0 0 0 0 1 0 1 0 0 0 0 0 0 0 0 0 0 1 0 0 0 1 0 1 0 0 1 1 0 0 1 0]",79
1586,4,gad7,9,PCA,kNN,2,0.43298969072164945,0.5045045045045045,21,35,24,31,"[1 0 0 1 0 1 0 0 0 0 0 1 1 1 0 0 0 0 1 1 0 0 0 1 0 0 1 0 0 0 1 1 0 1 1 0 0
 1 0 0 0 0 1 0 1 0 0 0 1 1 1 0 0 0 0 0 1 1 0 1 1 0 0 0 1 0 1 1 1 1 1 0 0 1
 0 1 1 0 1 0 0 0 1 0 1 0 0 0 0 0 0 0 0 1 0 1 0 0 0 1 1 0 0 0 1 1 1 0 1 1 0]",79
1587,4,gad7,9,PCA,RF,2,0.4301075268817205,0.5225225225225225,20,38,21,32,"[1 0 0 1 0 1 0 1 0 0 0 0 1 1 0 0 1 0 1 1 0 0 0 0 0 0 0 0 0 0 0 1 1 0 1 0 1
 1 0 0 0 0 1 0 1 0 0 0 0 1 1 0 0 0 0 0 1 1 0 1 1 0 0 0 1 0 1 1 1 1 1 0 1 1
 0 1 0 0 1 0 0 0 0 0 0 0 0 1 0 0 0 0 0 1 0 0 0 0 0 0 1 0 0 0 1 1 0 1 1 1 1]",79
1588,4,gad7,9,PCA,LR,2,0.36585365853658536,0.5315315315315315,15,44,15,37,"[0 0 1 1 0 1 1 0 0 0 1 0 1 1 0 0 0 0 1 0 0 1 0 0 0 0 0 0 0 0 0 1 0 0 0 0 0
 1 0 0 1 0 1 0 1 0 0 0 1 1 0 0 1 0 0 0 1 1 0 0 0 0 0 0 0 0 1 0 0 0 0 0 0 0
 0 1 0 0 0 0 0 0 0 1 0 1 0 0 0 0 0 0 0 0 0 1 1 0 0 0 1 0 1 0 0 1 1 0 0 1 0]",79
1589,4,gad7,9,PCA,XG,2,0.3908045977011494,0.5225225225225225,17,41,18,35,"[1 0 0 1 0 1 0 0 0 0 0 0 1 1 0 0 1 0 1 1 0 0 0 0 0 0 0 0 0 0 1 1 0 0 0 0 0
 1 0 0 0 0 1 0 1 0 0 0 1 1 0 0 0 0 0 0 1 1 0 0 1 0 0 0 1 0 1 1 0 1 1 0 1 1
 0 1 0 0 1 0 0 0 0 0 0 0 0 0 0 0 0 0 1 0 0 0 0 0 0 0 1 0 0 0 1 1 0 1 1 1 1]",79
1590,4,gad7,9,PCA,SVC,3,0.39560439560439564,0.5045045045045045,18,38,21,34,"[0 0 1 1 0 1 1 0 0 0 1 1 1 1 0 0 0 0 1 0 0 1 0 0 0 0 0 0 0 0 0 1 0 1 0 0 0
 1 0 1 1 0 1 0 1 0 0 0 1 1 0 0 1 0 0 0 1 1 0 0 0 0 1 0 0 0 1 1 1 0 1 0 0 0
 0 1 0 0 0 0 0 0 0 1 0 1 1 0 0 0 0 0 0 0 0 1 1 0 0 0 1 0 1 1 0 1 1 0 0 1 0]",79
1591,4,gad7,9,PCA,kNN,3,0.4752475247524753,0.5225225225225225,24,34,25,28,"[1 0 0 1 0 1 1 1 0 0 0 1 1 1 1 0 0 0 0 0 0 1 0 0 1 0 1 0 0 0 1 1 1 1 0 0 0
 1 0 0 0 0 1 0 1 0 0 0 1 1 1 0 0 0 0 0 1 1 0 1 0 0 1 0 1 0 1 1 1 1 1 0 0 1
 0 1 0 1 1 0 0 0 1 0 1 0 0 1 0 0 0 0 0 1 0 1 0 0 0 1 1 0 1 0 1 1 1 0 1 1 0]",79
1592,4,gad7,9,PCA,RF,3,0.4421052631578947,0.5225225225225225,21,37,22,31,"[1 0 0 1 0 1 0 1 0 0 1 1 1 1 0 0 0 0 1 0 0 0 0 0 0 0 1 0 0 0 0 1 1 0 0 0 1
 1 0 0 0 0 1 0 1 0 0 0 1 1 1 0 1 0 0 0 0 1 0 1 1 0 0 0 1 0 1 1 1 1 1 0 0 1
 0 1 0 0 1 0 0 0 0 1 0 0 0 1 0 0 0 0 0 1 0 0 0 0 0 0 1 0 0 1 1 1 1 1 1 1 0]",79
1593,4,gad7,9,PCA,LR,3,0.4285714285714286,0.4954954954954955,21,34,25,31,"[0 0 1 1 0 1 1 1 0 0 1 0 1 1 0 0 0 0 1 0 0 1 0 1 0 0 1 0 0 0 1 1 1 0 0 0 0
 1 0 1 1 0 1 0 1 0 0 0 1 1 1 0 1 0 0 0 1 1 0 0 0 1 1 0 0 1 1 0 0 0 1 0 0 0
 1 1 0 0 0 0 0 0 0 1 0 1 0 1 0 0 0 0 0 1 1 1 1 0 0 0 1 0 1 1 0 1 1 0 0 1 0]",79
1594,4,gad7,9,PCA,XG,3,0.44680851063829785,0.5315315315315315,21,38,21,31,"[1 0 0 0 0 1 0 1 0 0 1 1 1 1 0 0 0 0 1 1 0 0 0 0 0 0 1 0 0 0 0 1 0 0 0 0 1
 1 0 0 0 0 1 0 1 0 0 0 1 1 1 0 1 0 0 0 1 1 0 1 1 0 0 0 1 0 0 1 0 1 1 0 0 1
 0 1 0 0 1 0 0 0 0 0 0 1 1 1 0 0 0 0 0 1 0 0 0 0 0 0 1 0 0 0 1 1 1 1 1 1 1]",79
1595,4,gad7,9,PCA,SVC,4,0.40425531914893614,0.4954954954954955,19,36,23,33,"[0 0 1 1 0 1 1 0 0 0 1 1 1 1 0 0 0 0 1 1 0 1 1 0 0 0 0 0 0 0 0 1 0 1 0 0 0
 1 0 1 1 0 1 0 1 0 0 0 1 1 0 0 1 0 0 0 1 1 0 0 0 0 0 0 0 0 1 1 0 1 0 0 0 0
 0 1 0 0 0 0 0 0 0 1 0 1 1 0 0 1 0 0 0 0 0 1 1 0 0 0 1 0 1 1 1 1 1 0 1 1 0]",79
1596,4,gad7,9,PCA,kNN,4,0.4509803921568628,0.4954954954954955,23,32,27,29,"[0 0 0 0 0 1 1 1 0 0 0 1 1 1 0 0 1 0 0 0 0 1 0 1 0 0 1 1 0 0 1 1 0 1 1 0 0
 1 0 1 0 0 1 0 1 0 0 0 1 1 1 0 1 0 0 1 1 1 0 0 0 0 0 1 1 0 0 0 0 1 1 0 0 0
 0 1 0 0 1 0 0 0 1 0 1 1 1 1 1 0 0 0 1 1 0 1 0 0 0 1 1 0 1 1 1 1 1 0 1 1 0]",79
1597,4,gad7,9,PCA,RF,4,0.46153846153846156,0.5585585585585585,21,41,18,31,"[0 0 0 1 0 1 0 1 0 0 1 0 1 1 0 0 0 0 1 1 0 0 0 0 0 0 1 0 0 0 0 1 1 0 1 0 1
 0 0 1 0 0 1 0 1 0 0 0 0 1 1 0 0 0 0 0 1 1 0 0 0 0 0 0 1 0 0 1 0 1 1 0 0 1
 0 1 0 0 1 0 0 0 1 1 0 0 0 1 0 0 0 0 1 1 0 0 0 0 0 0 1 0 0 1 1 1 1 0 1 1 0]",79
1598,4,gad7,9,PCA,LR,4,0.4485981308411215,0.46846846846846846,24,28,31,28,"[0 1 1 1 0 1 1 0 0 0 1 1 1 1 0 0 1 0 1 0 1 1 0 0 0 0 1 0 0 0 0 1 0 0 1 0 1
 1 1 1 1 1 0 0 1 1 0 0 1 1 1 0 1 0 0 1 0 1 1 0 1 0 0 0 1 0 1 0 0 1 0 0 1 0
 0 1 0 1 0 0 0 1 0 1 1 1 0 1 0 0 0 0 0 0 0 1 1 0 0 1 1 1 1 1 1 1 1 0 1 1 0]",79
1599,4,gad7,9,PCA,XG,4,0.5052631578947369,0.5765765765765766,24,40,19,28,"[1 0 0 0 0 1 0 1 0 0 1 1 1 1 0 0 1 0 1 0 0 0 0 0 0 0 0 0 0 0 0 1 0 0 1 0 1
 1 0 1 0 0 1 0 1 0 0 1 0 1 1 0 1 0 0 0 1 1 0 0 1 0 0 1 1 0 0 1 0 1 1 1 0 1
 0 1 0 0 1 0 0 0 1 0 1 0 0 1 0 0 0 0 1 1 0 0 0 0 0 0 1 0 0 1 1 0 1 0 1 1 0]",79
1600,4,gad7,9,PCA,SVC,1,0.5271317829457364,0.45045045045045046,34,16,43,18,"[1 1 0 1 1 1 1 1 1 1 0 0 1 1 1 1 1 1 0 1 1 1 0 0 1 1 0 1 1 1 1 1 0 1 1 1 1
 1 0 0 1 0 0 0 1 1 1 1 1 1 1 0 1 0 1 0 0 0 1 1 1 1 0 1 0 1 0 1 1 1 1 1 1 1
 1 0 0 1 0 1 0 0 0 1 0 1 1 0 1 1 0 1 1 1 0 1 1 1 1 1 1 1 0 1 1 0 1 1 1 1 0]",80
1601,4,gad7,9,PCA,kNN,1,0.5438596491228069,0.5315315315315315,31,28,31,21,"[0 1 1 0 1 1 1 0 1 1 0 1 0 1 1 0 0 1 1 0 1 0 1 0 1 0 0 1 1 0 0 1 1 0 0 0 1
 0 0 0 1 1 1 1 0 1 1 0 0 1 1 0 1 1 1 1 1 1 0 0 1 1 1 0 1 0 1 0 1 1 0 0 0 1
 0 0 1 0 1 0 1 0 1 1 0 0 0 0 1 1 1 1 1 1 0 1 0 1 0 0 1 1 0 0 0 1 1 1 0 1 1]",80
1602,4,gad7,9,PCA,RF,1,0.5046728971962617,0.5225225225225225,27,31,28,25,"[0 1 0 0 1 1 1 0 1 1 0 1 0 1 1 0 1 1 0 0 1 0 1 1 1 0 0 0 1 0 0 1 1 0 0 0 0
 0 0 1 1 1 1 1 0 1 1 1 0 1 1 1 0 0 1 0 0 0 0 0 1 1 0 1 1 0 0 1 1 1 1 0 0 0
 0 0 1 0 1 1 1 0 0 0 0 0 0 0 0 1 1 1 1 1 0 1 0 1 1 0 0 0 1 0 1 0 1 0 1 1 0]",80
1603,4,gad7,9,PCA,LR,1,0.546875,0.4774774774774775,35,18,41,17,"[1 1 0 1 1 1 1 1 1 1 0 0 1 1 1 1 1 1 0 1 0 1 0 0 1 1 0 1 1 1 1 1 0 1 1 1 1
 1 0 0 1 1 0 0 1 1 1 1 1 1 0 0 1 0 0 1 0 0 1 1 1 1 0 0 0 1 1 1 1 1 1 1 1 1
 1 0 1 1 0 1 0 0 0 1 0 1 1 1 1 1 0 1 1 1 0 1 1 1 1 1 1 0 1 1 1 0 0 1 0 1 0]",80
1604,4,gad7,9,PCA,XG,1,0.509433962264151,0.5315315315315315,27,32,27,25,"[0 1 0 0 1 1 1 0 1 1 0 1 0 1 1 0 1 1 0 0 1 0 1 0 1 0 0 0 1 0 0 1 1 0 0 0 0
 0 0 1 1 1 1 1 0 1 1 1 0 1 1 1 0 0 1 1 0 0 0 0 1 1 0 1 1 0 1 1 1 1 1 0 0 0
 0 0 1 0 1 0 1 0 0 0 0 0 0 0 0 1 1 1 1 1 0 1 0 1 0 0 0 1 1 0 1 0 1 0 0 1 0]",80
1605,4,gad7,9,PCA,SVC,2,0.46153846153846156,0.4954954954954955,24,31,28,28,"[1 0 0 0 1 1 1 0 0 1 0 0 1 1 1 1 0 1 0 1 0 1 0 0 1 1 0 1 0 1 1 1 0 1 1 0 1
 1 0 0 0 0 0 0 1 0 1 0 0 1 0 0 1 0 0 0 0 0 1 1 1 1 0 0 0 1 0 1 1 1 1 0 1 1
 1 0 0 0 0 1 0 0 0 1 0 1 1 0 0 1 0 1 1 1 0 1 1 1 0 0 1 0 0 0 1 0 0 0 0 1 0]",80
1606,4,gad7,9,PCA,kNN,2,0.39999999999999997,0.5135135135135135,18,39,20,34,"[1 0 1 1 1 0 0 0 0 0 0 0 0 0 0 0 0 1 1 0 1 0 1 1 1 0 0 1 0 1 1 0 1 0 0 0 1
 1 0 0 0 0 0 1 1 0 1 0 0 1 0 0 0 1 0 0 1 1 0 0 0 0 1 0 0 0 0 0 1 0 0 0 0 1
 0 0 0 1 1 1 1 0 1 0 0 0 0 0 1 1 0 1 1 0 0 0 0 0 0 0 0 1 0 0 0 1 1 0 0 0 0]",80
1607,4,gad7,9,PCA,RF,2,0.3170731707317073,0.4954954954954955,13,42,17,39,"[0 1 1 0 1 0 0 0 1 1 0 1 0 0 0 0 1 0 0 0 0 0 1 1 1 0 0 0 0 0 0 0 0 0 0 0 1
 1 0 0 0 0 0 0 0 0 1 0 0 1 1 1 0 0 0 0 0 1 0 0 1 1 0 1 0 0 0 0 0 1 0 0 0 0
 0 0 1 0 1 0 0 0 0 0 0 1 0 0 0 1 1 1 1 0 0 0 0 1 0 0 0 0 0 0 0 0 0 1 0 0 0]",80
1608,4,gad7,9,PCA,LR,2,0.425,0.5855855855855856,17,48,11,35,"[0 1 0 1 0 1 1 1 1 0 0 0 0 0 0 1 1 0 0 0 0 0 0 0 1 0 0 0 1 0 0 0 0 0 0 0 0
 1 0 1 1 0 0 0 1 0 0 1 1 0 1 0 0 0 0 0 0 0 0 0 0 0 0 1 0 0 0 0 1 0 0 1 0 0
 0 0 0 1 0 1 0 0 0 1 1 0 1 0 1 0 0 0 0 0 0 0 0 0 0 1 0 0 0 0 0 0 0 1 0 0 0]",80
1609,4,gad7,9,PCA,XG,2,0.2716049382716049,0.46846846846846846,11,41,18,41,"[0 0 1 0 1 0 0 0 1 1 0 1 0 0 0 0 0 0 0 0 0 0 1 1 1 0 0 0 0 0 0 1 0 0 0 0 1
 1 0 0 0 0 0 0 0 0 1 0 0 1 1 1 0 0 0 0 0 1 0 0 0 0 1 1 1 0 0 0 0 0 1 0 0 0
 0 1 1 0 0 0 0 0 0 0 0 0 0 0 0 1 1 1 1 0 0 1 0 0 0 0 0 0 0 0 0 0 1 1 0 0 0]",80
1610,4,gad7,9,PCA,SVC,3,0.4565217391304348,0.5495495495495496,21,40,19,31,"[0 1 0 1 1 1 1 0 0 1 0 0 0 0 1 1 1 1 0 0 0 1 0 0 1 0 0 1 1 0 1 1 0 1 1 0 1
 1 0 0 1 0 0 0 1 0 1 0 0 0 0 0 0 0 0 0 0 0 1 0 1 0 0 0 0 0 0 0 1 0 0 0 1 0
 1 0 0 0 0 1 0 0 0 1 0 0 1 0 0 1 0 1 1 1 0 0 0 1 0 1 0 0 0 0 1 0 0 1 0 1 0]",80
1611,4,gad7,9,PCA,kNN,3,0.36781609195402304,0.5045045045045045,16,40,19,36,"[0 1 1 1 0 1 0 0 0 1 0 0 0 0 0 0 0 1 0 0 0 0 1 1 1 0 0 0 1 0 1 0 1 0 0 0 1
 1 0 0 0 0 0 0 1 0 0 1 0 0 0 0 0 1 1 0 0 1 1 0 0 0 1 0 1 0 0 0 1 0 0 0 1 0
 0 1 0 0 1 0 1 0 0 0 0 0 0 0 0 1 0 0 1 0 0 0 0 1 0 1 0 0 0 0 0 1 0 1 0 1 1]",80
1612,4,gad7,9,PCA,RF,3,0.2790697674418605,0.44144144144144143,12,37,22,40,"[0 1 1 0 1 0 0 0 1 1 0 1 0 1 1 0 0 0 0 1 1 0 1 0 1 0 0 0 1 0 0 0 0 0 0 0 1
 1 0 0 0 0 0 0 0 0 1 0 0 0 0 1 0 1 1 0 0 1 0 0 1 0 1 1 0 0 0 0 1 0 1 0 0 0
 0 0 1 0 1 0 0 0 0 0 0 0 0 0 0 1 1 1 1 0 0 0 0 1 0 0 0 0 0 0 0 0 1 1 0 0 0]",80
1613,4,gad7,9,PCA,LR,3,0.45783132530120485,0.5945945945945946,19,47,12,33,"[0 1 0 1 0 1 1 1 1 0 0 0 0 0 0 1 1 0 0 0 0 0 0 0 1 0 0 0 1 0 0 0 0 0 0 0 0
 1 0 1 1 1 0 0 1 0 0 1 1 0 1 0 0 0 0 1 0 0 0 0 0 0 0 1 0 0 0 0 1 0 0 1 0 0
 0 0 1 1 0 1 0 0 0 1 1 0 1 0 1 0 0 0 0 0 0 0 0 0 0 1 0 0 0 0 0 0 0 1 0 0 0]",80
1614,4,gad7,9,PCA,XG,3,0.3023255813953488,0.4594594594594595,13,38,21,39,"[0 0 1 0 1 0 1 0 1 1 0 0 0 1 1 1 0 0 0 0 1 0 1 1 1 0 0 0 1 0 0 0 0 0 0 0 1
 1 0 0 0 0 0 0 0 0 1 0 0 1 0 1 0 1 0 0 0 1 0 0 0 0 1 1 0 0 0 0 1 0 1 0 0 0
 0 0 1 0 0 0 0 0 0 0 0 0 1 0 0 1 1 1 1 0 0 1 0 0 0 0 0 0 0 0 0 1 1 1 0 0 0]",80
1615,4,gad7,9,PCA,SVC,4,0.3636363636363637,0.4954954954954955,16,39,20,36,"[0 0 1 1 1 1 0 0 0 1 0 0 0 0 1 1 0 1 0 0 0 1 0 0 1 0 0 1 0 0 1 1 0 1 1 0 1
 1 0 0 0 0 0 0 1 0 1 0 0 0 0 0 0 1 1 0 0 1 1 0 1 0 0 0 0 0 0 0 1 0 0 0 1 0
 1 0 0 0 0 1 0 0 0 0 0 0 0 0 0 1 0 1 1 1 0 0 1 1 0 0 0 0 0 0 1 0 0 0 0 1 0]",80
1616,4,gad7,9,PCA,kNN,4,0.4693877551020408,0.5315315315315315,23,36,23,29,"[1 0 0 1 1 0 0 0 0 0 0 0 1 0 1 0 1 1 1 0 0 0 1 1 1 0 0 0 1 0 1 1 1 1 1 0 1
 1 0 1 0 0 0 0 1 1 1 1 0 0 0 0 0 0 1 0 0 0 1 0 1 0 1 0 1 0 0 0 1 0 0 0 0 0
 1 0 0 0 1 0 1 0 1 0 0 1 0 0 0 1 0 0 1 1 0 0 1 0 0 1 0 1 0 0 1 1 1 1 0 1 0]",80
1617,4,gad7,9,PCA,RF,4,0.32941176470588235,0.4864864864864865,14,40,19,38,"[0 0 1 0 1 0 0 0 0 0 0 0 0 1 1 0 0 0 0 0 1 0 1 0 1 0 0 0 1 0 0 1 0 0 0 0 1
 0 0 0 0 0 0 0 0 0 1 1 0 0 0 1 0 1 1 0 0 1 0 0 1 0 1 1 0 0 0 0 1 1 1 0 0 0
 1 0 1 0 1 0 1 0 0 0 0 0 0 0 0 1 1 0 1 0 0 0 0 1 0 1 0 0 0 0 0 1 1 0 0 0 0]",80
1618,4,gad7,9,PCA,LR,4,0.5918367346938777,0.6396396396396397,29,42,17,23,"[0 1 0 1 0 1 1 1 1 0 0 1 0 0 0 1 1 0 0 0 0 0 1 0 1 0 0 0 1 0 0 0 0 0 0 0 1
 1 1 1 1 1 1 1 1 0 0 1 1 0 1 0 0 0 0 1 1 0 1 0 0 0 1 1 1 0 0 0 1 0 0 1 0 0
 0 0 1 1 0 1 1 0 1 1 1 0 1 0 1 0 0 0 0 0 0 0 0 0 1 1 0 0 0 0 0 1 0 1 0 0 1]",80
1619,4,gad7,9,PCA,XG,4,0.36144578313253006,0.5225225225225225,15,43,16,37,"[0 0 1 0 1 0 1 0 0 0 0 0 0 1 1 0 0 0 0 0 0 0 1 1 1 0 0 0 1 0 0 1 0 0 0 0 1
 0 0 0 0 0 0 0 0 0 1 1 0 0 0 1 0 1 1 0 0 1 0 0 0 0 1 1 0 0 0 0 1 1 1 0 0 0
 0 0 0 0 1 0 0 0 0 0 0 0 0 0 0 1 1 1 1 0 0 1 0 0 0 0 1 0 0 0 0 1 1 0 0 0 0]",80
1620,4,gad7,9,PCA,SVC,1,0.32098765432098764,0.5045045045045045,13,43,16,39,"[0 0 0 0 0 0 0 1 1 0 0 0 1 0 0 1 0 1 0 0 0 0 0 0 0 0 1 0 0 0 0 0 0 0 1 1 1
 0 0 0 1 0 1 0 0 1 0 0 1 0 1 0 0 1 0 0 0 0 1 0 0 0 1 0 0 0 0 0 0 0 0 0 0 0
 0 1 0 0 0 0 1 0 0 0 0 1 0 1 0 0 0 0 0 1 0 1 1 0 0 1 1 0 1 1 0 0 0 0 1 0 0]",81
1621,4,gad7,9,PCA,kNN,1,0.4299065420560747,0.45045045045045046,23,27,32,29,"[1 0 0 0 1 0 1 0 1 0 1 1 1 1 0 1 1 1 1 1 1 1 1 1 0 0 0 0 1 1 1 0 1 0 1 0 0
 0 1 1 0 0 0 1 1 0 0 0 1 0 0 1 0 1 0 0 1 0 0 1 0 1 1 0 1 0 1 0 0 1 1 1 0 1
 1 1 0 1 0 1 1 0 0 1 1 0 0 0 0 0 0 1 0 1 1 0 1 0 0 0 1 0 1 0 0 1 1 1 0 0 0]",81
1622,4,gad7,9,PCA,RF,1,0.2954545454545454,0.44144144144144143,13,36,23,39,"[0 0 0 0 0 0 0 0 1 0 0 1 1 0 1 0 1 0 1 0 1 0 0 1 0 1 0 0 0 0 1 0 0 0 0 0 1
 1 0 0 0 0 0 1 0 0 0 0 1 0 1 0 0 0 0 0 0 0 0 0 0 0 0 0 1 0 1 0 0 1 0 1 1 1
 1 1 1 0 0 0 0 0 0 1 1 0 0 0 1 1 0 1 0 1 1 0 0 0 0 0 0 1 1 0 1 0 1 0 0 0 1]",81
1623,4,gad7,9,PCA,LR,1,0.5123966942148761,0.46846846846846846,31,21,38,21,"[1 1 1 0 1 0 1 1 1 0 1 0 1 0 1 1 1 1 1 0 0 1 1 0 0 0 1 1 1 0 0 1 0 1 1 1 1
 1 1 1 1 1 1 0 0 1 0 1 1 1 1 0 1 1 1 0 1 1 1 1 1 0 1 0 1 0 1 0 1 1 0 0 1 0
 0 1 0 1 1 0 1 1 0 1 0 1 1 1 0 1 0 1 0 1 0 1 1 1 0 1 1 0 1 1 0 0 0 0 1 0 0]",81
1624,4,gad7,9,PCA,XG,1,0.38,0.44144144144144143,19,30,29,33,"[0 0 0 0 1 0 0 0 1 0 1 1 1 1 1 0 1 0 1 1 0 0 0 1 0 1 0 0 0 1 1 0 1 0 0 0 1
 1 1 0 0 0 0 1 1 0 0 0 1 0 1 0 0 1 0 0 1 0 0 1 0 0 0 0 1 0 1 0 0 1 1 0 1 1
 1 1 1 0 0 0 1 0 1 1 1 0 0 0 1 1 0 1 0 1 1 0 0 0 0 0 0 1 1 0 1 0 1 0 0 0 1]",81
1625,4,gad7,9,PCA,SVC,2,0.2857142857142857,0.5045045045045045,11,45,14,41,"[0 0 0 0 1 0 0 0 1 0 1 0 1 0 1 0 0 1 0 0 0 0 0 0 0 0 1 0 1 0 0 1 0 1 0 1 1
 0 0 0 0 0 0 0 0 1 0 0 1 0 1 0 0 0 0 0 0 0 0 0 0 0 0 0 0 0 1 0 0 0 0 0 0 0
 0 1 0 0 0 0 1 0 0 1 0 0 0 0 0 1 0 1 0 0 0 1 0 1 0 1 1 0 0 0 0 0 0 0 0 0 0]",81
1626,4,gad7,9,PCA,kNN,2,0.5454545454545454,0.5495495495495496,30,31,28,22,"[0 0 0 0 1 0 0 1 1 1 1 0 1 1 1 0 1 0 1 0 1 1 1 1 1 0 0 0 0 0 0 1 1 1 0 1 1
 1 1 1 1 0 0 0 0 1 1 0 1 0 1 1 1 0 1 1 0 0 1 1 0 1 1 0 0 1 0 1 1 0 1 1 1 0
 0 1 0 1 1 0 1 0 0 1 0 1 0 1 1 1 0 0 0 1 0 1 0 0 1 1 1 1 0 0 0 0 0 1 0 0 0]",81
1627,4,gad7,9,PCA,RF,2,0.34782608695652173,0.4594594594594595,16,35,24,36,"[1 0 0 0 1 0 0 1 1 0 0 0 1 1 1 0 1 0 0 0 1 1 1 1 0 0 0 0 0 0 1 0 0 0 0 0 0
 0 0 1 1 0 1 1 0 0 0 1 1 0 0 1 0 0 0 1 0 0 1 1 0 1 0 0 0 0 0 1 1 0 1 0 1 1
 1 0 0 1 0 0 1 0 0 1 1 0 0 0 0 1 0 0 0 1 1 0 0 0 0 1 1 0 0 0 0 0 0 1 0 0 0]",81
1628,4,gad7,9,PCA,LR,2,0.36585365853658536,0.5315315315315315,15,44,15,37,"[0 0 0 0 1 0 0 0 1 0 1 0 1 0 1 0 0 1 0 0 0 0 0 0 0 0 1 0 1 0 0 1 0 1 0 1 1
 0 1 0 0 0 0 0 0 1 0 0 1 0 1 0 0 0 0 0 0 0 0 0 0 0 0 0 0 0 1 0 0 0 0 0 0 1
 0 1 0 0 0 0 1 0 0 1 0 0 0 0 0 1 1 1 1 0 0 1 0 1 0 1 1 0 0 0 0 1 0 0 0 0 0]",81
1629,4,gad7,9,PCA,XG,2,0.2619047619047619,0.44144144144144143,11,38,21,41,"[0 0 0 0 1 0 0 1 1 0 1 1 1 1 1 0 1 0 0 0 0 0 0 1 0 0 0 0 0 0 1 0 0 0 0 0 0
 0 1 1 0 0 0 0 0 0 0 1 0 0 0 1 0 0 0 1 0 0 1 1 0 0 1 0 0 0 0 1 1 0 1 0 1 1
 1 0 0 1 0 0 1 0 0 1 1 0 0 0 0 1 0 0 0 1 1 0 0 0 0 0 0 0 0 0 0 0 0 0 0 0 0]",81
1630,4,gad7,9,PCA,SVC,3,0.26829268292682923,0.4594594594594595,11,40,19,41,"[0 0 0 1 1 0 0 0 1 0 0 0 1 1 1 0 1 1 1 0 0 0 0 0 0 0 1 0 1 0 0 1 0 1 0 1 1
 0 0 0 0 0 0 0 0 1 0 0 1 0 1 0 0 0 0 0 0 0 0 0 0 0 0 0 0 0 1 0 0 0 1 1 0 0
 0 1 0 0 0 0 1 0 0 1 0 0 0 0 0 1 0 1 0 0 0 1 0 1 0 1 1 0 0 0 0 0 0 0 0 0 0]",81
1631,4,gad7,9,PCA,kNN,3,0.5871559633027522,0.5945945945945946,32,34,25,20,"[1 0 0 0 1 0 0 1 1 1 1 0 1 1 1 0 0 0 0 0 0 0 1 1 1 1 1 0 0 0 0 1 1 1 0 1 1
 1 1 0 1 1 0 1 0 1 1 1 1 0 0 1 1 0 0 1 0 0 1 1 1 1 1 0 0 1 0 1 1 0 1 1 0 0
 0 1 0 1 1 1 1 0 0 0 0 1 0 1 1 1 0 0 0 1 0 1 0 0 1 1 1 1 0 0 0 0 1 0 0 0 0]",81
1632,4,gad7,9,PCA,RF,3,0.3146067415730337,0.45045045045045046,14,36,23,38,"[1 0 0 1 0 0 0 1 1 0 0 0 1 1 0 0 1 0 0 0 0 0 1 1 0 0 1 0 0 0 1 0 1 0 0 1 0
 0 0 1 0 0 0 0 0 0 0 1 1 0 0 1 0 0 0 1 0 0 1 1 0 1 0 0 0 0 0 1 1 0 1 1 1 1
 0 1 0 1 0 1 1 0 0 0 1 0 0 0 1 0 0 0 0 1 0 0 0 0 0 1 1 0 0 0 0 0 1 0 0 0 0]",81
1633,4,gad7,9,PCA,LR,3,0.3855421686746988,0.5405405405405406,16,44,15,36,"[0 0 0 0 1 0 0 0 1 0 1 0 1 0 1 0 0 1 0 0 0 0 0 0 0 0 1 0 1 0 0 1 0 1 0 1 1
 0 1 0 0 0 0 0 0 1 0 0 1 0 1 0 0 0 0 0 0 0 0 0 0 1 0 0 0 0 1 0 0 0 0 0 0 1
 0 1 0 0 0 0 1 0 0 1 0 0 0 0 0 1 1 1 1 0 0 1 0 1 0 1 1 0 0 0 0 1 0 0 0 0 0]",81
1634,4,gad7,9,PCA,XG,3,0.4,0.4594594594594595,20,31,28,32,"[1 0 1 0 1 0 0 1 1 0 1 0 1 1 0 0 1 1 0 0 0 0 1 1 0 0 1 0 0 1 1 1 0 0 0 1 0
 0 1 1 1 0 0 1 1 0 0 1 1 0 0 1 1 0 0 1 0 0 1 1 0 1 0 1 0 0 1 1 1 0 1 0 1 1
 0 0 1 1 0 1 1 0 0 1 0 0 0 0 1 0 0 1 0 1 1 0 0 0 0 1 0 0 0 0 0 0 1 0 0 0 0]",81
1635,4,gad7,9,PCA,SVC,4,0.4158415841584159,0.46846846846846846,21,31,28,31,"[0 0 0 1 1 1 0 0 1 0 0 0 1 1 1 0 0 1 1 1 1 0 1 1 0 1 1 0 1 1 0 1 1 1 0 1 1
 0 0 0 0 0 0 1 1 1 0 0 1 0 1 1 0 0 0 1 0 0 0 0 0 0 0 0 0 0 1 1 0 0 1 1 0 0
 0 1 1 0 0 0 1 0 1 1 0 0 0 0 1 1 0 1 0 0 0 1 0 1 0 1 1 1 0 0 1 0 0 0 0 1 1]",81
1636,4,gad7,9,PCA,kNN,4,0.5346534653465348,0.5765765765765766,27,37,22,25,"[0 0 1 1 1 0 0 1 1 1 1 0 0 1 1 0 0 0 1 0 1 0 1 1 1 1 1 0 0 0 0 1 1 0 0 1 1
 0 1 0 1 0 1 0 0 1 1 0 0 0 0 1 1 0 0 1 0 0 1 0 0 1 1 0 0 1 0 1 1 1 1 1 0 0
 0 1 0 0 0 0 1 0 0 1 0 1 0 0 1 0 0 0 0 1 0 1 0 0 1 1 1 1 0 0 0 0 0 1 0 0 0]",81
1637,4,gad7,9,PCA,RF,4,0.35555555555555557,0.4774774774774775,16,37,22,36,"[0 0 1 0 1 0 0 1 1 0 0 0 1 1 0 0 1 0 0 0 0 0 1 1 0 0 1 0 0 0 1 0 1 0 0 1 0
 0 0 0 1 0 0 1 0 0 0 0 1 1 0 1 1 0 0 1 0 0 1 0 0 1 1 0 0 0 0 1 1 0 1 0 0 1
 0 1 0 0 0 1 1 0 0 1 1 0 0 1 0 0 0 0 0 1 1 0 0 0 0 1 0 0 0 0 0 0 1 0 1 0 0]",81
1638,4,gad7,9,PCA,LR,4,0.3764705882352941,0.5225225225225225,16,42,17,36,"[0 0 0 0 1 0 0 0 1 0 1 0 1 0 1 0 0 1 0 0 0 0 1 0 0 0 1 0 1 0 1 1 0 1 0 1 1
 0 1 0 0 0 0 0 0 1 0 0 1 0 1 0 0 0 0 0 0 0 0 0 0 1 0 0 0 0 1 0 0 0 0 0 0 1
 0 1 0 0 0 0 1 0 0 1 0 0 0 0 0 1 1 1 1 0 0 1 0 1 0 1 1 0 0 0 0 1 0 0 0 0 0]",81
1639,4,gad7,9,PCA,XG,4,0.33707865168539325,0.46846846846846846,15,37,22,37,"[1 0 1 1 0 0 1 1 1 0 0 0 1 1 0 0 1 0 0 0 0 0 1 1 0 0 1 0 0 0 0 0 1 0 0 0 0
 0 0 0 1 0 0 1 0 0 0 0 0 1 0 1 0 0 0 1 0 0 1 0 0 1 1 0 0 0 0 1 1 0 1 0 0 1
 0 0 0 0 0 1 1 0 0 1 0 0 0 1 1 0 0 1 0 1 0 0 0 0 0 1 0 0 1 0 0 1 1 0 1 0 0]",81
1640,4,gad7,9,PCA,SVC,1,0.42424242424242425,0.4864864864864865,21,33,26,31,"[0 1 1 1 0 0 0 0 0 1 0 1 0 1 0 0 0 0 1 0 0 1 0 0 0 0 1 0 1 0 0 0 0 0 0 0 1
 1 0 0 1 1 0 0 0 1 1 1 0 1 0 0 1 1 0 1 0 0 0 1 1 0 1 0 1 1 1 1 1 0 0 1 1 0
 1 0 1 0 0 0 1 1 0 0 1 0 0 0 0 1 1 1 0 1 1 0 1 1 0 0 1 0 0 0 1 0 0 1 1 0 0]",82
1641,4,gad7,9,PCA,kNN,1,0.509433962264151,0.5315315315315315,27,32,27,25,"[0 1 1 0 0 0 1 1 0 1 1 0 0 1 0 1 0 0 0 1 0 0 0 0 1 0 1 1 0 0 0 1 1 0 0 0 1
 0 1 1 0 0 1 1 0 0 1 1 0 1 1 0 1 1 0 1 1 1 1 0 0 0 0 0 0 1 1 1 1 1 0 1 1 0
 1 1 0 0 0 0 0 1 0 0 1 0 1 0 1 0 0 1 1 0 1 0 0 1 1 1 0 0 1 0 1 1 1 1 1 0 0]",82
1642,4,gad7,9,PCA,RF,1,0.4,0.4864864864864865,19,35,24,33,"[1 0 1 1 1 0 1 0 1 0 1 0 0 1 0 0 0 0 0 1 0 0 0 0 1 0 0 1 0 0 0 1 0 0 0 0 1
 0 1 0 0 0 1 1 0 0 1 0 0 1 0 1 1 0 1 1 1 1 0 0 0 1 0 0 0 1 1 1 0 0 1 1 0 0
 1 1 0 0 0 0 0 1 0 0 1 1 0 0 1 0 0 1 1 0 1 0 0 1 1 1 0 0 0 0 0 1 0 0 0 0 0]",82
1643,4,gad7,9,PCA,LR,1,0.3820224719101124,0.5045045045045045,17,39,20,35,"[1 1 0 1 0 0 0 0 0 1 0 1 0 1 0 0 0 0 1 0 0 1 0 0 0 0 1 0 0 0 0 0 0 0 0 0 1
 1 0 0 1 0 0 0 0 1 0 0 0 1 0 0 1 0 0 1 0 0 0 1 1 0 1 0 1 1 1 0 0 0 0 1 1 1
 1 0 1 0 0 0 1 0 0 0 1 0 0 0 0 1 0 1 0 1 0 0 1 1 0 0 0 0 1 0 0 0 0 1 1 0 0]",82
1644,4,gad7,9,PCA,XG,1,0.44897959183673475,0.5135135135135135,22,35,24,30,"[1 0 1 1 1 0 1 0 1 0 1 0 0 1 0 1 0 0 0 1 0 0 0 0 1 0 0 1 0 0 0 1 1 0 0 0 1
 0 1 0 0 0 1 1 0 0 1 1 0 1 0 0 1 0 1 1 1 1 0 0 0 0 0 0 0 1 1 1 1 1 1 1 0 0
 1 1 0 0 0 0 0 1 0 0 1 1 0 0 1 0 0 1 1 0 1 0 0 1 1 1 0 0 0 0 0 1 0 0 0 0 0]",82
1645,4,gad7,9,PCA,SVC,2,0.49019607843137253,0.5315315315315315,25,34,25,27,"[0 0 1 1 0 1 1 1 0 1 0 1 0 1 1 0 0 0 1 0 0 1 0 1 0 0 1 0 0 0 1 0 0 0 0 0 1
 1 1 0 0 1 0 0 0 1 0 0 0 1 0 0 1 1 0 0 0 0 1 1 1 0 1 0 1 0 0 0 1 0 0 1 1 1
 1 1 1 0 0 0 1 1 0 1 1 0 0 0 0 1 1 1 1 1 1 0 1 1 1 0 0 0 0 0 0 0 1 1 1 0 0]",82
1646,4,gad7,9,PCA,kNN,2,0.40404040404040403,0.46846846846846846,20,32,27,32,"[0 0 1 0 0 0 0 0 1 0 1 0 0 0 1 1 1 0 1 1 0 0 0 0 1 0 1 0 0 1 1 1 1 0 0 0 1
 0 0 1 0 1 1 0 0 0 0 0 0 1 0 0 1 1 1 1 1 1 0 0 1 0 0 0 0 0 0 0 0 1 0 1 1 1
 1 0 0 0 1 0 0 1 0 1 1 0 0 1 0 0 1 1 1 0 1 0 0 1 0 1 0 0 1 0 0 1 1 1 0 1 0]",82
1647,4,gad7,9,PCA,RF,2,0.2954545454545454,0.44144144144144143,13,36,23,39,"[0 0 1 0 0 0 0 0 1 0 0 0 0 0 0 1 0 0 0 1 0 0 0 0 1 0 0 1 1 0 0 1 0 0 0 0 1
 0 0 0 0 1 0 0 0 0 1 0 0 1 0 0 1 1 1 1 1 1 0 0 0 0 0 0 0 0 1 0 0 0 0 1 1 1
 1 1 0 0 0 0 0 1 0 0 0 1 0 1 1 0 0 1 1 0 1 0 0 1 0 0 1 0 1 1 0 0 1 0 0 0 0]",82
1648,4,gad7,9,PCA,LR,2,0.4752475247524753,0.5225225225225225,24,34,25,28,"[0 0 1 1 0 1 1 1 0 1 0 1 0 1 1 0 0 0 1 0 0 1 0 1 0 0 1 0 0 0 1 0 0 0 0 0 1
 1 1 0 0 1 0 0 0 1 0 0 0 1 0 0 1 1 0 0 0 0 1 1 1 0 0 0 1 0 0 0 1 0 0 1 1 1
 1 1 1 0 0 0 1 1 0 1 1 0 0 0 0 1 1 1 1 1 1 0 1 1 1 0 0 0 0 0 0 0 1 1 1 0 0]",82
1649,4,gad7,9,PCA,XG,2,0.3043478260869565,0.42342342342342343,14,33,26,38,"[0 0 1 0 0 0 1 0 0 0 1 0 0 0 0 1 0 0 1 1 0 0 0 0 1 0 0 1 0 0 0 1 1 1 0 0 1
 0 0 0 0 0 0 1 0 0 1 1 0 1 0 1 1 0 0 1 1 0 0 0 1 0 0 0 0 0 1 1 0 1 0 1 1 1
 1 0 0 0 0 0 0 1 0 0 1 0 0 1 1 0 0 1 1 0 1 0 0 1 1 0 0 0 1 1 0 0 1 0 0 0 0]",82
1650,4,gad7,9,PCA,SVC,3,0.4950495049504951,0.5405405405405406,25,35,24,27,"[0 0 1 1 0 1 1 1 0 1 0 1 0 1 1 0 0 0 1 0 0 1 0 1 0 0 1 0 0 0 1 0 0 0 0 0 1
 1 1 0 1 1 0 0 0 1 0 0 0 1 0 0 1 1 0 0 0 0 0 1 1 0 1 0 1 0 0 0 1 0 0 1 1 0
 1 1 1 0 0 0 1 1 0 1 1 0 0 0 0 1 1 1 1 1 1 0 1 1 1 0 0 0 0 0 0 0 1 1 1 0 0]",82
1651,4,gad7,9,PCA,kNN,3,0.4536082474226804,0.5225225225225225,22,36,23,30,"[1 0 0 0 0 1 0 1 1 0 1 1 0 0 0 1 0 1 1 0 0 0 1 1 1 0 1 0 0 0 0 1 1 0 0 0 1
 0 0 0 0 0 0 0 0 1 1 1 0 1 1 0 0 1 0 1 1 1 0 0 1 0 0 0 0 0 1 0 0 1 0 1 1 0
 1 1 0 0 0 0 0 0 0 0 1 1 0 1 0 0 1 1 1 0 1 0 0 1 0 1 1 0 0 0 0 0 1 1 0 1 0]",82
1652,4,gad7,9,PCA,RF,3,0.3111111111111111,0.44144144144144143,14,35,24,38,"[0 0 0 0 0 0 0 0 1 0 0 0 0 0 0 1 0 0 1 1 0 0 0 0 1 0 0 1 0 0 0 1 1 0 0 0 1
 0 0 0 1 1 0 0 0 0 1 0 0 1 1 0 1 1 1 1 1 1 0 0 1 0 0 0 0 0 1 0 0 1 0 1 1 1
 1 0 0 1 0 0 0 0 0 0 0 0 0 1 1 0 0 1 1 0 1 0 0 1 0 1 1 0 0 1 0 0 1 0 0 0 0]",82
1653,4,gad7,9,PCA,LR,3,0.4950495049504951,0.5405405405405406,25,35,24,27,"[0 0 1 1 0 1 1 1 0 1 0 1 0 1 1 0 0 0 1 0 0 1 0 1 0 0 1 0 0 0 1 0 0 0 0 0 1
 1 1 0 0 1 0 0 0 1 0 1 0 1 0 0 0 1 0 0 0 0 1 1 1 0 0 0 1 0 0 0 1 0 0 1 1 1
 1 1 1 0 0 0 1 1 0 1 1 0 0 0 0 1 1 1 1 1 1 0 1 1 1 0 0 0 0 0 0 0 1 1 1 0 0]",82
1654,4,gad7,9,PCA,XG,3,0.36170212765957444,0.4594594594594595,17,34,25,35,"[0 0 0 0 0 0 1 0 0 0 1 0 0 0 1 0 1 0 1 1 0 0 0 0 1 0 0 1 0 0 0 1 1 1 0 0 1
 0 1 0 0 1 0 0 0 0 1 1 0 1 0 0 1 1 1 1 1 1 0 0 1 0 0 0 0 0 1 1 0 1 0 1 1 1
 1 1 0 1 0 0 0 0 0 1 0 0 0 1 1 0 0 1 1 0 1 0 0 1 0 1 0 0 0 0 0 0 1 0 0 0 0]",82
1655,4,gad7,9,PCA,SVC,4,0.4210526315789474,0.5045045045045045,20,36,23,32,"[0 0 1 1 0 0 1 1 0 1 0 1 0 1 0 0 0 0 1 0 0 0 0 1 0 0 1 0 1 1 0 0 0 0 0 0 1
 1 1 0 1 1 0 1 0 1 0 0 0 1 0 0 0 1 0 1 0 1 0 0 1 0 1 0 1 0 0 0 0 0 0 1 1 0
 1 0 1 0 0 0 0 1 0 1 1 0 0 0 0 0 0 1 1 0 1 0 0 1 1 0 1 0 0 0 1 0 1 1 1 0 0]",82
1656,4,gad7,9,PCA,kNN,4,0.40816326530612246,0.4774774774774775,20,33,26,32,"[0 0 0 0 0 1 0 0 1 0 0 0 0 0 1 1 0 1 1 0 0 0 0 0 1 0 1 0 0 1 1 1 1 0 0 1 1
 0 0 0 1 1 0 0 1 1 1 1 0 1 1 0 0 1 0 0 0 1 0 0 1 0 0 0 0 0 0 0 0 0 1 1 1 1
 1 0 0 0 0 0 0 0 0 1 1 0 0 1 0 0 0 1 1 0 1 0 0 1 1 1 1 1 1 0 0 1 1 1 0 1 0]",82
1657,4,gad7,9,PCA,RF,4,0.2469135802469136,0.45045045045045046,10,40,19,42,"[0 0 0 0 0 0 0 0 0 0 0 0 0 0 0 1 0 0 1 1 0 0 0 0 1 0 0 0 0 0 0 1 1 0 0 0 1
 0 0 0 1 1 0 0 0 0 1 0 0 1 1 0 1 0 0 1 0 1 0 0 1 0 0 0 0 0 0 0 0 0 0 1 0 1
 1 0 0 0 0 0 0 1 0 1 0 0 0 1 0 0 0 1 1 0 1 0 0 1 0 1 1 0 0 0 0 0 1 0 0 0 0]",82
1658,4,gad7,9,PCA,LR,4,0.4680851063829788,0.5495495495495496,22,39,20,30,"[0 0 1 1 0 1 1 1 0 1 0 1 0 1 0 0 0 1 1 0 0 0 1 1 0 0 1 0 0 0 0 0 0 0 0 0 1
 1 1 1 1 1 0 0 0 1 0 0 0 1 0 0 0 0 0 0 0 0 1 0 1 0 1 0 1 0 0 0 0 1 0 1 1 0
 1 0 1 0 0 0 0 1 0 1 1 0 0 0 0 0 0 1 1 0 1 0 0 1 1 0 1 0 0 0 0 0 1 1 1 0 0]",82
1659,4,gad7,9,PCA,XG,4,0.3595505617977528,0.4864864864864865,16,38,21,36,"[0 0 0 0 0 0 1 0 1 0 0 0 0 0 1 1 0 0 0 1 0 0 0 0 1 0 0 0 0 0 0 1 0 1 0 0 1
 0 0 0 0 1 0 0 1 0 1 0 0 1 1 0 1 1 0 1 0 1 0 0 1 0 0 0 1 0 0 0 0 1 0 1 1 1
 1 1 0 1 0 0 0 1 0 1 0 0 0 1 0 0 0 1 1 0 1 0 0 1 1 1 0 0 0 0 0 0 1 0 0 0 0]",82
1660,4,gad7,9,PCA,SVC,1,0.3595505617977528,0.4864864864864865,16,38,21,36,"[0 0 1 0 0 0 0 1 0 0 1 1 1 0 0 0 0 1 0 0 0 1 0 0 1 0 0 1 0 1 0 0 0 0 0 1 0
 0 1 0 0 1 0 0 0 0 0 0 0 1 0 1 0 0 0 1 0 0 1 1 0 1 1 0 1 0 1 0 0 0 1 0 0 0
 1 1 1 1 0 0 0 0 0 0 0 0 1 0 1 0 0 1 1 0 0 0 1 0 1 0 0 0 0 1 0 1 0 0 0 1 1]",83
1661,4,gad7,9,PCA,kNN,1,0.5454545454545454,0.5495495495495496,30,31,28,22,"[0 1 1 0 1 0 0 0 0 0 1 0 1 0 1 0 1 0 0 1 0 0 1 1 1 1 1 1 0 1 1 1 1 1 1 1 1
 1 1 0 1 1 1 1 1 0 0 1 0 1 1 0 0 0 1 1 0 1 0 0 1 0 1 0 1 0 0 1 0 0 1 0 1 0
 0 1 0 1 0 0 1 0 0 0 0 0 1 1 1 1 1 0 0 0 1 0 1 0 1 1 0 0 0 0 1 1 0 0 1 1 1]",83
1662,4,gad7,9,PCA,RF,1,0.3529411764705882,0.5045045045045045,15,41,18,37,"[0 0 0 0 0 0 1 0 1 1 1 0 0 1 1 0 0 0 0 0 1 0 0 0 1 0 1 0 0 0 0 0 0 1 0 1 0
 1 1 0 0 1 0 1 1 1 0 0 0 0 0 0 0 0 0 1 0 1 0 0 0 0 1 0 0 0 0 0 0 0 0 1 0 1
 0 0 0 0 0 0 1 0 0 0 0 1 0 1 1 0 1 0 0 0 0 0 1 0 1 1 0 1 0 0 1 0 0 0 0 0 1]",83
1663,4,gad7,9,PCA,LR,1,0.29629629629629634,0.4864864864864865,12,42,17,40,"[0 0 1 0 0 0 0 0 0 0 1 1 1 0 0 0 0 1 0 0 0 1 0 0 0 0 0 0 0 1 0 0 0 0 0 0 0
 0 1 0 0 1 0 0 0 0 0 0 0 1 0 1 0 0 0 1 0 0 1 1 0 0 0 0 1 0 1 0 0 0 1 0 0 0
 1 1 1 1 0 0 0 0 0 0 0 0 1 0 1 0 0 1 1 0 0 0 1 0 1 0 0 0 0 1 0 0 0 0 0 0 1]",83
1664,4,gad7,9,PCA,XG,1,0.4421052631578947,0.5225225225225225,21,37,22,31,"[0 0 1 0 0 0 0 0 0 1 1 0 0 1 1 0 0 0 0 0 1 0 1 0 1 0 1 0 0 1 0 1 0 1 0 1 1
 1 1 0 0 1 0 1 1 0 0 1 0 1 1 0 0 0 0 1 0 1 0 0 0 0 1 0 1 1 0 1 0 0 1 0 0 0
 0 1 0 1 0 1 1 0 0 0 1 0 0 1 1 0 1 0 0 0 0 0 1 0 1 1 0 1 0 0 1 0 0 0 0 0 1]",83
1665,4,gad7,9,PCA,SVC,2,0.5789473684210527,0.5675675675675675,33,30,29,19,"[0 1 1 1 1 1 1 1 1 0 1 1 1 0 0 1 0 1 0 0 1 1 1 0 0 0 0 0 0 1 1 0 0 0 0 1 0
 1 1 0 1 1 0 1 0 1 0 0 1 1 0 1 1 0 0 1 1 1 1 1 0 1 0 1 1 0 0 1 0 0 1 0 0 0
 0 1 1 1 1 0 0 0 1 1 1 0 1 1 1 0 0 1 1 1 1 1 1 0 1 0 0 1 1 1 0 0 0 1 1 0 1]",83
1666,4,gad7,9,PCA,kNN,2,0.4444444444444444,0.5045045045045045,22,34,25,30,"[1 0 1 1 0 1 0 0 0 0 1 1 1 0 1 0 1 1 0 0 1 1 0 1 1 1 1 1 0 1 1 0 0 0 1 0 0
 0 0 0 0 1 1 0 0 0 0 0 0 0 0 1 0 0 0 1 1 1 1 1 0 0 0 0 1 0 1 0 0 0 1 1 1 0
 0 1 0 1 1 0 1 0 0 0 0 0 1 0 1 0 0 0 1 0 0 0 1 0 1 1 0 0 1 0 0 1 0 1 0 1 0]",83
1667,4,gad7,9,PCA,RF,2,0.38636363636363635,0.5135135135135135,17,40,19,35,"[0 0 1 1 1 1 0 1 0 0 1 0 0 0 1 0 0 1 0 0 0 0 1 1 1 0 0 1 0 1 1 0 0 0 0 1 0
 0 0 0 0 1 1 1 0 0 0 0 0 1 0 1 0 0 0 1 0 1 0 0 1 0 0 0 1 0 0 0 0 0 1 1 0 0
 1 0 0 1 0 0 1 0 0 0 0 1 0 1 1 0 0 0 0 0 0 0 1 0 1 1 0 0 0 0 0 0 0 0 0 0 1]",83
1668,4,gad7,9,PCA,LR,2,0.5765765765765766,0.5765765765765766,32,32,27,20,"[0 1 0 1 1 1 1 1 1 0 1 1 1 0 0 1 0 1 0 0 1 1 1 0 0 0 0 0 0 1 1 0 0 0 0 1 0
 1 1 0 1 1 0 1 0 1 0 0 1 1 0 1 1 0 0 1 1 1 1 1 0 1 0 1 0 0 0 1 0 0 0 0 0 0
 1 1 1 1 1 0 0 0 1 1 1 0 1 1 1 0 0 1 1 1 1 1 0 0 1 0 0 1 1 1 0 0 0 1 1 0 1]",83
1669,4,gad7,9,PCA,XG,2,0.40404040404040403,0.46846846846846846,20,32,27,32,"[0 1 1 1 1 1 1 1 0 1 1 0 0 0 1 0 0 0 1 0 0 0 0 1 1 0 0 1 0 1 0 0 0 0 0 1 0
 1 0 0 1 1 0 1 1 1 0 0 1 1 0 1 0 0 0 1 0 1 0 0 1 1 0 0 1 0 0 0 0 0 1 1 0 0
 1 1 1 1 0 0 1 1 0 1 0 1 1 1 1 0 0 0 0 0 0 0 1 0 1 1 0 0 0 0 0 0 0 0 0 0 1]",83
1670,4,gad7,9,PCA,SVC,3,0.5504587155963302,0.5585585585585585,30,32,27,22,"[0 1 1 1 1 1 1 1 1 0 1 0 1 0 0 1 0 1 0 0 1 0 1 0 0 0 0 0 0 1 1 0 0 0 0 1 0
 1 1 0 1 1 0 1 0 1 0 0 1 1 0 1 1 0 0 1 1 1 0 0 0 1 0 1 1 0 0 1 0 0 1 0 0 0
 0 1 1 1 1 0 0 0 1 1 1 0 1 1 1 0 0 1 0 1 1 1 1 0 1 0 0 1 1 1 0 0 0 1 1 0 1]",83
1671,4,gad7,9,PCA,kNN,3,0.45714285714285713,0.4864864864864865,24,30,29,28,"[1 0 0 1 0 1 0 0 0 1 1 0 1 0 1 0 1 0 0 1 1 0 0 0 0 1 1 0 0 1 1 1 0 0 1 1 0
 0 0 0 1 1 1 0 0 1 1 0 1 1 0 1 1 0 1 0 1 1 0 0 1 1 1 0 0 0 1 1 1 0 0 0 0 1
 0 1 0 1 1 0 1 1 0 0 0 1 0 1 1 1 0 0 0 0 0 0 1 0 1 0 0 0 1 0 0 1 0 1 1 1 1]",83
1672,4,gad7,9,PCA,RF,3,0.35714285714285715,0.5135135135135135,15,42,17,37,"[0 0 1 0 1 0 0 0 0 0 1 0 0 0 1 0 0 0 0 0 0 0 0 0 1 0 0 0 0 1 1 0 0 0 1 1 0
 0 0 0 0 1 1 1 0 0 0 0 1 1 0 0 0 0 0 1 0 1 0 0 1 1 0 0 1 0 0 0 1 0 1 0 0 0
 1 0 1 1 1 0 0 0 0 0 0 0 0 1 1 0 0 0 0 0 0 0 0 0 1 0 0 0 0 0 0 0 0 1 1 1 1]",83
1673,4,gad7,9,PCA,LR,3,0.48214285714285715,0.4774774774774775,27,26,33,25,"[1 1 0 1 0 1 1 1 1 0 1 0 1 0 0 1 1 1 0 0 1 0 1 0 1 0 0 1 0 1 0 1 1 0 0 1 0
 1 1 1 1 1 0 1 0 1 0 0 1 1 0 0 0 0 0 1 1 0 0 0 1 1 1 0 0 0 0 0 0 0 0 0 1 1
 1 1 1 1 1 0 0 1 1 1 0 0 1 1 1 0 0 1 0 1 1 1 0 0 1 0 0 1 1 1 1 1 0 1 0 1 1]",83
1674,4,gad7,9,PCA,XG,3,0.3448275862068965,0.4864864864864865,15,39,20,37,"[0 0 1 0 1 0 1 0 0 0 1 0 0 0 1 0 0 1 0 0 0 0 0 0 1 0 0 0 0 0 1 0 0 0 1 1 0
 1 1 0 1 1 0 1 0 0 0 0 1 1 0 0 0 0 0 1 0 1 0 0 1 1 0 0 1 0 0 0 1 0 1 0 0 0
 1 0 1 1 1 0 0 1 0 0 0 0 0 1 1 0 0 0 0 0 0 0 0 0 1 0 0 0 0 0 0 0 0 0 1 1 1]",83
1675,4,gad7,9,PCA,SVC,4,0.5420560747663552,0.5585585585585585,29,33,26,23,"[0 1 1 1 1 1 1 1 1 0 1 0 1 0 0 1 0 1 0 0 1 0 1 0 0 0 0 0 0 1 1 0 0 0 0 1 0
 1 1 0 1 1 0 1 0 1 0 0 1 1 0 0 1 0 0 1 1 1 0 0 0 1 0 1 1 0 0 0 0 0 1 0 0 0
 0 1 1 1 1 0 0 0 1 1 1 0 1 1 1 0 0 1 0 1 1 1 1 0 1 0 0 1 1 1 0 0 0 1 1 0 1]",83
1676,4,gad7,9,PCA,kNN,4,0.4554455445544554,0.5045045045045045,23,33,26,29,"[0 0 1 1 0 0 0 0 1 1 1 0 1 0 1 0 0 1 0 1 1 0 0 0 0 1 1 0 0 1 1 0 0 0 1 0 0
 0 0 0 0 1 1 0 0 0 1 0 1 1 0 0 1 0 1 1 0 1 0 0 1 1 0 0 1 0 1 0 1 0 1 1 1 0
 0 1 0 1 1 0 1 1 0 0 0 1 1 0 1 1 1 0 0 0 1 0 1 0 1 0 0 0 1 0 0 1 0 1 1 0 0]",83
1677,4,gad7,9,PCA,RF,4,0.30379746835443033,0.5045045045045045,12,44,15,40,"[0 0 1 0 0 0 0 0 0 0 1 0 0 0 1 0 0 0 1 0 0 0 0 0 0 1 0 0 0 1 1 0 0 0 1 0 0
 0 0 0 1 1 1 0 0 0 0 0 1 1 0 1 0 0 0 0 0 1 0 0 0 1 0 0 1 0 0 0 0 0 1 0 0 0
 1 0 1 1 0 0 1 0 0 0 0 0 0 0 1 0 0 0 0 0 0 0 1 0 1 0 0 0 0 0 0 0 0 1 0 0 1]",83
1678,4,gad7,9,PCA,LR,4,0.5087719298245613,0.4954954954954955,29,26,33,23,"[1 1 0 1 1 1 1 1 1 0 1 0 1 0 0 1 1 1 0 0 1 0 1 0 1 0 0 1 0 1 0 1 1 0 0 1 0
 1 1 1 1 1 0 1 0 1 0 0 1 1 0 0 0 0 0 1 1 0 0 0 1 1 1 0 0 0 0 0 0 0 0 1 0 1
 1 1 1 1 1 0 0 1 1 1 1 0 1 1 1 0 0 1 0 1 1 1 0 0 1 0 0 1 1 1 1 1 0 1 0 1 1]",83
1679,4,gad7,9,PCA,XG,4,0.3255813953488372,0.4774774774774775,14,39,20,38,"[0 0 1 0 1 0 0 0 0 1 1 0 0 0 1 0 0 1 1 0 0 0 0 1 0 0 0 0 0 1 1 1 0 0 1 0 0
 0 1 0 1 1 0 1 0 0 0 0 1 1 0 1 0 0 0 1 1 1 0 0 0 1 0 0 1 0 0 0 0 0 1 0 0 0
 1 0 1 1 0 0 0 0 0 0 0 0 0 1 1 0 0 0 0 0 0 0 0 0 1 0 1 0 0 0 0 0 0 0 1 0 1]",83
1680,4,gad7,9,PCA,SVC,1,0.5373134328358209,0.44144144144144143,36,13,46,16,"[1 1 0 1 0 1 0 1 1 0 1 0 0 1 1 1 1 0 1 1 1 1 1 0 1 1 0 1 1 1 1 1 1 1 1 1 1
 1 1 1 1 1 0 1 0 0 0 0 0 0 1 1 1 1 1 1 1 1 1 1 0 0 1 0 1 1 1 0 0 1 1 1 0 0
 0 1 0 1 1 1 1 1 1 1 1 1 1 0 1 1 1 1 1 1 1 0 1 1 1 1 1 1 1 1 1 0 1 1 1 1 0]",84
1681,4,gad7,9,PCA,kNN,1,0.5565217391304348,0.5405405405405406,32,28,31,20,"[1 0 0 1 1 1 1 1 0 0 0 1 0 0 1 0 1 0 0 1 0 0 0 0 1 1 1 1 1 0 0 1 1 1 1 1 1
 1 1 1 0 1 1 1 0 1 0 0 0 1 0 0 1 0 0 0 1 1 0 1 1 0 1 0 0 0 0 1 1 0 1 1 1 0
 1 0 0 0 1 0 1 1 1 1 0 1 1 0 0 0 1 0 1 1 1 0 1 1 1 1 1 0 0 1 1 1 1 1 0 0 1]",84
1682,4,gad7,9,PCA,RF,1,0.34408602150537637,0.45045045045045046,16,34,25,36,"[0 1 0 1 0 1 0 1 1 1 0 0 1 0 0 0 1 0 0 0 0 0 0 0 1 0 0 0 1 0 1 1 0 0 0 1 0
 0 1 1 1 1 0 0 0 1 0 0 0 0 0 0 1 1 0 1 0 1 0 0 1 0 0 0 0 0 0 0 0 0 1 0 0 1
 1 0 0 1 0 1 1 1 0 0 0 0 1 0 0 0 1 0 0 1 1 0 1 0 0 1 1 1 1 1 1 0 0 0 0 0 0]",84
1683,4,gad7,9,PCA,LR,1,0.549618320610687,0.46846846846846846,36,16,43,16,"[1 0 1 1 0 1 0 1 0 1 1 0 1 0 1 1 1 0 1 1 1 1 1 0 1 1 0 1 1 1 1 1 1 1 1 0 1
 1 1 1 1 1 0 1 1 1 1 0 0 0 0 0 1 1 1 1 1 1 1 1 0 1 0 0 1 0 1 0 0 0 1 1 1 1
 1 1 0 1 1 1 1 0 1 1 1 1 1 0 1 0 1 1 1 0 1 0 1 1 1 1 1 1 1 1 1 0 1 1 0 1 0]",84
1684,4,gad7,9,PCA,XG,1,0.3516483516483517,0.46846846846846846,16,36,23,36,"[0 0 0 1 0 1 1 1 0 0 0 0 1 0 0 0 1 0 0 0 0 0 0 0 1 0 0 0 1 0 0 1 1 0 0 1 0
 0 1 1 1 1 1 0 0 1 0 0 0 0 0 0 1 1 0 1 0 1 0 0 1 0 0 0 0 0 0 0 0 0 1 0 0 1
 1 0 0 0 0 1 1 1 0 0 0 0 1 0 0 0 1 0 0 1 1 0 1 0 0 1 1 1 1 1 1 0 0 0 0 0 0]",84
1685,4,gad7,9,PCA,SVC,2,0.5343511450381679,0.45045045045045046,35,15,44,17,"[1 1 1 1 0 0 0 1 1 1 1 0 1 1 1 1 1 0 1 1 1 0 1 0 1 1 0 1 0 1 1 1 1 1 1 1 1
 1 1 1 1 0 0 1 0 1 0 0 0 0 1 1 1 1 1 1 1 1 0 1 0 1 1 0 1 1 1 0 0 1 1 1 0 1
 1 0 0 1 1 1 1 1 1 0 1 0 1 0 1 0 1 0 1 1 1 0 1 1 1 1 1 1 1 1 1 0 1 1 1 1 0]",84
1686,4,gad7,9,PCA,kNN,2,0.4509803921568628,0.4954954954954955,23,32,27,29,"[0 0 1 0 1 1 1 0 0 1 0 1 1 0 0 1 1 0 0 1 0 1 0 0 0 0 0 0 1 0 0 1 0 0 1 1 1
 0 0 0 0 1 1 1 0 1 0 0 0 1 0 0 1 1 0 1 0 1 0 0 1 1 0 0 1 0 0 0 1 1 1 1 0 0
 1 1 0 0 1 1 1 1 0 1 1 0 1 0 1 0 1 1 1 0 0 0 1 1 0 0 1 1 0 0 0 1 0 0 0 0 0]",84
1687,4,gad7,9,PCA,RF,2,0.3764705882352941,0.5225225225225225,16,42,17,36,"[0 0 1 0 0 1 0 0 0 1 0 1 1 0 0 0 1 0 0 0 0 0 0 0 0 0 0 0 1 0 0 1 1 0 1 0 0
 0 1 0 0 0 0 1 0 1 0 0 0 0 0 0 1 1 0 0 0 1 0 1 1 1 0 0 1 0 0 1 0 0 1 0 0 0
 0 0 0 0 1 1 0 1 1 0 0 0 1 0 1 0 0 0 0 1 1 0 0 0 0 0 1 0 0 1 1 0 0 0 0 0 0]",84
1688,4,gad7,9,PCA,LR,2,0.48837209302325585,0.6036036036036037,21,46,13,31,"[0 0 1 1 0 0 0 0 0 1 1 0 1 0 1 0 1 0 1 0 0 0 0 0 1 0 0 1 0 0 1 0 1 0 1 1 0
 0 0 0 0 0 0 1 0 1 1 0 0 0 0 0 0 0 0 1 1 0 0 0 0 1 0 0 1 0 0 1 0 1 0 0 0 1
 1 0 0 1 0 1 1 0 0 0 0 0 0 0 1 1 0 0 0 0 1 0 0 0 1 0 0 0 0 0 1 0 0 0 0 1 0]",84
1689,4,gad7,9,PCA,XG,2,0.372093023255814,0.5135135135135135,16,41,18,36,"[0 0 0 0 0 1 0 0 0 1 0 1 1 0 0 0 1 0 0 0 0 0 0 0 0 0 0 1 1 0 0 1 1 0 1 0 0
 0 1 0 0 1 0 1 0 1 0 0 0 0 0 0 1 1 0 0 0 1 0 0 1 0 0 0 1 0 0 0 0 0 1 0 0 0
 0 0 0 0 1 1 0 1 1 0 0 1 1 0 1 0 0 0 0 1 1 0 0 0 0 1 1 0 1 1 1 0 0 0 0 0 0]",84
1690,4,gad7,9,PCA,SVC,3,0.6164383561643836,0.4954954954954955,45,10,49,7,"[1 1 1 1 1 0 1 1 1 1 1 1 1 1 1 1 1 1 1 1 1 0 1 0 1 1 1 1 0 1 1 1 1 1 1 1 1
 1 1 1 1 0 1 1 0 1 0 0 1 1 1 1 0 1 1 1 1 1 1 1 1 1 1 0 1 1 1 0 1 1 1 1 0 1
 1 0 0 1 1 1 1 1 1 1 1 1 1 0 1 0 1 1 1 1 1 0 1 1 1 1 1 1 1 1 1 1 1 1 1 1 1]",84
1691,4,gad7,9,PCA,kNN,3,0.5471698113207548,0.5675675675675675,29,34,25,23,"[1 0 0 1 1 0 1 0 1 0 0 1 1 0 1 0 1 0 0 1 0 1 1 0 1 0 1 1 0 0 0 1 0 0 0 1 1
 1 0 0 0 0 1 1 0 0 0 0 0 1 1 0 1 1 1 1 1 1 1 1 1 0 0 0 0 0 1 0 0 1 0 1 0 1
 1 1 0 0 1 1 0 0 1 1 0 0 0 0 1 0 0 1 1 0 1 0 0 0 1 1 1 0 1 0 1 1 0 0 1 0 1]",84
1692,4,gad7,9,PCA,RF,3,0.30588235294117644,0.46846846846846846,13,39,20,39,"[0 0 0 1 1 0 0 0 0 1 0 0 0 0 1 0 1 0 0 0 0 0 0 0 1 1 0 1 0 0 0 1 0 1 0 0 0
 0 0 0 0 0 1 1 0 1 0 0 0 0 1 0 1 0 0 0 0 1 1 0 1 0 0 0 1 0 0 0 0 0 0 1 0 0
 1 1 0 0 0 1 0 0 1 1 0 0 0 0 0 0 0 1 1 1 0 0 0 0 0 0 1 0 1 0 0 1 1 0 0 0 1]",84
1693,4,gad7,9,PCA,LR,3,0.5225225225225225,0.5225225225225225,29,29,30,23,"[0 1 1 1 0 0 0 1 0 0 1 0 1 0 1 1 1 0 1 1 1 0 1 0 1 0 0 1 0 1 1 1 1 0 1 1 1
 1 1 0 1 0 0 1 0 1 0 0 0 0 0 1 0 1 0 1 1 0 0 1 0 1 0 0 1 0 1 0 0 1 1 1 0 0
 1 0 0 1 0 1 1 1 0 0 1 0 0 0 1 1 1 0 0 1 1 0 1 0 1 1 0 0 1 1 1 0 1 1 1 1 0]",84
1694,4,gad7,9,PCA,XG,3,0.2716049382716049,0.46846846846846846,11,41,18,41,"[0 0 0 0 0 1 0 1 0 0 0 0 0 0 1 0 0 0 0 0 0 0 0 0 0 1 0 0 1 0 0 1 0 1 1 0 0
 0 0 0 0 1 1 1 0 1 0 0 0 0 0 0 1 1 0 0 0 1 1 0 1 0 0 0 1 0 0 0 0 0 0 0 0 0
 0 0 0 0 0 1 0 0 1 1 0 1 0 0 0 0 0 1 1 1 1 0 0 0 0 0 1 0 1 0 0 0 0 0 0 0 1]",84
1695,4,gad7,9,PCA,SVC,4,0.5755395683453237,0.46846846846846846,40,12,47,12,"[0 1 1 1 1 0 1 1 0 1 1 1 1 0 1 1 1 1 1 1 1 0 1 0 1 1 1 1 0 1 1 1 1 1 1 1 1
 1 1 1 1 0 1 1 0 1 0 0 1 1 0 1 1 1 1 1 1 1 1 1 1 1 0 0 1 0 1 0 1 1 1 1 0 1
 1 0 0 1 1 1 1 1 1 1 1 0 1 0 1 0 1 0 1 1 1 0 1 1 1 1 1 1 1 1 1 1 1 1 1 1 1]",84
1696,4,gad7,9,PCA,kNN,4,0.5825242718446602,0.6126126126126126,30,38,21,22,"[1 0 1 1 1 0 1 0 1 1 1 1 0 0 1 0 1 0 0 0 0 0 1 0 0 0 1 1 0 0 0 1 0 1 0 1 1
 0 0 0 1 0 1 0 0 0 0 0 0 1 0 0 1 1 0 1 1 1 1 1 1 1 0 0 0 0 0 0 1 1 0 0 0 1
 1 1 0 0 1 0 0 1 1 1 1 0 0 0 1 0 0 1 1 1 1 0 0 0 1 0 1 0 1 0 1 1 0 0 1 0 0]",84
1697,4,gad7,9,PCA,RF,4,0.39534883720930236,0.5315315315315315,17,42,17,35,"[0 0 1 1 1 0 1 0 0 1 0 0 0 0 0 0 1 0 0 0 0 0 0 0 1 1 0 1 0 0 0 1 1 0 1 0 0
 0 0 0 0 0 1 1 0 1 0 0 0 0 1 0 1 1 0 0 0 1 1 0 1 0 0 0 0 0 0 0 0 1 0 1 0 0
 0 1 0 0 0 1 0 0 1 1 0 0 0 0 1 0 0 1 0 0 0 0 0 0 0 0 1 0 1 0 1 0 0 0 1 0 1]",84
1698,4,gad7,9,PCA,LR,4,0.5565217391304348,0.5405405405405406,32,28,31,20,"[0 1 1 1 1 0 0 1 0 0 1 1 1 0 1 1 1 0 1 1 1 0 1 0 1 0 0 1 0 1 1 0 1 0 1 1 1
 1 1 0 1 0 1 1 0 1 0 0 0 1 0 1 0 1 0 1 1 0 0 1 1 1 0 0 1 0 1 0 0 1 1 1 0 0
 1 0 0 1 0 1 1 1 0 0 1 0 0 0 1 1 1 0 0 1 1 0 1 0 1 1 0 0 1 1 1 1 1 1 0 1 0]",84
1699,4,gad7,9,PCA,XG,4,0.3,0.4954954954954955,12,43,16,40,"[0 0 0 1 0 0 0 0 0 0 1 0 0 0 0 0 1 0 0 0 0 0 0 0 1 1 0 0 1 0 0 1 1 1 0 0 0
 0 0 0 0 0 1 0 0 1 0 0 0 0 1 0 1 1 0 1 0 1 1 0 1 0 0 0 0 0 0 0 0 1 0 1 0 0
 0 1 0 0 0 0 0 0 1 1 0 0 0 0 0 0 0 1 0 0 0 0 0 0 0 0 1 0 1 0 0 0 0 0 0 1 1]",84
1700,4,gad7,9,PCA,SVC,1,0.4421052631578947,0.5225225225225225,21,37,22,31,"[0 1 1 0 1 1 1 1 1 0 0 0 0 0 0 0 1 0 0 0 1 1 1 1 1 0 0 0 0 0 1 0 0 0 0 0 1
 0 0 0 0 1 0 0 0 1 0 1 1 0 1 0 0 1 0 1 0 0 0 0 0 1 0 0 1 1 1 0 0 1 1 1 1 1
 1 0 0 0 0 0 0 0 0 1 0 0 0 1 0 0 1 1 1 1 0 0 0 1 0 0 0 1 0 1 0 0 0 1 0 1 0]",85
1701,4,gad7,9,PCA,kNN,1,0.5357142857142857,0.5315315315315315,30,29,30,22,"[1 1 1 0 1 1 1 1 0 0 0 1 0 0 1 0 1 0 0 1 1 1 1 1 1 0 1 0 1 0 1 1 0 0 1 0 0
 0 1 0 1 1 0 0 0 1 0 1 1 0 1 0 1 1 0 1 0 0 0 0 1 1 0 0 1 1 1 0 0 1 1 1 0 1
 1 1 0 0 0 1 0 1 1 1 1 1 1 0 0 0 1 0 1 1 1 1 0 1 0 0 0 1 1 0 1 0 0 1 1 0 0]",85
1702,4,gad7,9,PCA,RF,1,0.44680851063829785,0.5315315315315315,21,38,21,31,"[1 1 0 0 0 0 0 0 0 0 0 1 0 0 1 0 1 0 0 1 1 1 0 1 1 0 0 0 1 0 1 1 0 0 1 0 1
 0 0 0 1 1 1 0 0 0 0 0 1 0 1 0 1 0 1 0 0 0 0 0 1 0 0 0 1 1 1 0 0 0 1 0 0 1
 1 0 0 0 0 1 0 0 0 1 0 1 1 1 0 0 1 1 0 0 0 0 1 1 0 0 0 0 1 0 1 0 0 1 0 0 1]",85
1703,4,gad7,9,PCA,LR,1,0.3409090909090909,0.4774774774774775,15,38,21,37,"[0 1 1 0 1 1 1 0 0 0 0 0 0 0 0 0 1 0 0 0 1 1 1 1 1 0 0 0 0 0 1 0 0 0 0 0 1
 0 0 0 0 1 0 0 0 1 0 1 1 0 1 0 0 1 0 0 0 0 0 0 0 1 0 0 1 1 1 0 0 1 0 0 0 1
 1 0 0 0 0 0 0 0 0 0 0 0 0 1 0 0 1 1 1 1 0 0 0 1 0 0 0 1 0 1 0 0 0 1 0 1 0]",85
1704,4,gad7,9,PCA,XG,1,0.5346534653465348,0.5765765765765766,27,37,22,25,"[1 1 0 0 1 0 1 1 0 0 0 1 0 0 1 0 1 0 0 1 1 1 1 1 1 0 0 0 1 0 1 1 0 0 1 0 1
 0 0 0 1 1 1 0 0 0 0 0 1 0 1 0 1 0 1 0 0 0 0 0 1 1 0 0 1 1 1 0 0 0 1 1 0 1
 1 0 0 0 0 1 0 0 0 1 0 1 1 1 0 0 1 1 1 0 0 0 1 1 0 0 0 1 1 0 1 0 0 1 0 0 0]",85
1705,4,gad7,9,PCA,SVC,2,0.4423076923076923,0.4774774774774775,23,30,29,29,"[1 1 1 0 1 1 1 1 0 0 0 0 1 0 0 0 1 0 0 0 1 1 1 1 1 0 0 0 0 1 1 0 0 0 0 0 1
 0 0 0 0 1 0 1 0 1 0 1 1 0 1 0 1 1 0 0 0 0 0 0 0 1 0 0 1 1 1 0 0 1 1 0 0 1
 1 1 0 0 0 0 0 0 1 1 0 0 1 1 0 0 1 1 1 1 1 0 0 1 0 1 1 1 0 1 0 1 1 1 0 1 0]",85
1706,4,gad7,9,PCA,kNN,2,0.5210084033613446,0.4864864864864865,31,23,36,21,"[0 1 1 1 1 1 1 1 0 0 0 1 0 0 1 1 1 0 0 0 1 1 1 1 0 0 1 0 1 0 0 1 0 1 1 1 1
 1 0 0 0 1 0 1 0 1 0 1 1 0 1 0 1 1 1 0 0 1 0 1 0 1 1 1 1 1 1 1 1 0 1 0 1 1
 1 1 1 0 1 1 0 1 0 1 1 0 0 0 0 1 1 1 1 1 1 0 0 1 0 0 1 1 0 1 1 0 1 0 1 1 0]",85
1707,4,gad7,9,PCA,RF,2,0.4313725490196078,0.4774774774774775,22,31,28,30,"[0 1 0 1 1 0 0 1 0 0 0 1 0 0 0 0 1 0 0 0 1 1 1 1 1 0 0 0 1 0 1 1 0 0 0 0 1
 0 0 0 0 1 1 1 0 0 0 0 1 0 1 0 0 1 1 1 0 1 0 1 0 1 1 0 1 1 1 1 0 0 1 0 0 1
 1 1 0 0 0 1 1 0 0 0 0 0 1 1 0 1 1 1 1 0 1 0 0 1 0 0 1 1 0 0 1 0 1 1 0 0 0]",85
1708,4,gad7,9,PCA,LR,2,0.49019607843137253,0.5315315315315315,25,34,25,27,"[1 0 1 0 1 1 1 1 0 1 0 0 1 0 0 0 1 0 0 0 0 0 1 1 0 0 0 0 1 1 1 0 0 0 0 0 1
 1 0 0 1 1 0 1 0 1 0 1 1 0 1 0 1 1 1 0 0 0 0 0 1 0 0 1 1 1 1 0 0 1 1 0 0 0
 0 1 0 0 0 0 0 0 1 1 0 0 1 1 0 0 1 1 1 1 1 0 0 1 0 1 1 1 0 0 0 1 1 1 0 0 0]",85
1709,4,gad7,9,PCA,XG,2,0.3636363636363637,0.4954954954954955,16,39,20,36,"[0 1 0 1 0 0 0 1 0 0 0 1 0 0 0 0 0 0 0 0 1 1 1 0 1 0 0 0 1 0 1 1 0 1 0 0 1
 0 0 0 0 0 0 0 0 0 0 1 1 0 0 0 0 1 1 0 0 1 0 1 0 1 1 0 0 0 0 0 0 0 0 0 0 1
 1 0 0 0 1 1 1 0 0 0 0 0 1 1 0 1 0 1 1 0 1 0 0 1 0 0 0 1 0 0 1 0 0 1 0 0 0]",85
1710,4,gad7,9,PCA,SVC,3,0.42000000000000004,0.4774774774774775,21,32,27,31,"[1 1 1 0 1 1 1 1 0 0 0 0 1 0 0 0 1 0 0 0 1 0 1 1 0 0 0 0 1 1 1 0 0 0 0 0 1
 0 0 0 0 1 0 1 0 1 0 1 1 0 1 0 1 1 1 0 0 0 0 0 0 0 0 0 1 1 1 0 0 1 1 0 0 1
 1 1 0 0 0 0 0 0 1 1 0 0 1 1 0 0 1 1 1 1 1 0 0 1 0 1 1 1 0 0 0 0 1 1 0 0 0]",85
1711,4,gad7,9,PCA,kNN,3,0.5309734513274337,0.5225225225225225,30,28,31,22,"[1 1 1 1 1 1 0 1 1 0 0 1 1 1 1 1 1 0 0 0 1 1 1 1 0 0 0 0 1 0 0 1 0 1 1 1 1
 0 0 1 1 1 1 0 0 1 0 1 1 0 1 0 1 1 0 0 0 0 1 0 0 1 1 1 1 1 1 1 0 0 0 1 1 1
 0 1 0 0 0 1 1 1 0 0 1 1 0 0 0 0 1 1 1 1 1 0 1 1 0 0 0 0 0 0 0 1 1 0 0 1 0]",85
1712,4,gad7,9,PCA,RF,3,0.4,0.4864864864864865,19,35,24,33,"[1 1 0 1 0 0 0 1 0 0 0 1 0 0 0 0 1 0 0 0 1 1 1 1 1 0 0 0 1 0 0 1 0 1 1 1 1
 0 0 0 0 1 0 1 0 0 0 0 1 0 1 0 0 1 1 1 0 0 0 0 0 1 1 0 1 1 1 1 0 0 0 0 0 1
 0 0 0 0 0 1 1 0 0 1 0 0 1 1 0 1 1 1 1 0 1 0 0 1 0 0 0 0 0 0 0 0 0 0 0 1 0]",85
1713,4,gad7,9,PCA,LR,3,0.5046728971962617,0.5225225225225225,27,31,28,25,"[1 1 1 0 1 1 1 0 0 1 0 0 1 0 0 0 1 0 0 0 0 1 1 1 0 0 0 0 1 1 1 0 0 0 0 0 1
 1 0 0 1 1 0 1 0 1 0 1 1 0 1 0 1 1 1 0 0 0 0 0 1 1 0 1 1 1 1 0 0 1 1 0 1 1
 0 1 0 0 0 0 0 0 1 1 0 0 1 1 0 0 1 1 1 1 1 0 0 1 0 1 1 1 0 0 0 1 1 1 0 1 0]",85
1714,4,gad7,9,PCA,XG,3,0.45161290322580644,0.5405405405405406,21,39,20,31,"[1 1 1 0 0 0 0 1 0 0 0 1 0 0 0 0 0 0 0 0 1 1 1 0 1 0 0 0 1 0 0 1 1 1 0 1 1
 0 0 1 1 0 0 1 0 0 0 0 1 0 0 0 0 1 1 1 0 0 1 0 0 1 1 1 0 0 0 1 0 0 0 0 1 1
 1 0 0 0 0 1 0 0 0 1 0 1 1 1 0 0 0 1 1 0 1 0 0 1 0 0 0 0 0 1 0 0 0 0 0 1 0]",85
1715,4,gad7,9,PCA,SVC,4,0.4770642201834862,0.4864864864864865,26,28,31,26,"[1 1 1 0 1 1 1 1 1 1 0 0 1 0 0 1 1 0 0 0 1 0 1 1 0 0 0 0 1 1 1 1 0 0 0 0 1
 1 0 0 1 1 0 1 0 1 0 1 1 0 1 0 1 1 1 0 0 0 0 0 1 0 0 0 1 1 1 0 0 1 1 0 0 1
 1 1 0 0 0 0 0 0 1 1 0 0 1 1 0 0 1 1 1 1 1 0 0 1 0 1 1 1 1 0 0 1 1 1 0 0 0]",85
1716,4,gad7,9,PCA,kNN,4,0.5132743362831858,0.5045045045045045,29,27,32,23,"[0 1 1 1 1 1 1 1 1 1 0 0 0 0 0 1 1 1 0 0 1 1 1 1 1 0 0 0 1 0 0 1 1 1 0 1 1
 0 0 0 0 1 1 0 0 1 0 1 1 0 1 0 1 1 1 1 1 0 1 0 0 0 0 1 1 1 1 1 0 0 0 0 1 1
 1 1 0 0 1 0 1 1 0 0 0 1 0 0 0 1 1 1 1 1 1 0 1 1 0 0 0 1 0 0 0 1 1 1 0 1 0]",85
1717,4,gad7,9,PCA,RF,4,0.4716981132075472,0.4954954954954955,25,30,29,27,"[1 1 1 1 1 0 0 1 0 0 0 1 0 1 0 0 1 0 1 0 1 1 1 1 0 0 0 1 1 0 0 1 0 1 1 1 1
 0 0 0 0 1 1 0 0 0 0 0 0 0 1 0 1 1 1 1 0 1 1 0 0 1 0 1 1 1 1 1 0 1 0 0 1 1
 1 1 0 0 0 0 0 0 0 0 0 0 1 1 0 1 1 1 1 1 1 0 0 1 0 0 0 1 0 1 0 0 1 0 0 1 0]",85
1718,4,gad7,9,PCA,LR,4,0.4950495049504951,0.5405405405405406,25,35,24,27,"[1 0 1 0 1 1 1 1 0 1 0 0 1 0 0 0 1 0 0 0 0 1 1 1 0 0 0 0 1 1 1 0 0 0 0 0 1
 0 0 0 1 1 0 1 0 1 0 1 1 0 1 0 1 1 0 0 0 0 0 0 1 1 0 1 1 1 1 0 0 1 1 0 0 0
 0 1 0 0 0 0 0 0 1 1 0 0 1 1 0 0 1 1 1 1 1 0 0 0 0 1 1 1 0 0 0 1 1 1 0 0 0]",85
1719,4,gad7,9,PCA,XG,4,0.4761904761904762,0.5045045045045045,25,31,28,27,"[0 1 1 0 1 0 0 1 0 0 0 1 0 0 0 0 1 0 0 0 1 1 1 1 1 0 0 0 1 0 0 1 1 1 1 1 1
 0 0 0 0 1 0 0 0 0 0 0 0 0 1 0 0 1 1 1 1 1 1 0 0 1 0 1 1 1 1 1 0 1 0 0 1 1
 1 1 0 0 1 0 0 0 0 1 0 0 1 1 0 1 1 1 1 1 1 0 0 1 0 0 0 1 0 1 1 0 0 1 0 1 0]",85
1720,4,gad7,9,PCA,SVC,1,0.5081967213114755,0.4594594594594595,31,20,39,21,"[1 1 1 1 0 0 0 0 0 0 0 0 0 1 1 0 0 1 1 1 0 1 1 1 1 1 1 1 1 1 0 1 0 0 0 1 0
 1 1 1 1 1 0 1 0 1 1 0 1 0 1 1 1 1 1 0 1 0 0 0 1 0 1 1 0 0 1 1 1 1 0 0 1 1
 1 1 1 1 0 0 1 1 1 1 1 1 1 1 0 1 0 1 1 1 0 0 1 1 1 1 1 0 0 0 1 1 0 0 1 1 1]",86
1721,4,gad7,9,PCA,kNN,1,0.4897959183673469,0.5495495495495496,24,37,22,28,"[0 1 1 0 0 1 1 0 0 0 0 1 0 1 0 0 0 1 1 0 0 1 1 1 1 0 0 1 0 1 0 1 0 0 0 1 0
 0 1 0 0 1 0 0 1 1 1 0 0 0 0 1 0 1 0 0 0 0 0 1 1 1 1 1 0 0 0 0 0 0 1 0 1 0
 1 1 0 1 1 0 1 0 0 1 0 0 0 1 1 0 0 0 0 0 0 1 0 1 1 1 0 0 1 0 1 1 0 0 0 1 0]",86
1722,4,gad7,9,PCA,RF,1,0.43373493975903615,0.5765765765765766,18,46,13,34,"[0 0 0 0 1 1 0 0 0 0 0 0 0 1 0 0 1 0 1 0 0 1 1 1 0 0 0 0 0 1 1 1 0 1 0 0 1
 0 1 0 0 1 0 0 0 0 1 0 1 0 0 0 0 0 0 0 0 0 0 1 1 0 0 1 0 0 0 0 0 1 1 0 0 0
 0 1 0 0 1 1 0 1 0 0 0 0 0 0 0 0 0 0 1 0 0 0 0 1 0 0 0 0 1 0 1 0 1 0 0 0 0]",86
1723,4,gad7,9,PCA,LR,1,0.4130434782608696,0.5135135135135135,19,38,21,33,"[0 1 0 0 0 1 1 1 1 1 1 1 0 1 0 1 0 0 0 0 1 0 0 0 0 1 0 0 0 1 0 0 1 1 0 0 0
 0 0 1 0 0 0 0 0 1 0 1 0 1 0 0 0 0 0 1 0 1 0 1 0 1 0 0 1 0 0 0 0 0 1 0 0 0
 1 0 1 0 1 1 1 0 0 0 0 0 0 0 1 0 1 0 0 0 1 1 0 0 0 0 0 1 1 1 0 1 0 1 0 1 0]",86
1724,4,gad7,9,PCA,XG,1,0.37499999999999994,0.5495495495495496,15,46,13,37,"[0 0 0 0 0 1 0 0 0 0 0 0 0 1 0 0 1 0 1 0 0 1 1 1 1 0 0 0 0 1 0 1 0 1 0 0 1
 0 1 0 0 1 0 0 0 0 1 0 1 0 0 0 0 0 0 0 0 0 0 1 1 0 0 1 0 0 0 0 0 0 1 0 0 0
 0 1 0 0 1 1 0 0 0 0 0 0 0 0 0 0 0 0 0 0 0 0 0 1 0 1 0 0 1 0 1 0 1 0 0 0 0]",86
1725,4,gad7,9,PCA,SVC,2,0.43298969072164945,0.5045045045045045,21,35,24,31,"[1 1 1 0 1 0 0 0 0 0 0 0 1 1 1 1 1 0 0 0 0 1 0 0 0 1 0 0 1 1 1 0 0 0 0 0 0
 0 1 1 1 1 1 1 1 1 0 0 0 0 0 0 0 1 1 0 1 0 0 0 0 0 0 0 1 1 0 1 0 1 0 1 1 0
 1 0 1 0 0 0 1 0 0 1 1 1 1 0 0 0 0 0 1 1 0 0 1 0 0 0 0 0 0 0 0 1 1 0 1 0 1]",86
1726,4,gad7,9,PCA,kNN,2,0.44660194174757284,0.4864864864864865,23,31,28,29,"[1 0 1 0 1 1 1 0 0 0 0 1 0 1 1 1 0 1 1 0 1 1 1 0 1 1 1 0 0 1 0 0 0 0 0 1 0
 0 1 0 1 1 0 1 0 1 0 1 0 0 0 0 0 1 1 0 1 0 0 1 0 1 0 0 0 0 1 1 0 1 1 1 1 0
 0 1 1 1 0 0 0 0 1 1 1 1 0 1 1 0 0 0 0 1 0 1 1 0 0 0 0 0 0 1 0 0 1 0 0 1 0]",86
1727,4,gad7,9,PCA,RF,2,0.4583333333333333,0.5315315315315315,22,37,22,30,"[1 0 1 1 1 0 0 0 0 0 0 1 0 0 0 0 1 0 0 0 0 1 1 0 1 0 1 1 0 1 0 0 0 0 0 1 0
 0 0 0 1 1 1 1 1 0 1 1 0 0 1 0 0 1 0 0 0 0 0 1 0 1 0 1 0 0 0 1 0 1 1 1 0 0
 1 1 0 1 0 0 1 0 1 0 1 1 0 1 1 0 0 0 0 1 0 1 0 1 0 0 0 0 0 0 1 1 1 0 0 0 0]",86
1728,4,gad7,9,PCA,LR,2,0.509433962264151,0.5315315315315315,27,32,27,25,"[0 0 1 0 1 0 1 1 1 1 1 0 1 0 1 0 1 0 0 0 1 1 0 0 0 0 0 0 0 0 1 0 1 1 0 0 0
 0 1 1 1 0 1 1 1 1 0 0 0 1 0 0 0 1 1 1 1 1 0 1 0 1 0 0 1 1 0 1 0 0 1 1 0 0
 0 0 0 0 1 1 1 0 0 0 0 1 1 0 1 0 1 0 1 1 1 1 1 0 0 0 0 1 1 1 0 0 1 1 0 1 1]",86
1729,4,gad7,9,PCA,XG,2,0.4536082474226804,0.5225225225225225,22,36,23,30,"[1 0 1 0 0 0 0 0 0 0 0 1 0 1 0 0 1 0 0 0 0 1 1 0 1 0 0 0 1 1 0 0 0 1 0 1 1
 0 0 1 1 1 0 1 1 0 1 1 0 0 0 0 0 1 0 0 0 0 0 1 1 1 0 1 0 0 0 0 0 1 0 1 0 0
 0 1 0 0 0 1 1 1 1 0 0 1 0 1 1 0 0 0 1 1 0 1 0 1 0 1 0 0 0 0 1 1 1 0 1 1 0]",86
1730,4,gad7,9,PCA,SVC,3,0.380952380952381,0.5315315315315315,16,43,16,36,"[0 1 1 0 1 0 0 0 0 0 0 0 1 0 1 0 1 0 1 0 0 1 0 0 0 0 0 0 0 1 1 0 0 0 0 0 0
 0 1 1 1 0 0 1 1 1 0 0 0 0 0 0 0 1 1 0 1 0 0 0 0 0 0 0 0 1 0 1 0 0 0 1 0 0
 0 0 0 0 0 0 1 0 0 0 0 1 1 0 0 0 0 0 1 1 0 0 1 0 0 0 0 0 0 0 0 1 1 0 0 1 1]",86
1731,4,gad7,9,PCA,kNN,3,0.45999999999999996,0.5135135135135135,23,34,25,29,"[0 0 1 0 1 1 1 0 1 0 0 1 0 0 0 1 1 0 0 1 1 1 0 0 1 0 0 0 0 1 0 0 0 0 0 0 0
 0 1 0 0 0 0 1 1 1 0 1 0 0 1 0 0 1 1 1 0 1 0 1 1 1 1 1 1 0 1 1 0 0 1 1 1 0
 1 1 0 0 0 1 0 1 0 1 0 0 1 0 1 0 0 0 0 1 0 1 0 0 1 0 0 0 0 1 1 0 0 1 0 1 0]",86
1732,4,gad7,9,PCA,RF,3,0.3870967741935483,0.4864864864864865,18,36,23,34,"[0 0 0 0 1 0 1 0 0 0 0 1 0 0 0 0 1 0 1 0 1 1 1 0 1 0 1 0 1 1 0 0 0 0 0 1 0
 0 0 0 1 0 0 1 1 0 0 0 0 0 1 0 0 0 0 0 0 0 0 1 1 1 0 1 0 0 1 1 0 0 1 1 0 0
 1 1 0 1 1 1 1 1 0 0 0 0 0 0 1 0 0 0 0 1 0 1 0 0 0 1 0 0 0 1 1 1 1 0 0 1 0]",86
1733,4,gad7,9,PCA,LR,3,0.47058823529411764,0.5135135135135135,24,33,26,28,"[1 1 1 0 1 0 0 0 0 0 0 0 1 1 1 1 1 0 0 0 0 1 0 0 0 1 0 0 1 1 1 0 0 0 0 0 0
 0 1 1 1 1 0 1 1 1 0 0 0 0 0 0 0 1 1 0 1 0 0 0 0 0 0 0 1 1 0 1 0 1 0 1 1 0
 1 0 1 0 1 0 1 0 1 1 1 1 1 0 1 0 0 0 1 1 1 1 1 0 0 0 0 0 0 0 0 1 1 0 1 1 1]",86
1734,4,gad7,9,PCA,XG,3,0.3409090909090909,0.4774774774774775,15,38,21,37,"[0 0 1 0 0 0 0 0 1 0 0 1 0 0 0 0 1 0 1 0 0 1 0 0 1 0 0 0 1 1 0 0 0 0 0 0 1
 0 0 0 0 0 1 1 1 0 0 0 0 0 1 0 0 0 0 0 0 0 0 1 1 1 0 1 0 0 0 1 0 0 1 0 1 0
 1 1 0 0 1 0 1 1 0 0 0 0 0 0 1 1 0 0 0 1 0 1 0 0 0 1 0 0 0 1 1 1 1 0 0 1 0]",86
1735,4,gad7,9,PCA,SVC,4,0.5333333333333333,0.5585585585585585,28,34,25,24,"[1 0 1 0 1 1 1 0 1 1 1 1 1 1 1 0 1 0 1 0 1 1 1 0 0 0 0 0 0 0 1 0 0 1 0 1 0
 0 1 1 1 0 0 1 1 1 0 1 0 0 0 0 0 1 1 1 1 1 0 1 0 1 0 0 0 1 0 1 0 0 1 1 0 0
 0 0 0 0 0 1 1 0 0 0 0 1 1 0 0 0 0 0 1 1 0 1 1 0 0 0 0 0 1 1 0 1 1 1 0 1 1]",86
1736,4,gad7,9,PCA,kNN,4,0.4716981132075472,0.4954954954954955,25,30,29,27,"[0 1 0 1 0 1 1 1 0 0 0 1 0 1 1 0 0 1 0 1 1 1 1 1 1 0 1 0 0 1 0 0 1 1 0 1 0
 0 1 0 0 0 1 1 0 1 1 1 0 1 1 0 0 0 1 1 0 1 0 1 1 1 0 0 0 1 0 1 1 1 1 0 0 0
 1 0 1 1 0 1 0 0 0 0 1 0 1 0 1 0 1 0 0 1 0 1 0 1 0 1 0 1 0 0 0 0 0 1 0 1 0]",86
1737,4,gad7,9,PCA,RF,4,0.41666666666666663,0.4954954954954955,20,35,24,32,"[0 0 0 1 1 0 0 0 0 0 0 1 0 0 1 0 1 0 1 0 0 1 1 0 1 0 1 0 1 1 0 1 0 0 0 1 0
 0 1 1 1 0 0 1 1 0 0 1 0 0 1 0 0 0 1 1 0 1 0 1 1 1 0 1 0 0 1 1 1 0 1 1 0 0
 1 0 0 1 1 0 1 1 0 0 0 0 0 0 1 0 0 0 0 1 0 1 0 0 0 1 0 0 0 0 0 1 0 0 0 1 0]",86
1738,4,gad7,9,PCA,LR,4,0.47058823529411764,0.5135135135135135,24,33,26,28,"[1 1 1 0 1 0 0 0 0 0 0 0 1 0 1 1 1 0 0 0 0 1 0 0 0 1 0 0 1 1 1 0 0 0 0 0 0
 0 1 1 1 1 0 1 1 1 0 0 0 0 0 0 0 1 1 0 1 0 0 0 0 0 0 0 1 1 0 1 0 1 0 1 1 0
 1 0 1 0 1 0 1 0 1 1 1 1 1 0 1 0 0 0 1 1 1 1 1 0 0 0 0 0 0 0 1 1 1 0 1 1 1]",86
1739,4,gad7,9,PCA,XG,4,0.33707865168539325,0.46846846846846846,15,37,22,37,"[0 0 0 0 1 0 0 0 0 0 0 1 0 0 0 0 1 0 1 0 0 1 1 0 1 0 1 0 0 1 0 0 0 0 0 1 0
 0 1 0 1 0 0 1 1 0 0 1 0 0 1 0 0 0 1 0 0 0 0 1 1 1 0 1 0 0 0 1 1 0 1 1 1 0
 1 0 0 1 1 0 0 1 0 0 0 0 0 0 1 1 0 0 1 0 0 1 0 0 0 1 0 0 0 0 0 1 0 0 0 1 0]",86
1740,4,gad7,9,PCA,SVC,1,0.275,0.4774774774774775,11,42,17,41,"[0 1 1 0 1 0 0 0 0 0 1 0 0 1 1 0 1 0 0 0 0 0 0 0 0 1 1 0 0 0 0 1 0 0 0 0 1
 0 0 1 0 0 1 1 0 1 0 1 1 0 0 0 0 0 1 0 1 0 0 0 0 0 0 0 1 1 0 0 0 0 0 0 0 0
 0 0 0 0 0 0 0 0 0 1 0 0 0 0 0 0 1 0 0 0 0 0 0 1 1 0 0 0 0 0 1 1 0 1 0 0 0]",87
1741,4,gad7,9,PCA,kNN,1,0.3655913978494624,0.46846846846846846,17,35,24,35,"[0 1 1 1 1 1 0 1 1 0 1 0 1 1 1 1 1 0 0 0 0 0 0 0 0 1 0 0 0 0 0 0 0 0 0 0 0
 0 0 1 1 0 0 1 0 1 0 1 0 0 1 0 0 0 0 1 1 1 0 0 0 0 0 0 0 0 1 1 0 0 1 0 0 0
 1 0 0 0 0 0 0 1 0 1 1 0 1 0 0 1 1 0 0 0 0 0 0 0 1 1 1 0 0 1 1 0 1 0 1 0 1]",87
1742,4,gad7,9,PCA,RF,1,0.29629629629629634,0.4864864864864865,12,42,17,40,"[1 1 1 0 1 1 0 1 1 0 0 0 0 0 1 1 0 0 0 0 0 0 0 0 0 0 0 0 0 0 0 0 0 0 1 0 0
 0 0 1 1 0 0 1 0 1 0 1 0 0 0 0 0 1 0 0 1 1 0 0 0 0 0 0 0 0 1 0 0 0 1 0 1 0
 0 0 1 0 0 0 0 1 0 1 0 0 0 0 0 1 1 0 0 0 0 0 0 0 1 1 1 0 0 0 0 0 0 0 0 0 0]",87
1743,4,gad7,9,PCA,LR,1,0.5573770491803278,0.5135135135135135,34,23,36,18,"[1 1 0 1 1 1 1 0 0 0 1 1 0 0 0 1 1 1 1 0 1 0 0 1 0 1 1 1 0 1 0 1 1 1 1 1 1
 1 1 0 1 0 0 1 1 1 0 0 0 0 1 0 1 1 1 1 0 1 1 0 1 0 0 0 1 0 1 0 1 0 1 1 0 1
 1 1 1 1 1 1 0 0 1 1 1 0 1 1 1 1 1 0 1 0 0 1 1 1 0 1 1 0 0 0 1 1 1 1 0 1 1]",87
1744,4,gad7,9,PCA,XG,1,0.21621621621621623,0.4774774774774775,8,45,14,44,"[0 1 1 0 1 1 0 1 1 0 0 0 1 0 1 1 0 0 0 0 0 0 0 0 0 0 0 0 0 0 0 0 0 0 0 0 0
 0 0 1 0 0 0 1 0 1 0 1 0 0 0 0 0 0 0 1 1 1 0 0 0 0 0 0 0 0 0 0 0 0 1 0 0 0
 0 0 0 0 0 0 0 1 0 1 0 0 0 0 0 0 1 0 0 0 0 0 0 0 1 1 0 0 0 0 0 0 0 0 0 0 0]",87
1745,4,gad7,9,PCA,SVC,2,0.15151515151515152,0.4954954954954955,5,50,9,47,"[0 1 1 0 1 0 0 0 0 0 1 0 0 0 0 0 1 0 0 0 0 0 0 0 0 0 0 0 0 0 0 1 0 0 0 0 1
 0 0 0 0 0 0 1 0 0 0 1 0 0 0 0 0 0 1 0 0 0 0 0 0 0 0 0 0 0 0 0 0 0 0 0 0 0
 0 0 0 0 0 0 0 0 0 1 0 0 0 0 0 0 1 0 0 0 0 0 0 0 1 0 0 0 0 0 0 0 0 1 0 0 0]",87
1746,4,gad7,9,PCA,kNN,2,0.37777777777777777,0.4954954954954955,17,38,21,35,"[1 1 1 0 0 1 1 0 0 0 0 0 1 1 1 0 1 0 1 0 0 0 0 0 0 0 0 0 0 0 1 1 0 0 0 1 1
 0 0 0 1 0 0 1 0 0 0 1 1 0 0 0 0 0 1 0 0 1 1 0 0 0 0 0 0 0 1 0 0 0 0 0 0 1
 0 0 1 0 0 0 0 1 1 1 1 0 0 0 0 1 1 0 1 0 0 0 1 0 1 0 0 0 0 1 0 0 1 1 1 0 1]",87
1747,4,gad7,9,PCA,RF,2,0.3132530120481927,0.4864864864864865,13,41,18,39,"[1 1 1 0 0 0 0 0 0 0 0 0 0 0 0 0 0 0 0 0 1 0 0 0 0 1 0 1 0 0 0 0 0 0 0 1 0
 0 1 1 1 0 0 1 0 0 0 1 0 0 0 0 1 0 0 0 1 1 0 0 0 0 1 0 0 0 1 0 0 1 1 0 0 1
 0 0 0 0 0 0 1 1 1 1 1 0 0 0 0 1 0 0 1 0 0 0 1 0 1 0 1 0 0 0 1 0 0 0 0 0 0]",87
1748,4,gad7,9,PCA,LR,2,0.37974683544303794,0.5585585585585585,15,47,12,37,"[0 1 1 0 1 0 0 0 0 0 1 1 0 0 0 0 1 1 0 0 0 0 0 0 0 0 0 0 0 0 0 1 0 0 0 0 1
 0 1 0 0 0 0 1 0 0 0 1 1 0 1 0 0 0 1 0 0 0 0 0 1 0 0 0 0 0 0 0 0 1 1 0 0 0
 0 0 0 0 1 0 0 0 0 1 0 0 1 0 0 1 1 0 0 0 0 0 0 0 1 0 0 0 0 0 0 0 1 1 0 1 0]",87
1749,4,gad7,9,PCA,XG,2,0.39999999999999997,0.5135135135135135,18,39,20,34,"[1 1 1 0 0 1 0 1 0 0 0 0 1 0 0 0 0 0 0 0 1 0 0 0 1 1 0 0 1 0 0 0 1 0 1 1 0
 1 1 1 1 0 0 1 0 0 0 1 0 0 0 0 1 1 0 0 1 1 0 0 0 0 1 0 0 0 1 0 1 0 1 0 0 1
 0 0 0 0 0 0 1 1 0 1 0 0 0 0 0 1 1 0 1 0 0 0 1 0 1 1 0 0 0 0 0 0 1 0 0 0 0]",87
1750,4,gad7,9,PCA,SVC,3,0.25,0.5135135135135135,9,48,11,43,"[0 1 1 0 1 0 0 0 0 0 1 1 0 0 0 0 1 1 0 0 0 0 0 0 0 0 0 0 0 0 0 1 0 0 0 0 1
 0 0 0 0 0 0 1 0 1 0 1 0 0 0 0 0 0 1 0 0 0 0 0 0 0 0 0 0 0 0 0 0 0 0 0 0 0
 0 0 0 0 0 0 0 0 0 1 0 0 1 0 0 1 1 0 0 0 0 0 0 0 1 0 0 0 0 0 0 0 0 1 0 1 0]",87
1751,4,gad7,9,PCA,kNN,3,0.47058823529411764,0.5135135135135135,24,33,26,28,"[1 1 1 1 1 1 1 0 0 0 1 1 0 1 0 0 0 1 1 0 0 1 1 0 0 0 0 0 1 0 1 1 0 0 1 0 1
 0 0 1 1 0 1 1 0 1 0 1 1 1 0 0 1 0 1 0 1 0 1 1 0 0 1 1 0 0 1 0 0 0 0 0 0 0
 1 0 1 0 0 0 0 1 0 1 1 1 0 0 0 1 1 0 0 0 0 0 0 0 1 0 1 1 0 1 0 0 1 1 0 0 1]",87
1752,4,gad7,9,PCA,RF,3,0.39506172839506176,0.5585585585585585,16,46,13,36,"[1 1 1 0 1 1 0 0 1 0 0 0 0 1 0 0 0 0 1 0 0 0 0 0 0 1 0 0 0 0 0 1 1 0 0 1 0
 0 0 0 1 0 0 1 0 1 0 1 0 0 0 0 0 0 0 0 0 0 0 0 0 0 1 0 0 0 1 0 0 0 0 0 0 1
 0 0 0 0 0 0 0 1 0 1 1 0 0 0 0 1 1 0 1 0 0 0 1 0 1 1 0 0 0 0 0 0 1 0 0 0 0]",87
1753,4,gad7,9,PCA,LR,3,0.4444444444444444,0.5495495495495496,20,41,18,32,"[0 1 1 0 1 0 1 0 0 0 1 1 1 1 0 0 1 1 0 0 0 0 0 0 0 1 1 0 0 0 0 1 0 0 0 0 1
 0 0 0 0 0 0 1 1 1 0 1 1 0 1 0 0 0 1 0 0 0 0 0 1 0 0 0 1 0 1 0 0 0 0 0 1 0
 0 0 1 0 1 0 0 0 0 1 0 0 1 0 0 1 1 0 0 1 0 0 0 1 1 0 0 0 0 0 0 1 1 1 0 1 0]",87
1754,4,gad7,9,PCA,XG,3,0.42696629213483145,0.5405405405405406,19,41,18,33,"[1 1 1 0 1 1 1 1 0 0 0 0 0 1 0 0 0 0 1 1 1 0 0 0 0 0 0 0 0 0 0 1 1 0 0 1 0
 0 1 0 1 0 0 1 0 0 0 1 0 0 0 0 1 1 0 0 0 0 0 0 0 0 1 0 0 0 1 0 1 0 1 0 0 1
 0 0 0 0 0 0 0 1 0 1 1 1 0 0 0 1 1 0 1 0 1 0 1 0 1 1 0 0 0 0 0 0 1 0 0 0 0]",87
1755,4,gad7,9,PCA,SVC,4,0.2222222222222222,0.4954954954954955,8,47,12,44,"[0 1 1 0 1 0 0 0 0 0 1 0 0 0 0 0 1 1 0 0 0 0 0 0 0 1 0 0 0 0 0 1 0 0 0 0 1
 0 0 0 0 0 0 1 0 1 0 1 0 0 0 0 0 0 1 0 0 0 0 0 0 0 0 0 0 0 0 0 0 0 0 0 0 0
 0 0 0 0 0 0 0 0 0 1 0 0 1 0 0 1 1 0 0 0 0 0 0 0 1 0 0 0 0 0 0 1 0 1 0 0 0]",87
1756,4,gad7,9,PCA,kNN,4,0.40404040404040403,0.46846846846846846,20,32,27,32,"[1 1 1 1 1 1 0 1 0 0 1 1 0 1 0 0 0 1 1 0 0 1 1 0 0 0 0 0 1 0 1 1 0 0 0 1 1
 0 1 1 1 0 1 0 0 1 0 1 1 1 0 0 0 0 1 1 1 0 0 1 0 0 1 1 0 0 0 0 0 0 0 0 0 0
 0 0 1 0 0 1 0 1 1 1 0 0 0 0 0 0 1 0 0 0 0 1 1 0 1 0 1 1 0 1 0 0 0 1 0 0 1]",87
1757,4,gad7,9,PCA,RF,4,0.35000000000000003,0.5315315315315315,14,45,14,38,"[0 1 1 1 1 1 0 1 1 0 0 0 0 0 0 0 1 0 0 0 0 0 0 0 0 0 0 0 0 0 0 1 1 0 1 1 0
 0 0 0 1 0 1 1 0 0 0 1 0 0 0 0 0 0 0 1 0 0 0 0 0 0 1 0 0 0 0 0 0 0 0 0 0 1
 0 0 0 0 0 0 0 1 0 1 1 0 0 0 0 1 1 0 0 0 0 0 1 0 1 0 1 0 0 0 0 0 1 0 0 0 0]",87
1758,4,gad7,9,PCA,LR,4,0.372093023255814,0.5135135135135135,16,41,18,36,"[0 1 1 0 1 0 1 0 0 0 1 1 0 1 0 0 1 1 0 0 0 0 0 0 0 1 1 0 0 0 0 1 0 0 0 0 1
 0 0 0 0 0 0 1 1 1 0 1 1 0 1 0 0 0 1 0 0 0 0 0 0 0 0 0 1 0 0 0 0 0 0 0 0 0
 0 0 1 0 0 0 0 0 0 1 0 0 1 0 0 1 1 0 1 0 0 0 0 1 1 0 0 0 0 0 1 1 1 1 0 1 0]",87
1759,4,gad7,9,PCA,XG,4,0.3333333333333333,0.5315315315315315,13,46,13,39,"[0 1 1 0 1 1 0 1 0 0 0 0 0 0 0 0 1 0 0 0 0 0 0 0 0 0 0 0 0 0 0 0 1 0 0 1 0
 0 1 0 1 0 1 1 0 0 0 1 0 0 0 0 1 0 0 0 0 0 0 0 0 0 1 0 0 0 0 0 0 0 0 0 0 1
 0 0 0 0 0 0 0 1 0 1 1 0 1 0 0 1 1 0 0 0 0 0 1 0 1 1 0 0 0 0 0 0 1 0 0 0 0]",87
1760,4,gad7,9,PCA,SVC,1,0.39639639639639646,0.3963963963963964,22,22,37,30,"[1 1 1 1 1 0 0 0 1 0 0 0 1 0 1 0 0 0 1 0 0 1 0 0 0 1 1 1 0 1 1 1 0 0 1 1 1
 0 0 1 0 0 0 1 0 0 0 1 1 0 1 0 0 1 0 1 1 0 0 1 1 1 1 0 0 1 0 1 1 1 1 1 0 0
 1 1 1 0 0 1 1 0 1 0 0 0 1 1 0 0 0 1 0 1 0 1 1 1 1 1 0 1 0 1 1 0 1 1 1 1 0]",88
1761,4,gad7,9,PCA,kNN,1,0.4807692307692308,0.5135135135135135,25,32,27,27,"[0 1 1 0 0 0 0 1 1 0 0 0 0 1 0 0 0 0 0 0 1 1 1 0 0 1 0 1 0 1 0 1 0 1 1 1 1
 0 0 0 0 0 0 1 1 0 1 1 1 0 0 0 1 1 0 1 1 1 1 1 0 1 1 1 0 1 1 0 1 0 0 0 0 1
 0 1 0 0 1 0 0 0 0 1 1 1 1 1 0 0 0 1 1 1 1 1 1 1 0 0 0 0 0 0 1 0 0 0 1 1 0]",88
1762,4,gad7,9,PCA,RF,1,0.4210526315789474,0.5045045045045045,20,36,23,32,"[0 1 0 0 0 1 0 0 0 0 0 0 0 1 1 0 1 0 0 0 1 1 1 0 0 1 1 1 0 0 1 1 0 0 1 1 0
 0 1 0 0 0 0 0 1 0 1 0 0 0 0 0 0 1 0 0 1 1 1 0 1 0 0 0 0 1 1 1 1 0 1 0 0 1
 0 1 0 0 1 0 0 0 1 1 1 0 1 0 0 0 0 1 0 1 0 1 1 1 0 0 0 0 0 0 1 0 0 0 1 1 0]",88
1763,4,gad7,9,PCA,LR,1,0.512,0.45045045045045046,32,18,41,20,"[0 1 0 1 1 1 0 1 1 0 1 0 1 1 1 1 1 1 1 0 0 1 1 0 1 1 0 1 0 1 1 0 1 1 0 1 1
 1 1 1 0 1 1 0 1 1 1 1 1 0 1 0 1 1 1 0 0 1 1 0 1 0 1 0 1 1 1 1 1 1 1 1 0 0
 1 1 1 1 0 1 1 0 1 0 0 0 1 0 1 0 0 1 1 1 0 1 1 1 1 1 0 1 1 1 1 0 0 1 0 0 0]",88
1764,4,gad7,9,PCA,XG,1,0.40860215053763443,0.5045045045045045,19,37,22,33,"[0 1 0 0 0 0 0 0 1 0 0 0 0 1 1 0 1 0 0 0 1 1 1 0 0 1 1 1 0 0 1 0 0 0 1 1 0
 0 1 0 0 0 0 0 1 0 1 0 0 0 0 0 0 1 0 0 1 1 1 0 0 0 0 0 0 1 1 1 1 0 1 0 0 1
 0 1 0 0 1 0 1 0 0 1 1 0 1 0 0 0 0 1 0 1 0 1 1 1 0 0 0 0 0 0 1 0 0 0 1 1 0]",88
1765,4,gad7,9,PCA,SVC,2,0.37499999999999994,0.5495495495495496,15,46,13,37,"[0 0 0 1 0 1 0 0 1 0 0 0 0 1 0 1 1 0 0 0 0 0 0 0 0 0 0 0 0 0 0 0 0 1 1 0 1
 1 1 0 0 0 1 1 0 1 0 0 0 0 1 0 0 0 1 0 0 0 0 0 1 0 0 0 1 0 1 0 0 1 0 0 0 0
 0 0 1 0 0 0 0 0 1 0 1 0 0 0 0 0 0 0 1 0 0 0 0 1 0 0 0 0 0 1 1 0 0 1 0 0 0]",88
1766,4,gad7,9,PCA,kNN,2,0.4954128440366972,0.5045045045045045,27,29,30,25,"[0 1 1 1 1 1 0 1 1 0 0 0 1 1 0 1 1 0 0 1 1 1 1 0 0 0 0 1 1 1 0 0 0 0 1 0 0
 1 1 0 0 1 1 1 0 0 1 1 1 0 0 0 1 1 1 1 0 0 0 1 0 1 1 1 1 1 0 1 1 0 0 0 0 1
 1 0 0 0 0 0 0 0 0 1 1 1 0 1 0 0 0 1 1 1 1 0 0 1 0 0 1 1 0 1 1 0 0 1 1 0 1]",88
1767,4,gad7,9,PCA,RF,2,0.5208333333333334,0.5855855855855856,25,40,19,27,"[0 1 0 0 0 1 0 1 0 0 1 0 1 1 1 0 0 0 0 0 0 1 1 0 0 0 1 1 0 1 1 0 0 0 1 0 1
 0 0 0 0 0 1 1 1 1 0 0 0 0 0 0 0 1 1 1 0 1 1 1 0 0 1 0 0 1 0 1 1 0 1 0 0 1
 1 1 0 1 0 0 0 0 0 1 1 0 1 0 0 0 0 1 1 1 1 0 0 0 0 0 1 0 0 0 1 0 0 0 1 0 0]",88
1768,4,gad7,9,PCA,LR,2,0.3703703703703704,0.5405405405405406,15,45,14,37,"[0 0 0 1 0 1 0 0 1 0 0 0 0 1 0 1 1 0 0 0 0 0 0 0 0 0 0 0 0 0 0 0 0 1 1 0 1
 1 1 0 0 0 1 1 0 1 0 0 0 0 1 0 0 0 1 0 0 0 0 0 1 0 0 0 1 0 1 0 0 1 0 0 0 0
 0 0 1 0 0 0 0 0 1 0 1 0 0 0 0 1 0 0 1 0 0 0 0 1 0 0 0 0 0 1 1 0 0 1 0 0 0]",88
1769,4,gad7,9,PCA,XG,2,0.43564356435643564,0.4864864864864865,22,32,27,30,"[0 1 0 0 0 1 0 1 0 0 1 0 1 1 1 0 1 0 0 0 0 1 1 0 0 1 1 1 0 0 1 0 0 0 1 1 1
 0 0 0 0 0 1 1 1 0 1 0 0 0 0 0 0 1 0 1 1 1 1 0 1 0 1 0 0 1 0 1 1 1 1 0 0 0
 0 1 0 0 0 1 1 0 1 1 1 0 1 1 0 0 0 1 1 1 1 1 0 0 0 0 1 0 0 0 1 0 0 0 1 0 0]",88
1770,4,gad7,9,PCA,SVC,3,0.35443037974683544,0.5405405405405406,14,46,13,38,"[0 0 0 1 0 1 0 0 1 0 0 0 0 1 0 1 1 0 0 0 0 0 0 0 0 0 0 0 0 0 0 0 0 1 1 0 1
 1 1 0 0 0 1 1 0 1 0 0 0 0 1 0 0 0 1 0 0 0 0 0 1 0 0 0 1 0 0 0 0 1 0 0 0 0
 0 0 1 0 0 0 0 0 1 0 1 0 0 0 0 0 0 0 1 0 0 0 0 1 0 0 0 0 0 1 1 0 0 1 0 0 0]",88
1771,4,gad7,9,PCA,kNN,3,0.5523809523809525,0.5765765765765766,29,35,24,23,"[0 0 0 1 1 1 0 1 0 1 1 0 1 0 0 1 0 1 1 0 1 0 1 0 0 0 0 1 1 1 0 0 0 0 1 0 0
 1 0 0 0 0 1 1 0 1 1 1 0 0 0 0 1 1 1 0 0 0 0 1 1 0 0 1 1 1 0 0 1 1 0 0 0 1
 1 1 0 1 1 0 0 0 0 1 1 1 0 1 0 0 0 1 1 1 1 0 0 1 0 1 1 1 0 1 1 0 0 1 0 0 1]",88
1772,4,gad7,9,PCA,RF,3,0.5052631578947369,0.5765765765765766,24,40,19,28,"[0 0 0 0 1 0 0 1 1 0 1 0 1 1 0 0 1 0 1 0 0 0 1 0 0 0 0 1 0 1 0 0 0 0 1 0 1
 1 0 0 0 0 1 1 1 0 1 0 0 0 0 0 1 1 1 0 0 1 1 1 0 0 0 0 0 1 0 0 1 0 1 0 0 0
 1 1 0 1 1 0 1 0 0 1 1 1 1 0 0 0 0 1 1 1 1 0 0 0 0 0 1 0 0 0 0 0 0 1 1 0 0]",88
1773,4,gad7,9,PCA,LR,3,0.42000000000000004,0.4774774774774775,21,32,27,31,"[0 0 1 1 0 1 0 0 1 0 0 0 0 1 1 1 1 0 0 0 0 0 0 0 0 1 1 1 0 0 0 1 0 1 1 1 1
 1 1 0 0 0 1 1 0 1 0 0 1 0 1 0 0 0 1 1 0 0 0 1 1 0 0 0 1 0 1 0 1 1 1 0 0 0
 1 0 1 0 0 0 0 0 1 0 1 0 0 1 0 1 0 0 1 0 0 1 0 1 0 0 0 1 0 1 1 0 1 1 1 1 0]",88
1774,4,gad7,9,PCA,XG,3,0.4631578947368421,0.5405405405405406,22,38,21,30,"[0 0 0 0 1 0 0 0 1 0 1 0 1 1 0 0 1 0 0 0 0 0 1 0 0 0 1 1 0 1 1 0 0 1 1 1 1
 0 0 0 0 0 1 1 1 0 1 0 0 0 0 0 0 1 0 0 1 1 1 0 0 0 0 0 0 1 0 0 1 0 1 0 0 0
 0 1 0 0 1 0 1 0 1 1 1 1 1 1 0 0 0 1 1 1 1 0 0 0 0 0 1 0 0 1 0 0 0 1 1 0 0]",88
1775,4,gad7,9,PCA,SVC,4,0.4421052631578947,0.5225225225225225,21,37,22,31,"[0 0 0 1 0 1 1 0 1 1 0 0 1 1 0 1 1 0 0 1 1 0 0 0 0 0 0 1 0 1 0 0 0 1 1 0 1
 1 1 0 1 0 1 1 0 1 0 0 0 0 1 0 0 0 1 0 0 0 0 0 1 0 0 1 1 0 0 0 0 1 0 0 0 1
 0 0 1 0 1 0 0 0 1 1 1 1 0 0 0 0 0 0 1 0 1 0 0 1 0 0 1 0 0 1 1 1 0 1 0 0 0]",88
1776,4,gad7,9,PCA,kNN,4,0.5242718446601942,0.5585585585585585,27,35,24,25,"[0 0 0 1 0 1 0 0 0 0 1 0 1 1 0 1 0 0 0 1 1 0 0 0 0 0 0 1 1 1 0 0 0 0 1 0 1
 1 0 1 0 1 0 1 0 1 0 1 0 0 0 0 1 1 1 0 1 0 0 1 1 0 0 1 1 1 1 0 1 1 0 0 0 1
 1 1 1 0 1 0 0 0 0 1 1 1 0 0 0 0 0 1 1 1 1 0 0 1 0 0 1 1 0 1 1 0 0 1 1 0 1]",88
1777,4,gad7,9,PCA,RF,4,0.5416666666666667,0.6036036036036037,26,41,18,26,"[0 1 0 0 1 0 0 0 1 0 1 0 1 1 0 0 0 0 0 0 0 0 1 0 0 0 0 1 0 1 0 0 0 1 0 0 1
 1 0 0 0 1 1 1 1 1 1 0 0 0 0 0 1 1 0 0 0 1 1 1 0 0 0 0 1 1 0 0 1 0 1 0 0 1
 1 1 0 0 1 0 1 0 0 1 1 1 1 0 0 0 0 1 1 1 1 0 0 0 0 0 1 0 0 1 0 0 0 1 1 0 0]",88
1778,4,gad7,9,PCA,LR,4,0.40816326530612246,0.4774774774774775,20,33,26,32,"[0 0 0 1 0 1 0 0 1 0 0 0 0 1 1 1 1 0 0 0 0 0 0 0 0 1 1 1 0 0 0 1 0 1 1 1 1
 1 1 0 0 0 1 1 0 1 0 0 1 0 1 0 0 0 1 0 0 0 0 1 1 0 0 0 1 0 1 0 1 1 1 0 0 0
 1 0 1 0 0 0 0 0 1 0 1 0 0 1 0 1 0 0 1 0 0 1 0 1 0 0 0 1 0 1 1 0 1 1 1 1 0]",88
1779,4,gad7,9,PCA,XG,4,0.46153846153846156,0.5585585585585585,21,41,18,31,"[0 1 0 0 1 0 0 0 1 0 1 0 1 1 0 0 0 0 0 0 0 0 1 0 0 0 0 1 0 1 1 0 0 1 0 0 1
 0 0 0 0 1 1 1 1 1 1 0 0 0 0 0 1 1 0 0 1 0 0 1 0 0 0 0 0 1 0 0 1 0 1 0 0 0
 0 0 0 0 1 0 1 0 1 1 1 0 1 0 0 0 0 1 0 1 1 0 0 0 0 0 1 1 0 0 0 0 1 1 1 0 0]",88
1780,4,gad7,9,PCA,SVC,1,0.2857142857142857,0.5045045045045045,11,45,14,41,"[0 0 0 0 0 0 0 1 0 0 0 1 1 1 0 0 0 0 0 1 0 1 1 0 0 0 0 0 0 1 0 0 0 0 0 0 0
 1 0 0 0 0 0 1 0 1 0 0 0 0 0 0 0 0 0 1 0 0 0 0 0 0 0 0 0 1 1 0 1 0 0 0 0 0
 1 1 0 0 1 0 0 0 0 0 0 0 0 0 1 0 0 0 0 1 1 0 0 0 0 0 0 0 1 1 0 1 0 0 0 0 1]",89
1781,4,gad7,9,PCA,kNN,1,0.52,0.5675675675675675,26,37,22,26,"[0 0 1 0 1 0 1 0 0 1 0 1 0 0 0 1 1 0 0 0 1 0 0 1 0 0 0 0 0 1 1 1 1 1 1 0 0
 1 1 0 0 0 1 0 0 0 0 0 1 1 0 1 1 1 0 0 1 0 0 0 1 1 1 0 0 1 1 1 0 1 1 0 0 1
 0 0 0 0 0 0 1 1 1 1 0 0 0 0 1 0 0 0 0 0 1 0 1 1 0 1 1 0 0 1 0 1 0 1 1 0 1]",89
1782,4,gad7,9,PCA,RF,1,0.41666666666666663,0.4954954954954955,20,35,24,32,"[0 0 1 0 0 1 0 0 0 0 1 0 0 0 0 1 1 0 0 0 1 0 0 1 0 0 1 0 0 1 1 1 0 0 0 0 0
 0 0 0 0 0 0 0 1 1 0 0 1 1 0 1 1 1 0 0 1 0 0 0 1 0 0 0 0 1 1 1 1 1 0 1 0 1
 0 0 0 1 0 1 0 1 1 1 0 0 0 0 1 0 0 0 0 0 1 1 1 1 1 1 0 0 0 0 0 1 1 1 0 1 1]",89
1783,4,gad7,9,PCA,LR,1,0.3529411764705882,0.5045045045045045,15,41,18,37,"[0 0 0 0 0 0 0 1 0 0 0 1 1 1 0 0 1 0 0 1 0 1 1 0 0 0 0 0 0 1 0 0 0 0 0 0 0
 1 0 0 0 0 0 1 0 1 0 0 0 1 0 0 0 0 0 1 0 0 0 1 1 0 0 0 0 1 1 0 1 0 0 0 0 0
 1 1 0 0 1 0 0 1 0 0 0 0 0 0 1 0 0 1 0 1 1 0 0 0 0 0 0 0 1 1 0 1 1 0 1 0 1]",89
1784,4,gad7,9,PCA,XG,1,0.4509803921568628,0.4954954954954955,23,32,27,29,"[0 0 1 0 0 1 0 0 0 1 1 0 1 0 0 1 1 0 0 0 1 0 0 1 0 0 0 0 0 1 1 1 0 1 0 0 0
 0 0 0 0 0 1 0 1 1 0 0 1 1 0 1 1 1 0 0 1 0 0 0 1 1 1 1 0 1 1 1 0 1 0 1 0 0
 0 0 0 1 0 1 1 1 1 0 0 0 0 0 1 0 0 0 0 0 1 1 1 1 1 1 1 0 0 0 0 1 1 1 1 1 1]",89
1785,4,gad7,9,PCA,SVC,2,0.48598130841121495,0.5045045045045045,26,30,29,26,"[0 0 1 0 1 1 0 1 0 1 1 1 1 1 0 0 0 0 0 1 0 1 1 0 0 0 0 1 0 1 0 1 0 1 1 0 1
 1 1 0 0 0 0 1 0 1 1 0 1 0 0 0 0 1 0 1 0 1 0 0 0 0 1 0 1 1 1 1 1 0 0 1 0 0
 1 1 0 1 1 1 1 0 0 0 1 1 1 1 1 1 0 0 0 1 1 0 0 0 0 0 1 1 1 1 0 1 0 1 0 0 1]",89
1786,4,gad7,9,PCA,kNN,2,0.5102040816326531,0.5675675675675675,25,38,21,27,"[1 0 0 1 0 0 0 0 1 1 1 1 1 0 1 0 1 0 0 1 1 0 0 1 0 0 0 0 0 1 0 1 0 1 1 1 0
 1 1 0 0 0 0 0 0 0 1 1 1 1 0 0 1 1 0 0 0 0 1 0 0 0 1 0 0 0 1 1 0 0 1 1 1 1
 0 0 0 0 0 1 1 1 0 1 1 1 0 0 1 1 1 0 0 0 0 0 0 1 0 0 1 1 0 1 0 0 0 0 0 0 0]",89
1787,4,gad7,9,PCA,RF,2,0.3636363636363637,0.4954954954954955,16,39,20,36,"[0 0 0 0 0 0 1 0 0 0 1 1 0 0 1 0 1 0 0 0 1 0 0 1 0 0 0 0 0 1 0 1 0 0 0 0 0
 0 1 0 0 0 0 0 0 1 0 0 1 1 0 0 0 1 0 0 0 0 1 0 0 1 0 1 0 1 1 1 0 0 1 0 1 1
 0 0 0 0 0 1 0 1 0 1 1 0 0 0 1 1 0 1 0 0 1 1 0 1 0 0 1 1 0 0 0 0 0 0 0 0 1]",89
1788,4,gad7,9,PCA,LR,2,0.4807692307692308,0.5135135135135135,25,32,27,27,"[0 0 1 0 1 1 0 1 0 1 1 1 1 1 0 0 0 0 0 1 0 1 1 0 0 0 0 1 0 1 0 1 0 1 1 0 1
 1 1 0 0 0 0 1 0 1 0 0 1 1 0 0 0 0 0 1 0 1 0 1 0 0 0 0 1 1 1 1 1 0 0 1 0 0
 1 1 0 1 1 1 0 0 0 0 1 0 1 1 1 1 0 1 0 1 1 0 0 0 0 0 1 0 1 1 0 1 0 1 0 0 1]",89
1789,4,gad7,9,PCA,XG,2,0.5360824742268041,0.5945945945945946,26,40,19,26,"[0 0 1 0 0 1 1 0 0 1 1 1 0 0 0 0 1 0 0 0 1 0 0 1 0 0 0 0 0 1 0 1 0 1 0 1 1
 1 1 0 0 0 1 0 0 1 0 0 1 1 0 1 1 1 0 0 0 1 1 0 0 1 1 1 0 1 1 1 0 1 0 0 0 0
 0 0 0 0 0 1 1 1 0 0 1 0 0 0 1 1 0 1 0 0 1 1 0 0 0 0 1 0 0 1 0 0 0 1 0 0 1]",89
1790,4,gad7,9,PCA,SVC,3,0.345679012345679,0.5225225225225225,14,44,15,38,"[0 0 0 0 1 0 0 1 0 0 0 1 1 1 0 0 0 0 0 1 0 1 1 0 0 0 0 0 0 1 0 0 0 0 0 0 1
 1 0 0 0 0 0 1 0 0 0 0 0 0 0 0 0 0 0 1 0 0 0 0 0 0 1 0 0 1 1 0 1 0 0 1 0 0
 1 1 0 0 1 0 0 0 0 0 0 1 0 0 1 0 0 0 0 1 1 0 0 0 0 0 0 0 1 1 0 1 0 0 0 0 1]",89
1791,4,gad7,9,PCA,kNN,3,0.5048543689320388,0.5405405405405406,26,34,25,26,"[0 0 0 1 1 1 0 0 0 1 1 1 1 0 1 0 0 0 0 1 1 0 0 0 0 0 0 0 0 1 0 1 1 1 1 0 1
 1 1 0 1 0 0 0 1 1 1 1 1 1 1 0 1 1 0 0 1 0 1 0 0 0 1 1 0 1 1 1 0 1 0 0 0 1
 0 0 0 0 0 0 0 0 0 1 1 1 0 0 1 1 0 0 0 0 1 0 1 1 0 1 1 0 0 1 0 1 0 0 0 1 1]",89
1792,4,gad7,9,PCA,RF,3,0.4536082474226804,0.5225225225225225,22,36,23,30,"[0 0 0 1 1 1 1 0 0 0 1 1 0 0 1 1 0 0 0 0 1 0 0 1 0 0 0 0 0 1 0 1 0 0 0 1 0
 1 1 0 0 1 0 0 0 1 0 0 1 1 0 0 1 1 0 0 0 0 1 0 0 1 1 1 0 1 1 1 0 1 0 0 1 0
 0 0 0 0 0 1 0 1 0 1 1 0 0 0 1 1 0 1 0 0 1 1 1 1 0 0 0 0 0 1 0 1 0 0 0 1 1]",89
1793,4,gad7,9,PCA,LR,3,0.4999999999999999,0.5675675675675675,24,39,20,28,"[0 0 1 1 1 0 0 1 0 1 1 1 1 1 0 0 0 0 0 1 0 1 1 0 0 1 0 0 0 1 0 1 0 1 0 0 1
 1 0 0 0 0 1 1 0 0 0 0 0 0 0 0 0 1 0 1 0 0 0 0 0 0 1 0 0 1 1 0 1 0 0 1 0 0
 1 1 0 1 1 0 1 0 0 0 1 1 0 1 1 0 0 0 0 1 1 0 0 0 0 0 1 0 1 1 0 1 0 1 0 0 1]",89
1794,4,gad7,9,PCA,XG,3,0.42553191489361697,0.5135135135135135,20,37,22,32,"[0 0 1 0 1 0 1 0 0 0 1 1 0 0 0 1 0 0 0 0 1 0 0 1 0 0 1 0 0 1 0 0 0 0 1 1 0
 1 0 0 0 0 1 0 0 1 0 0 1 0 0 1 1 1 0 0 1 0 1 0 0 0 1 1 0 1 1 1 0 1 0 0 1 0
 0 0 0 0 0 1 1 1 0 0 1 0 0 0 0 1 0 1 0 0 1 1 0 0 0 0 1 1 0 1 0 1 0 0 0 1 1]",89
1795,4,gad7,9,PCA,SVC,4,0.4102564102564103,0.5855855855855856,16,49,10,36,"[0 0 0 0 1 0 0 0 0 0 0 1 1 0 0 0 0 0 0 1 0 0 1 0 0 0 0 0 0 1 0 1 0 1 0 0 1
 1 0 0 0 0 0 0 0 0 1 0 0 0 0 0 0 1 0 0 0 0 0 0 0 0 1 0 0 1 1 0 1 0 0 1 0 0
 0 0 0 0 1 0 0 0 0 0 0 1 0 0 1 0 0 0 0 0 1 0 0 0 0 0 0 1 1 1 0 1 0 0 0 0 1]",89
1796,4,gad7,9,PCA,kNN,4,0.39560439560439564,0.5045045045045045,18,38,21,34,"[0 0 0 1 0 0 0 0 0 1 1 1 1 0 1 0 0 0 0 0 1 0 0 0 0 0 1 0 0 1 0 1 1 1 0 1 0
 1 0 1 1 0 0 0 0 0 1 1 0 0 1 0 1 1 0 0 0 0 0 0 0 0 1 0 0 1 1 1 0 0 0 0 0 1
 0 0 0 0 0 0 0 0 0 0 1 1 0 0 1 1 1 0 0 0 1 0 1 1 0 0 1 1 0 1 0 1 0 0 0 1 0]",89
1797,4,gad7,9,PCA,RF,4,0.41379310344827586,0.5405405405405406,18,42,17,34,"[0 0 0 1 1 0 0 0 0 0 1 0 0 0 1 0 0 0 0 0 1 0 0 1 0 0 0 0 0 1 0 1 0 0 1 1 0
 0 0 1 0 0 0 0 0 1 1 0 1 1 0 0 0 1 0 0 0 0 1 0 0 0 0 1 0 1 1 1 0 1 0 0 0 1
 0 0 0 0 0 0 0 1 0 1 1 0 0 0 1 0 1 0 0 0 1 0 1 1 0 0 0 1 0 1 0 0 0 0 0 1 1]",89
1798,4,gad7,9,PCA,LR,4,0.45238095238095233,0.5855855855855856,19,46,13,33,"[0 0 1 1 1 1 0 0 0 1 1 1 1 0 0 0 0 0 0 1 0 0 1 0 0 0 0 0 0 1 0 0 0 1 0 0 1
 1 0 1 0 0 0 0 0 0 0 0 0 1 1 0 0 0 0 0 0 0 0 0 0 0 0 0 0 1 1 0 1 0 0 0 0 0
 0 0 0 1 1 0 0 0 0 0 0 0 0 1 0 1 0 0 0 0 1 0 0 0 1 0 1 0 1 1 0 1 0 1 0 0 1]",89
1799,4,gad7,9,PCA,XG,4,0.39999999999999997,0.5135135135135135,18,39,20,34,"[0 0 0 1 1 0 0 0 0 0 1 1 0 0 1 0 0 0 0 0 0 0 0 1 0 0 1 0 0 1 0 0 1 1 1 1 0
 0 0 0 0 0 0 0 0 1 0 0 1 1 0 1 1 0 0 0 0 0 1 0 0 0 0 1 0 1 1 1 0 1 0 0 0 1
 0 0 0 0 0 1 0 1 0 1 1 0 0 0 1 1 0 1 0 0 1 0 0 1 0 0 1 1 0 1 0 0 0 0 0 1 1]",89
1800,4,gad7,9,PCA,SVC,1,0.3333333333333333,0.5315315315315315,13,46,13,39,"[1 0 1 0 1 0 0 0 1 1 0 1 0 0 0 0 0 0 0 0 0 0 1 0 1 0 0 0 0 0 0 0 0 0 0 0 0
 1 0 0 1 0 0 0 0 0 0 1 1 0 0 0 0 1 1 0 0 0 0 0 0 0 1 0 0 1 1 1 0 0 0 1 0 0
 1 0 0 0 0 0 0 0 1 1 0 0 0 0 0 0 0 0 0 1 0 1 0 0 0 0 0 1 0 0 0 0 0 1 0 0 0]",90
1801,4,gad7,9,PCA,kNN,1,0.5585585585585586,0.5585585585585585,31,31,28,21,"[1 0 1 1 1 0 0 1 1 0 1 1 1 1 1 0 1 1 1 1 0 0 1 0 1 0 0 0 1 1 1 0 0 1 1 1 0
 1 0 0 0 1 1 0 0 0 1 0 0 0 0 1 1 1 1 1 0 1 1 0 0 1 0 1 1 1 0 1 0 0 0 0 1 0
 0 1 0 1 1 0 0 0 1 1 1 1 1 0 1 0 0 1 1 0 0 0 0 1 0 0 1 1 1 0 0 0 0 1 1 1 1]",90
1802,4,gad7,9,PCA,RF,1,0.5,0.5495495495495496,25,36,23,27,"[0 0 1 0 0 0 0 1 1 0 0 1 0 0 1 1 1 0 1 0 0 0 1 0 1 0 0 1 1 1 1 0 1 1 1 1 0
 1 0 0 0 1 1 0 0 0 0 0 1 0 0 0 1 1 0 1 0 1 1 0 0 0 1 1 1 1 0 1 0 0 0 1 1 1
 0 0 0 0 1 0 1 0 1 1 1 1 1 0 1 0 0 1 0 0 0 0 0 0 0 1 0 0 1 0 0 0 0 0 1 1 0]",90
1803,4,gad7,9,PCA,LR,1,0.6187050359712231,0.5225225225225225,43,15,44,9,"[0 1 1 1 1 1 1 0 1 1 0 0 1 1 1 1 1 1 1 1 1 1 0 1 1 1 0 1 1 1 1 1 1 1 0 1 1
 1 1 1 1 1 1 1 1 1 1 0 1 0 1 0 1 1 1 1 1 1 1 1 0 0 1 1 0 1 1 0 1 1 1 0 1 1
 1 1 1 1 1 1 1 0 1 1 1 1 1 1 0 1 1 0 0 1 1 0 0 1 1 1 0 0 1 1 1 1 1 0 1 1 1]",90
1804,4,gad7,9,PCA,XG,1,0.4999999999999999,0.5675675675675675,24,39,20,28,"[0 0 1 0 1 0 0 1 1 0 0 1 0 0 1 0 1 0 1 0 0 0 1 0 1 0 0 1 1 1 1 0 0 1 1 1 0
 1 0 0 0 1 1 0 0 0 0 0 1 0 0 0 1 1 0 1 0 1 1 0 0 0 1 0 1 1 0 1 0 0 0 1 1 0
 0 1 0 0 1 0 0 0 1 1 1 0 1 0 1 0 0 1 0 0 0 0 0 1 0 0 0 0 1 0 0 0 0 0 1 1 0]",90
1805,4,gad7,9,PCA,SVC,2,0.47058823529411764,0.5135135135135135,24,33,26,28,"[1 0 1 1 0 1 0 1 0 1 1 1 0 0 1 0 1 0 0 1 0 1 1 0 1 0 0 0 0 0 1 0 0 1 0 0 1
 0 0 1 1 0 0 0 0 0 1 0 1 1 0 0 0 1 1 0 1 1 1 0 0 1 1 0 1 1 0 1 0 1 0 1 0 1
 1 1 1 0 0 0 0 0 1 1 0 0 1 0 0 0 0 0 0 1 0 0 0 1 1 0 1 1 0 0 0 1 1 0 1 1 0]",90
1806,4,gad7,9,PCA,kNN,2,0.5192307692307693,0.5495495495495496,27,34,25,25,"[1 0 0 1 1 1 0 0 1 0 1 1 1 0 0 0 1 1 0 1 0 0 1 0 1 1 0 0 0 0 0 1 1 0 1 0 0
 1 0 0 1 0 0 0 1 1 0 0 0 1 1 0 1 1 1 0 0 1 1 0 0 1 1 0 0 1 0 1 0 1 0 0 1 1
 0 0 1 0 0 0 0 0 1 1 0 1 1 1 1 0 0 1 0 1 0 0 1 0 1 0 0 1 1 0 0 1 1 1 0 0 1]",90
1807,4,gad7,9,PCA,RF,2,0.5242718446601942,0.5585585585585585,27,35,24,25,"[1 0 0 1 1 0 0 0 1 0 1 1 1 0 0 0 1 0 0 0 0 0 1 0 1 1 0 0 0 0 0 1 1 1 1 1 0
 1 0 0 0 0 0 0 1 0 0 0 1 1 0 0 1 1 0 0 0 1 1 0 0 1 0 1 1 1 0 1 0 1 0 1 1 1
 1 1 1 0 0 0 1 0 1 1 1 0 0 0 1 0 0 1 0 0 1 0 1 1 1 0 1 0 1 0 0 0 1 1 0 0 1]",90
1808,4,gad7,9,PCA,LR,2,0.5102040816326531,0.5675675675675675,25,38,21,27,"[0 0 0 1 1 1 0 0 1 0 0 0 0 0 1 0 0 0 1 1 0 1 0 0 1 0 1 0 0 0 1 0 0 1 1 0 1
 1 0 1 1 0 0 0 0 0 1 1 1 0 0 1 0 1 0 0 1 1 1 0 1 0 1 0 0 1 0 0 0 1 0 0 0 0
 1 0 1 0 0 0 0 1 1 1 0 0 1 0 1 0 0 1 1 1 0 1 0 0 1 0 0 0 0 0 0 1 1 1 1 1 0]",90
1809,4,gad7,9,PCA,XG,2,0.4950495049504951,0.5405405405405406,25,35,24,27,"[0 0 0 1 1 0 0 0 1 0 1 1 1 0 0 0 1 0 0 0 0 0 1 0 1 1 0 1 0 0 0 1 1 1 1 1 0
 1 0 0 0 0 1 0 1 0 0 0 0 1 0 0 0 1 0 1 0 1 1 0 0 1 1 1 1 1 0 1 0 1 0 0 1 1
 0 1 1 0 0 0 1 0 1 1 1 1 0 0 1 0 0 1 0 0 1 0 1 1 1 0 1 0 1 0 0 0 1 0 0 0 0]",90
1810,4,gad7,9,PCA,SVC,3,0.5178571428571428,0.5135135135135135,29,28,31,23,"[1 0 1 1 0 1 0 1 0 1 1 1 0 0 1 0 1 1 0 1 0 1 1 0 1 0 1 0 0 0 1 0 0 1 1 0 1
 0 1 1 1 0 0 0 0 0 1 0 1 1 0 1 0 0 1 0 1 1 1 1 0 1 1 1 1 1 0 1 0 1 0 1 0 1
 1 1 1 0 0 1 1 0 0 0 1 1 1 0 0 0 0 1 0 1 0 0 1 1 1 0 1 1 0 0 0 1 1 0 1 1 0]",90
1811,4,gad7,9,PCA,kNN,3,0.4954128440366972,0.5045045045045045,27,29,30,25,"[0 1 1 1 1 0 0 1 1 0 1 1 0 0 1 0 1 0 0 1 1 0 1 0 1 1 1 0 0 0 0 1 0 0 1 0 0
 1 0 0 1 0 0 0 1 1 0 1 1 1 1 0 0 1 1 0 1 0 1 0 0 1 0 0 1 1 0 1 0 1 0 1 1 1
 0 0 1 0 0 0 0 0 1 1 0 0 1 1 1 1 0 1 0 1 0 1 1 0 1 0 0 1 0 0 0 1 1 1 1 1 1]",90
1812,4,gad7,9,PCA,RF,3,0.4897959183673469,0.5495495495495496,24,37,22,28,"[0 0 0 1 1 0 0 1 1 1 1 1 0 0 0 0 0 0 0 0 0 1 1 0 1 1 0 0 0 0 0 1 1 1 1 0 0
 1 0 0 0 0 0 0 1 0 0 0 0 1 1 0 0 1 1 0 1 1 1 0 0 1 0 0 1 1 0 1 0 1 0 1 1 1
 1 0 1 0 0 0 0 0 1 1 0 1 0 0 1 0 0 0 0 0 0 0 1 1 1 0 1 0 0 0 0 0 1 1 1 0 1]",90
1813,4,gad7,9,PCA,LR,3,0.4842105263157894,0.5585585585585585,23,39,20,29,"[0 0 0 1 1 1 0 0 1 0 0 0 0 0 1 0 0 0 1 1 0 1 0 0 1 0 0 0 0 0 1 0 0 1 0 0 1
 1 0 1 1 0 0 0 0 0 1 1 1 0 0 1 0 1 0 0 1 1 1 0 1 0 1 0 0 1 0 0 0 1 0 0 0 0
 1 0 1 0 0 0 0 1 1 1 0 0 1 0 1 0 0 0 1 1 0 1 0 0 1 0 0 0 0 0 0 1 1 1 1 1 0]",90
1814,4,gad7,9,PCA,XG,3,0.4375,0.5135135135135135,21,36,23,31,"[0 0 0 1 0 0 0 1 0 1 1 1 1 1 0 0 1 0 0 0 0 1 1 0 0 1 0 0 0 0 0 1 1 1 1 0 0
 0 0 0 0 0 0 0 1 0 0 0 1 1 1 0 0 0 1 0 0 1 1 0 0 0 1 0 1 1 0 1 0 0 0 1 1 1
 0 1 1 0 0 0 0 0 0 0 0 1 0 0 1 0 0 1 1 1 0 0 1 1 1 0 1 1 1 0 0 1 1 0 0 0 0]",90
1815,4,gad7,9,PCA,SVC,4,0.4954128440366972,0.5045045045045045,27,29,30,25,"[0 0 1 1 0 1 0 1 0 1 1 0 0 0 1 0 1 0 0 1 0 1 1 1 1 0 1 0 0 0 1 0 0 1 1 0 1
 0 1 1 1 0 0 0 0 0 1 0 1 1 0 1 0 1 1 0 1 1 1 0 0 1 1 0 1 1 0 0 0 1 0 0 1 1
 1 1 1 0 0 0 1 0 1 1 1 0 1 0 0 0 0 1 0 1 0 0 1 1 1 0 1 1 0 0 0 1 1 1 1 1 0]",90
1816,4,gad7,9,PCA,kNN,4,0.5504587155963302,0.5585585585585585,30,32,27,22,"[0 0 1 1 1 0 0 0 1 1 1 1 1 0 1 0 0 1 0 1 1 1 1 0 1 1 1 0 0 0 1 0 0 0 1 0 0
 1 0 1 1 0 0 1 1 0 0 1 1 1 0 0 1 1 1 0 1 1 0 0 0 1 0 0 0 0 0 1 0 1 0 1 1 1
 0 0 1 0 0 0 0 0 1 1 0 1 1 0 1 0 0 1 0 1 0 1 1 0 1 0 0 1 1 0 0 1 1 1 1 1 1]",90
1817,4,gad7,9,PCA,RF,4,0.4752475247524753,0.5225225225225225,24,34,25,28,"[1 0 0 1 1 0 0 1 1 1 1 1 0 1 0 0 0 0 0 0 0 1 1 0 1 1 0 0 0 0 0 1 0 1 1 0 0
 1 1 1 0 0 0 0 1 0 0 0 0 1 1 0 0 1 1 0 0 1 1 0 0 1 0 0 1 1 0 1 0 1 0 1 1 1
 1 1 1 0 0 0 0 0 1 1 0 1 0 0 1 0 0 1 0 1 0 0 1 1 0 0 1 0 0 0 0 1 1 0 0 0 1]",90
1818,4,gad7,9,PCA,LR,4,0.5357142857142857,0.5315315315315315,30,29,30,22,"[0 0 1 1 1 1 0 1 1 1 1 0 0 0 1 0 0 0 1 1 0 1 1 1 1 0 1 0 0 0 1 0 0 1 1 0 1
 1 1 1 1 0 0 0 0 0 1 1 1 1 0 1 0 1 0 0 1 1 1 0 0 1 1 0 1 1 0 0 0 1 0 0 1 1
 1 1 1 0 0 0 0 0 1 1 1 0 1 0 0 0 0 1 1 1 0 1 1 1 1 0 1 0 0 0 0 1 1 1 1 1 0]",90
1819,4,gad7,9,PCA,XG,4,0.4158415841584159,0.46846846846846846,21,31,28,31,"[0 0 0 1 1 0 0 1 1 1 1 1 1 1 0 0 0 0 1 0 0 1 1 0 0 1 0 0 0 0 0 1 0 0 1 0 0
 0 1 1 0 0 0 0 1 0 0 0 1 1 1 0 0 0 1 0 0 1 1 0 0 1 1 0 1 1 0 1 0 0 0 1 1 1
 0 0 1 0 0 0 0 0 1 1 0 1 1 0 1 0 0 1 1 1 0 0 1 1 1 0 1 0 0 0 0 1 1 0 1 0 1]",90
1820,4,gad7,9,PCA,SVC,1,0.21052631578947367,0.4594594594594595,8,43,16,44,"[0 0 0 0 0 0 0 1 1 1 0 0 0 0 0 0 0 0 1 0 0 0 0 0 0 0 0 0 1 0 0 0 0 0 0 1 1
 0 0 0 0 1 0 1 0 0 0 0 0 0 0 0 1 1 1 0 1 0 0 0 0 0 0 0 1 0 0 1 0 0 0 0 1 0
 0 1 0 0 0 0 1 0 0 0 0 1 0 0 0 0 0 0 1 0 1 0 1 0 0 0 0 0 0 0 0 0 0 0 0 1 1]",91
1821,4,gad7,9,PCA,kNN,1,0.3877551020408163,0.4594594594594595,19,32,27,33,"[0 0 0 0 1 0 0 1 1 0 0 0 1 1 1 1 1 0 1 1 0 0 0 1 0 0 1 1 1 0 1 0 0 1 1 1 1
 1 0 1 0 0 0 1 0 1 0 0 0 1 0 0 1 1 0 0 0 1 1 0 0 0 1 0 1 1 0 0 0 1 1 0 1 0
 0 1 0 0 0 0 1 0 0 0 0 1 1 1 0 0 0 0 1 0 1 1 1 0 0 0 0 0 0 0 0 1 0 0 0 1 1]",91
1822,4,gad7,9,PCA,RF,1,0.35294117647058826,0.40540540540540543,18,27,32,34,"[0 0 1 0 1 0 1 1 1 1 0 0 1 1 0 0 1 0 1 1 0 0 0 1 0 0 0 0 1 0 0 1 0 1 1 1 1
 0 0 1 0 1 0 1 0 0 0 0 1 1 0 1 1 1 0 0 1 1 0 0 0 0 0 0 1 0 1 0 0 1 0 0 1 1
 0 1 1 0 1 0 1 0 0 0 0 1 0 1 1 1 0 0 1 0 1 0 1 0 0 0 0 1 1 0 0 1 0 0 1 1 1]",91
1823,4,gad7,9,PCA,LR,1,0.26829268292682923,0.4594594594594595,11,40,19,41,"[0 0 0 0 0 0 0 1 1 1 0 0 0 0 0 0 0 0 1 0 0 0 0 0 0 0 0 0 1 0 0 0 0 0 0 1 1
 0 1 0 0 1 0 1 0 0 1 0 0 0 0 0 1 1 1 0 1 0 0 0 0 0 0 0 1 0 0 1 0 0 0 0 1 0
 0 1 0 0 0 0 1 0 0 0 1 1 0 0 0 1 0 0 1 0 1 0 1 0 0 0 0 0 0 0 0 0 1 1 0 1 1]",91
1824,4,gad7,9,PCA,XG,1,0.30303030303030304,0.3783783783783784,15,27,32,37,"[0 0 1 0 1 0 1 1 1 1 0 0 1 1 0 0 1 0 1 1 0 0 0 1 0 0 0 0 1 0 0 1 0 1 1 1 1
 0 0 1 0 1 0 1 0 0 0 0 1 1 0 0 1 1 0 0 1 1 0 0 0 0 0 0 1 0 0 0 0 1 0 0 1 0
 0 1 0 0 1 0 1 0 0 0 0 1 0 1 1 1 0 0 1 0 1 1 1 0 0 0 0 1 0 1 0 1 0 0 1 1 1]",91
1825,4,gad7,9,PCA,SVC,2,0.4672897196261683,0.4864864864864865,25,29,30,27,"[0 0 0 1 0 1 0 1 1 1 0 0 1 0 0 0 1 1 1 0 0 0 0 0 0 0 0 0 1 0 1 1 0 1 1 1 1
 1 0 1 0 1 1 1 0 1 0 0 1 0 1 0 1 1 1 1 1 0 1 0 1 0 0 0 1 1 0 1 0 0 0 0 1 0
 1 1 1 0 0 0 1 1 1 1 1 1 0 0 0 0 0 0 1 0 1 1 1 0 0 0 0 0 1 1 1 1 1 0 0 1 1]",91
1826,4,gad7,9,PCA,kNN,2,0.45161290322580644,0.5405405405405406,21,39,20,31,"[0 0 0 0 0 0 0 0 0 1 0 0 1 0 1 0 1 0 0 1 1 0 0 1 1 0 0 1 0 0 1 1 0 0 0 1 1
 1 0 0 0 1 0 0 0 1 0 0 0 1 1 0 0 1 0 0 1 0 1 0 1 0 1 0 1 1 0 0 0 1 0 0 0 0
 0 1 0 1 1 0 0 0 0 0 1 1 0 1 0 0 0 0 0 0 1 1 1 0 1 0 0 0 1 1 0 1 1 0 0 0 1]",91
1827,4,gad7,9,PCA,RF,2,0.35416666666666663,0.44144144144144143,17,32,27,35,"[0 0 0 0 0 0 0 1 1 0 0 0 1 0 0 0 0 0 1 0 0 0 0 1 0 0 0 0 1 0 1 0 0 0 1 1 1
 0 0 1 0 1 0 1 0 1 1 0 0 1 0 0 1 1 0 1 1 0 0 0 1 1 1 0 1 0 0 0 0 1 0 0 1 0
 0 1 0 0 1 0 1 0 0 1 1 1 0 1 1 0 0 0 1 0 1 1 1 0 0 0 1 0 1 0 0 1 1 0 0 1 1]",91
1828,4,gad7,9,PCA,LR,2,0.46296296296296297,0.4774774774774775,25,28,31,27,"[0 0 0 1 0 1 0 1 1 1 0 0 1 0 0 0 1 1 1 0 0 0 0 0 0 0 0 0 1 0 1 1 0 1 1 1 1
 1 1 1 0 1 1 1 0 1 0 0 1 0 1 0 1 1 1 1 1 0 0 0 1 0 0 0 1 1 0 1 0 0 0 0 1 0
 1 1 1 0 0 0 1 1 1 1 1 1 0 0 0 1 0 0 1 0 1 1 1 0 0 0 0 0 1 1 1 1 1 0 0 1 1]",91
1829,4,gad7,9,PCA,XG,2,0.2696629213483146,0.4144144144144144,12,34,25,40,"[0 0 0 0 0 0 0 1 1 0 0 0 1 0 0 0 0 0 1 1 0 0 0 1 0 0 0 0 1 0 0 0 0 0 1 1 0
 0 0 1 0 0 0 1 0 1 0 0 0 1 0 0 1 1 0 0 1 1 0 0 0 0 1 0 1 0 0 0 0 1 0 0 1 0
 0 1 0 0 1 0 1 0 0 1 1 0 0 1 1 0 0 0 1 0 1 1 1 0 0 0 0 0 1 0 0 1 0 1 0 1 1]",91
1830,4,gad7,9,PCA,SVC,3,0.28235294117647064,0.45045045045045046,12,38,21,40,"[0 0 0 0 0 1 0 1 1 1 0 0 0 0 0 0 0 0 1 0 0 0 0 0 0 0 0 0 1 0 0 0 0 0 1 1 1
 0 0 0 0 1 0 1 0 1 0 0 0 0 0 0 1 1 1 0 1 0 1 0 0 0 0 0 1 0 0 1 0 0 0 0 1 0
 1 1 0 0 0 0 1 1 0 0 1 1 0 0 0 0 0 0 1 0 1 1 1 0 0 0 0 0 0 0 0 0 1 0 0 1 1]",91
1831,4,gad7,9,PCA,kNN,3,0.4230769230769231,0.4594594594594595,22,29,30,30,"[0 0 1 0 0 1 0 1 1 0 0 0 1 1 1 0 1 0 1 0 0 0 0 1 0 0 0 1 1 0 1 0 0 0 1 1 1
 0 0 0 0 1 1 1 1 1 0 0 1 0 0 0 1 1 1 0 1 0 1 0 0 0 1 0 1 1 1 0 0 1 0 0 1 0
 0 1 0 1 1 0 1 1 0 0 1 1 0 0 1 0 0 0 1 0 1 0 1 1 1 0 0 0 1 1 0 0 1 0 1 1 1]",91
1832,4,gad7,9,PCA,RF,3,0.28260869565217395,0.40540540540540543,13,32,27,39,"[0 0 0 0 0 0 0 1 1 0 0 0 1 0 0 0 1 0 1 0 0 0 0 1 0 0 0 0 1 1 1 0 0 0 0 1 1
 0 1 1 0 0 0 1 0 1 0 0 0 0 0 0 1 1 0 0 1 0 1 0 0 1 0 0 1 0 0 0 0 1 0 0 1 0
 1 1 1 0 1 0 1 0 0 0 1 0 0 1 0 1 0 0 1 0 1 1 1 0 0 0 0 0 1 1 0 0 1 0 0 1 1]",91
1833,4,gad7,9,PCA,LR,3,0.46601941747572817,0.5045045045045045,24,32,27,28,"[0 0 0 1 0 1 0 1 1 1 0 0 1 0 0 0 0 1 1 0 0 0 0 0 0 0 0 0 1 0 1 1 0 0 1 1 1
 1 1 1 0 1 1 1 0 1 0 0 0 0 1 0 1 1 1 1 1 0 1 0 1 0 0 0 1 0 0 1 0 0 0 0 1 0
 1 1 1 0 0 0 1 1 0 1 1 1 0 0 0 0 0 0 1 0 1 1 1 0 0 0 0 0 1 1 1 1 1 0 0 1 1]",91
1834,4,gad7,9,PCA,XG,3,0.3516483516483517,0.46846846846846846,16,36,23,36,"[0 0 0 0 0 0 0 1 1 0 0 0 1 0 1 0 1 0 1 0 0 0 0 1 0 0 0 1 1 1 1 0 0 1 0 1 1
 0 0 1 0 0 0 1 0 1 0 1 1 0 0 0 1 1 0 0 1 0 0 0 0 1 0 0 1 0 0 0 0 1 0 0 1 0
 0 1 1 0 1 0 1 0 0 1 0 0 0 1 1 1 0 0 1 0 1 0 1 0 0 0 0 0 1 0 0 0 0 0 0 1 0]",91
1835,4,gad7,9,PCA,SVC,4,0.2988505747126437,0.45045045045045046,13,37,22,39,"[0 1 0 0 0 1 0 1 1 1 0 0 0 1 0 0 0 0 1 0 0 0 0 1 0 0 0 0 1 0 0 0 0 0 1 1 1
 0 0 0 0 1 0 1 0 1 0 0 0 0 0 0 1 1 1 0 1 0 1 0 0 0 0 0 1 0 0 1 0 0 0 0 1 0
 0 1 0 0 0 0 1 1 0 0 1 1 0 0 0 1 0 0 1 0 1 0 1 0 0 0 0 0 0 0 0 0 1 0 0 1 1]",91
1836,4,gad7,9,PCA,kNN,4,0.44897959183673475,0.5135135135135135,22,35,24,30,"[0 1 1 0 1 1 0 0 0 0 0 0 1 0 1 0 1 0 0 0 0 0 1 1 0 0 1 1 0 1 1 0 0 1 1 1 1
 0 0 0 0 1 1 0 1 1 1 0 0 0 0 1 0 1 1 1 0 0 1 0 0 1 1 0 1 0 0 0 0 1 0 0 0 1
 0 1 0 0 1 0 0 1 0 0 1 1 0 0 1 0 0 0 0 1 1 1 1 1 0 0 0 0 1 0 0 0 1 0 0 0 1]",91
1837,4,gad7,9,PCA,RF,4,0.39175257731958757,0.46846846846846846,19,33,26,33,"[0 0 0 0 0 1 0 1 1 0 0 0 1 0 1 0 1 0 1 0 0 0 0 1 0 0 0 1 1 1 1 0 0 1 0 1 1
 0 1 0 0 0 1 1 0 1 0 0 1 0 0 0 1 1 0 1 1 0 1 0 0 1 1 0 1 1 0 0 0 1 0 0 1 0
 0 1 1 0 1 0 1 0 0 0 1 1 0 0 0 1 0 0 1 0 1 1 1 0 0 0 0 0 1 0 0 0 0 0 0 1 1]",91
1838,4,gad7,9,PCA,LR,4,0.43564356435643564,0.4864864864864865,22,32,27,30,"[0 0 0 1 0 1 0 1 1 1 0 0 1 0 0 0 0 1 1 0 0 0 0 0 0 0 0 0 1 0 1 1 0 0 1 1 1
 0 1 1 0 1 0 1 0 1 0 0 0 0 1 0 1 1 1 1 1 0 1 0 1 0 0 0 1 0 0 1 0 0 0 0 1 0
 1 1 1 0 0 0 1 1 0 1 1 1 0 0 0 0 0 0 1 0 1 1 1 0 0 0 1 0 0 1 1 1 1 0 0 1 1]",91
1839,4,gad7,9,PCA,XG,4,0.35416666666666663,0.44144144144144143,17,32,27,35,"[0 0 0 0 0 0 0 1 1 1 0 0 1 0 1 0 1 0 1 0 0 0 0 1 0 0 0 1 1 1 1 0 0 1 0 1 0
 0 1 0 0 0 1 1 0 1 1 0 1 0 0 0 1 1 0 1 1 0 0 0 0 1 0 0 1 0 0 0 0 1 0 0 1 0
 0 1 0 0 1 1 1 0 0 0 1 0 0 1 0 1 0 0 1 0 1 1 1 0 0 0 0 0 1 0 0 0 1 1 0 1 1]",91
1840,4,gad7,9,PCA,SVC,1,0.36781609195402304,0.5045045045045045,16,40,19,36,"[0 1 0 0 0 1 0 0 0 1 0 0 0 1 1 0 0 0 0 1 0 1 0 0 1 1 1 0 0 0 0 0 1 0 0 0 0
 1 0 0 1 0 1 0 0 0 0 1 0 0 0 0 0 0 1 0 1 0 0 0 1 0 1 1 0 0 0 0 0 1 0 0 0 0
 0 0 0 0 1 0 0 1 0 1 1 0 0 0 0 0 1 1 0 1 1 0 0 0 1 0 0 1 0 1 0 0 0 1 1 0 1]",92
1841,4,gad7,9,PCA,kNN,1,0.43564356435643564,0.4864864864864865,22,32,27,30,"[0 0 1 0 0 0 0 0 0 1 1 0 0 0 1 1 0 1 0 0 0 1 0 1 0 1 0 0 0 0 0 1 1 1 0 1 0
 1 1 0 1 0 1 1 0 0 0 1 1 1 0 1 0 0 1 1 0 1 0 1 0 0 1 0 0 0 0 1 0 1 0 0 1 1
 0 1 1 0 1 1 0 1 0 1 1 0 0 0 0 0 0 0 1 0 1 0 1 1 1 0 1 1 0 0 0 0 1 1 1 0 1]",92
1842,4,gad7,9,PCA,RF,1,0.38636363636363635,0.5135135135135135,17,40,19,35,"[0 0 1 0 0 0 0 1 0 0 1 1 1 0 1 1 0 0 0 0 0 0 0 1 0 1 0 0 0 0 0 0 1 1 0 1 0
 1 1 0 1 0 1 1 0 0 0 0 1 0 0 0 0 0 0 1 0 1 0 1 0 1 1 0 0 0 0 0 0 0 0 0 1 1
 0 0 0 0 1 1 0 0 0 1 1 0 0 0 0 0 0 0 0 0 1 0 1 1 1 0 0 0 0 0 0 0 1 1 0 0 1]",92
1843,4,gad7,9,PCA,LR,1,0.3414634146341463,0.5135135135135135,14,43,16,38,"[0 0 0 0 0 1 0 0 0 1 0 0 0 1 1 0 0 0 0 1 0 1 0 0 1 1 1 0 0 0 0 0 1 0 0 0 0
 0 0 0 1 0 1 0 0 0 0 1 0 0 0 0 0 0 1 0 1 0 0 0 1 0 1 1 0 0 0 0 0 1 0 0 0 0
 0 0 0 0 0 0 0 1 0 0 1 0 0 0 0 0 1 1 0 1 1 0 0 0 1 0 0 1 0 0 0 0 0 1 1 0 1]",92
1844,4,gad7,9,PCA,XG,1,0.39999999999999997,0.5135135135135135,18,39,20,34,"[0 0 1 0 0 0 0 1 0 0 1 1 1 0 1 1 0 0 0 0 0 0 0 1 0 1 0 0 0 0 0 0 1 1 0 1 0
 1 1 0 1 0 1 1 0 0 0 1 1 0 0 0 0 0 0 1 0 1 0 1 0 1 1 0 0 0 0 0 0 0 0 0 1 1
 0 0 0 0 1 1 0 1 0 1 1 0 0 0 0 0 0 0 0 0 1 0 1 1 1 0 0 0 0 0 0 0 1 1 0 0 1]",92
1845,4,gad7,9,PCA,SVC,2,0.29629629629629634,0.4864864864864865,12,42,17,40,"[0 0 0 0 0 1 0 0 0 0 0 0 0 1 0 0 0 0 0 1 0 0 0 0 1 1 1 0 0 0 0 0 1 0 0 0 0
 1 0 0 1 0 1 0 0 0 0 1 0 0 0 0 0 0 0 0 1 0 0 0 1 0 1 1 0 0 0 0 0 1 0 0 0 0
 0 0 0 0 1 0 0 1 0 1 1 0 0 0 0 0 1 1 0 1 1 0 0 0 1 0 0 1 0 0 0 0 0 1 1 0 1]",92
1846,4,gad7,9,PCA,kNN,2,0.44660194174757284,0.4864864864864865,23,31,28,29,"[0 0 1 0 0 1 0 0 0 1 0 1 0 0 0 1 0 0 0 1 0 1 0 1 1 1 1 0 1 1 0 0 0 0 1 0 0
 1 0 0 1 0 1 1 1 0 0 1 1 1 0 1 1 0 1 0 1 0 0 0 1 0 1 1 1 0 0 1 0 1 0 0 1 0
 1 0 0 0 1 0 0 1 1 1 1 1 1 0 0 0 1 1 1 0 1 0 0 0 0 0 1 1 0 0 0 0 1 1 1 0 1]",92
1847,4,gad7,9,PCA,RF,2,0.3908045977011494,0.5225225225225225,17,41,18,35,"[0 0 0 1 0 0 0 0 0 0 0 0 0 0 0 0 0 0 0 0 0 1 0 1 0 1 0 0 1 1 0 0 0 0 0 1 0
 1 0 0 0 0 1 1 1 0 0 1 0 0 0 1 1 1 1 0 0 1 0 0 0 0 1 0 0 0 0 0 0 0 0 0 1 1
 0 0 0 0 1 0 0 1 1 1 1 0 1 0 0 0 0 0 1 0 1 0 1 0 1 0 0 1 0 0 0 0 1 1 0 1 1]",92
1848,4,gad7,9,PCA,LR,2,0.4752475247524753,0.5225225225225225,24,34,25,28,"[0 0 0 0 0 1 0 0 0 0 0 1 1 1 0 1 1 0 1 1 0 0 0 0 1 1 1 0 0 1 0 1 1 0 0 0 1
 1 0 0 1 0 1 1 0 0 1 1 0 1 0 0 1 1 0 0 1 1 0 0 1 1 1 1 0 1 0 0 0 1 1 0 0 0
 0 0 0 0 1 0 0 1 1 0 1 0 0 0 0 0 1 1 1 1 1 0 0 0 1 0 1 1 0 0 0 0 1 1 1 0 1]",92
1849,4,gad7,9,PCA,XG,2,0.36144578313253006,0.5225225225225225,15,43,16,37,"[0 0 0 0 0 0 0 0 0 0 0 0 0 0 0 0 0 0 0 0 0 1 0 0 0 0 0 0 1 1 0 0 0 0 0 1 0
 1 0 0 0 0 1 1 1 0 0 1 0 0 0 1 1 1 1 0 0 1 0 0 0 0 1 0 0 0 0 0 0 1 0 0 1 1
 0 0 0 0 1 0 0 0 1 1 1 1 0 0 0 0 0 0 0 0 1 0 1 0 1 0 0 1 0 0 0 0 1 1 1 0 1]",92
1850,4,gad7,9,PCA,SVC,3,0.2857142857142857,0.5045045045045045,11,45,14,41,"[0 0 0 0 0 1 0 0 0 0 0 1 0 1 0 0 0 0 0 0 0 0 0 0 1 1 0 0 0 0 0 0 1 0 0 0 0
 1 0 0 1 0 1 0 0 0 0 1 0 0 0 0 0 0 0 0 1 0 0 0 0 0 1 1 0 0 0 0 0 1 0 0 0 0
 0 0 0 0 1 0 0 1 0 1 1 0 0 0 0 0 0 1 0 1 1 0 0 0 0 0 0 1 0 0 0 0 0 1 1 0 1]",92
1851,4,gad7,9,PCA,kNN,3,0.46601941747572817,0.5045045045045045,24,32,27,28,"[1 0 1 1 0 0 0 1 0 0 0 1 1 0 0 1 0 1 0 0 0 1 0 0 1 1 0 0 1 1 0 0 0 1 1 0 0
 1 0 0 1 0 1 0 0 0 0 1 0 0 0 1 1 1 0 0 1 0 0 0 0 0 1 1 1 0 0 0 0 1 1 1 1 0
 1 1 0 0 1 0 1 1 1 1 1 1 1 1 0 0 0 0 1 0 0 1 0 0 0 0 0 1 1 1 0 0 1 1 1 1 1]",92
1852,4,gad7,9,PCA,RF,3,0.42222222222222217,0.5315315315315315,19,40,19,33,"[1 0 0 1 1 0 0 0 0 0 0 1 1 0 0 1 0 0 0 0 0 1 0 0 0 1 0 0 1 1 0 0 0 0 0 1 0
 1 0 0 1 0 1 1 0 0 0 1 0 0 0 1 1 0 0 1 0 0 0 0 0 0 1 0 0 0 0 0 0 1 1 0 1 0
 0 0 0 0 1 0 1 1 1 1 1 0 1 0 0 0 0 0 0 0 1 0 0 0 1 0 0 1 0 1 0 0 1 1 1 0 1]",92
1853,4,gad7,9,PCA,LR,3,0.42553191489361697,0.5135135135135135,20,37,22,32,"[0 0 0 0 1 1 0 0 0 0 0 1 1 1 0 0 1 0 1 1 0 0 0 1 1 1 1 0 0 0 0 0 1 0 0 0 0
 1 0 0 1 0 1 1 0 0 1 1 0 0 0 0 0 0 0 0 0 0 0 0 1 0 1 1 0 0 0 0 1 1 0 0 0 1
 0 0 1 0 1 0 0 1 0 1 1 0 0 1 0 0 1 1 1 1 1 0 0 0 0 0 1 1 0 0 0 0 1 1 1 0 1]",92
1854,4,gad7,9,PCA,XG,3,0.46153846153846156,0.5585585585585585,21,41,18,31,"[1 0 0 0 1 0 0 0 0 0 0 1 1 0 0 1 0 0 0 0 0 1 0 0 0 0 0 0 1 1 0 0 0 0 0 1 0
 1 1 0 1 0 1 1 0 0 0 1 0 0 0 1 1 0 0 1 0 0 0 0 0 0 1 0 0 1 0 0 0 1 1 0 1 1
 0 1 0 0 1 0 1 1 1 1 0 0 1 0 0 0 0 0 0 0 1 0 1 0 0 0 0 1 0 1 0 0 1 1 1 0 1]",92
1855,4,gad7,9,PCA,SVC,4,0.30379746835443033,0.5045045045045045,12,44,15,40,"[0 0 0 0 0 1 0 0 0 0 0 1 0 1 0 0 0 0 0 0 0 0 0 0 1 1 0 0 0 0 0 0 1 0 0 0 0
 1 0 0 1 0 1 0 0 0 1 1 0 0 0 0 0 0 0 0 1 0 0 0 0 0 1 1 0 0 0 0 0 1 0 0 0 1
 0 0 0 0 1 0 0 1 0 1 1 0 0 0 0 0 0 1 0 1 1 0 0 0 0 0 0 1 0 0 0 0 0 1 1 0 1]",92
1856,4,gad7,9,PCA,kNN,4,0.48598130841121495,0.5045045045045045,26,30,29,26,"[1 1 1 1 0 1 0 0 1 0 0 1 1 0 0 1 1 1 0 0 0 1 0 0 0 1 0 0 1 1 0 0 0 0 1 1 1
 1 0 1 1 0 1 0 0 0 1 1 0 1 0 0 1 0 0 0 1 1 1 1 0 0 1 1 1 0 1 0 0 1 1 0 1 0
 0 1 0 0 1 0 0 1 0 1 1 1 1 0 0 0 0 1 1 0 1 0 0 1 0 0 0 1 0 1 0 0 1 1 1 1 1]",92
1857,4,gad7,9,PCA,RF,4,0.372093023255814,0.5135135135135135,16,41,18,36,"[0 0 0 1 0 0 0 0 0 0 0 1 0 0 0 1 0 0 0 0 0 1 0 0 0 1 0 0 1 1 0 0 0 1 0 1 0
 1 0 0 1 0 1 0 0 0 1 1 0 0 0 1 0 0 1 0 0 0 0 0 0 0 1 0 0 0 0 0 0 1 1 0 1 0
 0 0 0 0 1 0 1 0 1 1 1 0 1 0 0 0 0 0 1 0 0 0 0 0 1 0 0 1 0 1 0 0 1 1 1 0 1]",92
1858,4,gad7,9,PCA,LR,4,0.3870967741935483,0.4864864864864865,18,36,23,34,"[0 0 0 0 0 1 0 0 0 0 0 1 1 1 0 0 1 0 1 1 0 0 0 1 1 1 1 0 0 0 0 1 1 0 0 0 0
 1 0 0 1 0 1 1 0 0 1 1 0 0 0 0 0 0 0 0 0 0 0 0 1 1 1 1 0 1 0 0 0 1 0 0 0 0
 0 0 1 0 1 0 0 1 0 0 1 0 0 1 0 0 1 1 1 1 1 0 0 0 0 0 1 1 0 0 0 0 1 1 1 0 1]",92
1859,4,gad7,9,PCA,XG,4,0.33333333333333337,0.4954954954954955,14,41,18,38,"[0 0 0 0 0 0 0 1 0 0 0 1 0 0 0 1 0 1 0 0 0 1 0 0 0 0 0 0 1 0 0 0 0 0 0 1 0
 1 0 0 1 0 1 1 0 0 0 1 0 0 0 1 0 1 0 0 0 0 1 0 0 0 0 0 0 1 0 0 0 1 1 0 1 1
 0 1 0 0 1 0 0 0 1 1 1 0 1 0 0 0 0 0 1 0 0 0 0 0 0 0 0 1 0 1 0 0 0 1 1 0 1]",92
1860,4,gad7,9,PCA,SVC,1,0.3448275862068965,0.4864864864864865,15,39,20,37,"[0 1 1 0 0 0 0 0 0 0 0 1 1 0 1 1 0 0 0 0 0 0 0 0 1 0 0 0 0 0 0 0 0 0 1 0 0
 1 0 1 0 1 0 1 0 1 1 1 0 0 0 0 0 1 0 0 1 0 0 0 0 0 0 1 1 0 0 0 1 1 0 0 0 0
 0 0 1 0 0 1 1 0 0 0 0 0 1 1 0 0 1 1 0 1 1 1 0 1 1 0 0 0 0 0 0 0 0 1 1 0 0]",93
1861,4,gad7,9,PCA,kNN,1,0.5098039215686274,0.5495495495495496,26,35,24,26,"[0 1 1 0 1 0 0 1 0 0 0 1 1 1 1 0 0 0 1 1 1 0 0 0 1 0 0 0 1 0 0 1 0 0 1 0 0
 1 1 0 0 1 1 0 1 0 0 1 1 1 1 1 0 1 0 1 1 1 0 0 0 1 1 1 1 0 0 0 1 1 0 0 0 1
 0 0 0 0 0 1 1 0 0 0 0 0 1 0 1 0 1 0 1 1 1 0 0 1 1 0 1 0 1 0 0 0 0 1 0 1 0]",93
1862,4,gad7,9,PCA,RF,1,0.47058823529411764,0.5135135135135135,24,33,26,28,"[0 0 1 0 0 0 0 1 0 1 1 1 1 0 1 0 1 0 1 0 0 0 0 1 1 1 0 0 1 0 0 0 0 1 1 0 1
 0 0 0 0 1 1 0 1 0 0 1 1 1 0 1 1 1 0 1 1 0 0 0 1 1 1 1 1 1 0 0 1 0 1 0 1 0
 1 0 0 0 1 1 1 0 1 0 0 0 1 0 0 0 0 0 1 1 1 0 0 1 1 0 0 0 0 0 0 0 0 1 0 1 1]",93
1863,4,gad7,9,PCA,LR,1,0.4958677685950413,0.45045045045045046,30,20,39,22,"[1 1 1 1 1 0 0 0 0 1 0 1 1 0 1 1 1 0 0 1 1 1 0 0 1 1 1 1 0 1 0 1 1 1 1 1 1
 1 0 1 0 1 0 1 1 1 0 1 0 1 1 0 1 1 1 0 1 1 1 0 0 0 1 1 1 0 1 1 1 0 0 1 1 1
 1 1 1 0 0 1 1 0 0 1 0 0 0 0 1 0 1 1 1 1 0 0 1 0 1 1 0 1 1 1 1 0 0 0 1 1 0]",93
1864,4,gad7,9,PCA,XG,1,0.4807692307692308,0.5135135135135135,25,32,27,27,"[0 1 1 0 1 0 0 1 0 0 1 1 1 0 1 0 0 0 1 1 0 0 0 1 1 0 0 0 1 0 0 1 0 0 1 0 0
 0 1 0 0 1 1 0 1 0 0 1 1 0 1 1 0 1 1 1 1 0 0 0 1 1 1 1 1 1 0 0 1 1 1 0 0 1
 0 0 0 0 1 1 1 0 1 0 0 0 1 0 1 0 0 0 1 1 1 0 0 1 1 0 1 0 1 0 0 0 0 1 0 1 0]",93
1865,4,gad7,9,PCA,SVC,2,0.40860215053763443,0.5045045045045045,19,37,22,33,"[0 1 1 1 0 0 0 1 1 0 0 1 1 1 1 1 0 0 1 1 0 1 0 0 0 0 0 1 1 0 0 0 0 0 1 0 0
 1 1 1 0 0 1 1 0 1 0 0 1 0 0 1 0 1 0 0 0 1 0 0 1 1 0 1 0 0 0 1 1 1 0 0 0 0
 0 0 0 0 0 1 1 0 0 0 1 0 0 0 0 0 0 1 0 0 1 0 1 1 0 0 1 0 0 0 0 0 0 0 1 0 0]",93
1866,4,gad7,9,PCA,kNN,2,0.4423076923076923,0.4774774774774775,23,30,29,29,"[1 1 1 0 0 0 0 0 1 1 0 1 1 1 1 0 1 0 1 0 1 1 1 1 1 1 0 0 1 0 0 1 1 1 1 0 1
 1 1 1 0 0 1 1 0 0 0 1 0 0 0 1 1 1 1 0 1 0 0 0 0 1 0 1 1 0 0 0 1 1 0 0 0 1
 0 0 0 0 0 1 1 0 0 0 1 0 1 0 0 0 0 1 1 0 1 0 0 1 1 0 0 0 0 0 1 0 0 1 1 0 0]",93
1867,4,gad7,9,PCA,RF,2,0.4313725490196078,0.4774774774774775,22,31,28,30,"[0 1 1 0 0 0 0 1 0 0 0 1 1 1 1 0 0 0 0 1 1 0 0 0 1 1 0 0 1 0 0 1 0 1 1 0 1
 0 1 1 0 0 1 0 0 1 0 1 1 1 0 0 0 1 1 0 1 0 0 0 1 1 0 1 1 0 0 1 1 1 0 1 0 1
 0 0 0 0 0 1 1 0 1 0 0 0 1 0 1 0 0 0 1 1 1 0 1 1 1 0 1 0 0 0 1 0 0 1 1 0 0]",93
1868,4,gad7,9,PCA,LR,2,0.4285714285714286,0.5675675675675675,18,45,14,34,"[0 1 1 1 0 0 0 0 0 0 0 1 1 0 1 1 0 0 0 1 0 1 0 0 0 0 0 1 0 0 0 0 0 0 1 0 0
 1 0 1 0 0 0 1 0 1 1 0 0 0 0 0 0 1 0 0 0 1 0 0 1 0 0 1 0 0 0 1 1 0 0 0 0 0
 0 0 0 0 0 1 1 0 0 0 0 0 1 1 0 0 1 1 0 0 0 1 1 0 0 0 0 0 0 0 0 0 0 1 1 0 0]",93
1869,4,gad7,9,PCA,XG,2,0.5102040816326531,0.5675675675675675,25,38,21,27,"[0 1 1 0 1 0 0 0 0 0 0 1 1 1 1 0 0 0 1 1 1 0 0 0 1 0 0 0 1 0 0 1 0 0 1 0 1
 1 1 1 0 0 1 0 0 0 0 0 1 0 1 0 0 1 1 0 1 0 0 0 1 1 1 1 1 0 0 0 1 1 0 1 0 0
 0 0 0 0 1 1 1 0 1 0 0 0 1 0 0 0 0 0 1 1 1 0 0 1 1 1 1 0 0 0 1 0 0 1 0 0 0]",93
1870,4,gad7,9,PCA,SVC,3,0.5052631578947369,0.5765765765765766,24,40,19,28,"[0 1 1 1 0 0 0 1 1 0 0 1 1 1 1 1 0 0 1 1 0 1 1 0 0 0 0 1 1 0 0 0 0 0 1 0 0
 1 1 1 0 0 1 1 0 1 0 0 1 0 0 1 0 1 0 0 0 1 0 0 1 1 0 1 1 0 0 1 1 0 0 0 0 0
 0 0 0 0 0 1 1 0 0 0 1 0 1 0 0 0 1 1 0 0 0 0 1 0 0 0 1 0 0 0 0 0 0 1 1 0 0]",93
1871,4,gad7,9,PCA,kNN,3,0.4950495049504951,0.5405405405405406,25,35,24,27,"[1 1 1 0 0 0 0 0 1 0 1 1 1 1 1 0 1 0 0 0 1 1 1 0 0 1 0 0 1 0 0 0 1 1 1 0 1
 1 1 0 0 0 1 0 1 0 0 1 0 0 0 1 0 1 1 0 1 0 0 0 0 1 0 1 1 1 0 0 1 1 0 0 0 1
 1 1 0 0 0 1 1 1 0 1 0 0 0 0 0 0 1 1 1 0 1 0 0 1 0 0 0 0 1 0 0 0 0 0 1 1 0]",93
1872,4,gad7,9,PCA,RF,3,0.36170212765957444,0.4594594594594595,17,34,25,35,"[1 1 1 0 1 0 0 1 0 0 0 1 1 1 1 0 1 0 0 0 1 0 0 1 1 1 0 0 1 0 0 0 0 1 1 0 0
 0 1 1 0 0 1 0 0 0 0 1 1 1 0 1 0 1 1 0 1 0 0 0 0 1 0 1 1 0 0 0 1 1 0 0 0 1
 0 0 0 0 0 1 1 0 0 0 0 0 0 0 0 0 0 1 1 0 1 0 1 0 1 1 0 0 0 0 1 0 0 0 0 0 0]",93
1873,4,gad7,9,PCA,LR,3,0.4318181818181818,0.5495495495495496,19,42,17,33,"[0 1 1 1 0 0 0 0 0 0 0 1 1 0 1 1 0 0 0 1 0 1 0 0 1 0 0 1 0 0 0 0 0 0 1 0 0
 1 0 1 0 1 0 1 0 1 1 1 0 0 0 0 0 1 0 0 0 1 0 0 1 0 0 1 1 0 0 1 1 0 0 0 0 0
 0 0 0 0 0 1 1 0 0 0 0 0 1 1 0 0 1 1 0 0 0 1 1 0 0 0 0 0 0 0 0 0 0 1 1 0 0]",93
1874,4,gad7,9,PCA,XG,3,0.4210526315789474,0.5045045045045045,20,36,23,32,"[1 1 1 0 1 0 0 1 0 0 0 1 1 1 1 0 1 0 0 1 1 0 0 0 1 1 0 0 1 0 0 0 0 1 1 0 0
 1 1 1 0 0 1 0 0 0 0 0 1 1 0 1 0 1 1 0 1 0 0 0 0 1 1 1 1 0 0 0 1 0 0 1 0 1
 0 0 1 0 0 1 1 0 0 0 0 0 0 0 0 0 0 0 1 1 0 0 0 0 1 1 1 0 0 0 1 0 0 0 0 0 0]",93
1875,4,gad7,9,PCA,SVC,4,0.4950495049504951,0.5405405405405406,25,35,24,27,"[0 1 1 1 0 0 0 1 1 0 1 1 1 1 1 1 0 0 1 1 0 1 1 0 0 0 0 1 1 0 0 0 0 0 1 0 0
 1 1 1 0 0 1 1 0 1 0 1 1 0 0 1 0 1 0 0 1 1 0 0 1 1 0 1 1 1 0 1 1 1 0 0 0 0
 0 0 0 0 0 1 1 0 0 0 1 0 1 0 0 0 1 1 0 0 1 0 1 0 0 0 1 0 0 0 0 0 0 1 1 0 0]",93
1876,4,gad7,9,PCA,kNN,4,0.4,0.4864864864864865,19,35,24,33,"[1 1 1 0 1 0 0 0 1 0 1 1 1 1 1 0 0 0 1 0 1 0 1 0 0 1 0 0 1 1 0 0 0 0 1 0 1
 1 1 1 0 0 1 0 0 0 0 1 0 0 0 1 0 1 1 0 1 0 0 0 0 1 0 1 1 1 0 0 0 1 0 0 0 1
 1 0 0 0 0 1 1 0 0 0 0 0 0 0 0 0 0 1 1 0 1 0 0 0 1 0 0 0 0 0 1 0 0 0 1 1 0]",93
1877,4,gad7,9,PCA,RF,4,0.40860215053763443,0.5045045045045045,19,37,22,33,"[1 1 1 0 1 0 0 1 0 0 1 1 1 1 1 0 0 0 0 0 1 0 0 0 1 0 0 0 1 0 0 0 0 0 1 0 1
 0 1 1 0 0 1 0 0 0 0 1 1 0 0 1 0 1 1 0 1 0 0 0 0 1 0 1 1 0 0 0 1 1 0 1 0 0
 0 0 0 0 0 1 1 1 0 0 0 0 0 0 0 0 0 1 1 1 1 0 0 0 1 0 1 0 0 0 1 0 0 1 0 0 0]",93
1878,4,gad7,9,PCA,LR,4,0.4680851063829788,0.5495495495495496,22,39,20,30,"[0 1 1 1 0 0 0 0 0 0 0 1 1 1 1 1 0 0 0 1 0 1 0 0 0 0 0 1 1 0 0 0 0 0 1 0 0
 1 1 1 0 0 1 1 0 1 1 1 0 0 0 1 0 1 0 0 1 1 0 0 1 1 0 1 1 0 0 1 1 0 0 0 0 0
 0 0 0 0 0 1 1 0 0 0 0 0 1 1 0 0 1 1 0 0 0 1 1 0 0 0 1 0 0 0 0 0 0 1 1 0 0]",93
1879,4,gad7,9,PCA,XG,4,0.30952380952380953,0.4774774774774775,13,40,19,39,"[1 1 1 0 1 0 0 1 0 0 0 1 1 1 0 0 0 0 1 0 1 0 0 0 1 0 0 0 0 0 0 0 0 0 1 0 1
 0 1 0 0 0 1 0 0 0 0 1 1 0 0 1 0 1 1 0 1 0 0 0 0 1 0 1 1 0 0 0 1 0 0 1 0 0
 0 0 0 0 0 1 1 0 0 0 0 0 0 0 0 0 0 0 1 0 0 0 0 0 1 0 1 0 0 0 1 0 0 0 0 0 0]",93
1880,4,gad7,9,PCA,SVC,1,0.3925233644859813,0.4144144144144144,21,25,34,31,"[0 0 1 1 0 1 0 0 1 0 1 1 0 1 1 0 0 0 0 1 1 1 0 1 1 0 0 0 0 0 0 1 1 0 1 1 1
 1 1 1 0 0 0 1 0 0 0 1 1 1 1 1 0 0 1 0 1 0 0 1 0 0 0 0 0 0 1 0 1 1 0 1 1 0
 0 1 0 1 1 0 0 1 0 1 1 1 1 0 1 0 0 0 1 1 0 1 1 1 0 0 1 1 0 1 1 1 1 0 0 0 0]",94
1881,4,gad7,9,PCA,kNN,1,0.4842105263157894,0.5585585585585585,23,39,20,29,"[0 1 0 1 1 0 0 0 0 0 1 0 1 0 0 0 0 0 0 1 0 0 0 1 0 0 1 0 0 0 1 1 1 0 1 1 1
 0 0 0 1 0 0 0 0 0 0 0 0 1 0 0 0 1 0 0 0 0 0 0 1 0 1 0 1 1 0 1 0 0 0 1 0 0
 0 1 0 0 1 0 0 1 0 0 1 1 0 0 1 1 0 0 1 1 0 1 1 0 0 0 1 1 0 1 1 1 1 1 0 1 1]",94
1882,4,gad7,9,PCA,RF,1,0.3448275862068965,0.4864864864864865,15,39,20,37,"[1 1 0 1 0 0 0 0 0 0 0 0 1 0 0 0 1 0 0 0 1 0 0 1 1 0 0 0 0 0 1 0 0 0 1 0 1
 0 0 0 0 1 0 1 0 0 0 0 0 1 0 0 0 1 0 0 0 0 0 1 1 0 0 0 0 1 1 1 0 0 0 1 0 0
 0 1 0 0 0 0 1 1 0 0 0 0 0 1 0 1 0 0 1 1 0 1 1 0 0 0 0 1 0 1 1 1 1 0 0 0 0]",94
1883,4,gad7,9,PCA,LR,1,0.4878048780487805,0.43243243243243246,30,18,41,22,"[1 0 1 1 0 1 0 0 1 0 1 1 0 1 1 1 0 0 0 1 1 1 0 1 1 1 0 0 0 0 0 1 1 1 1 1 1
 1 1 1 0 1 0 1 0 0 1 1 1 1 1 1 1 0 1 1 1 1 1 1 0 1 0 0 0 0 1 0 1 1 1 1 1 1
 0 1 0 1 1 0 1 1 0 1 1 1 1 0 1 0 1 0 1 1 0 1 1 1 0 0 1 1 1 1 1 1 1 0 0 0 0]",94
1884,4,gad7,9,PCA,XG,1,0.3488372093023256,0.4954954954954955,15,40,19,37,"[1 1 0 1 0 0 0 0 0 0 0 0 1 0 0 0 1 0 0 0 1 0 0 1 1 0 1 0 0 0 1 0 0 0 1 0 1
 0 0 0 0 0 0 1 0 0 0 0 0 1 0 0 0 1 0 0 0 0 0 1 1 0 0 0 0 1 1 1 0 0 0 1 0 0
 0 1 0 0 0 0 0 1 0 0 0 0 0 1 0 1 0 0 1 1 0 1 1 0 0 0 0 1 0 1 1 1 1 0 0 0 0]",94
1885,4,gad7,9,PCA,SVC,2,0.43859649122807015,0.42342342342342343,25,22,37,27,"[1 0 1 1 0 1 0 0 1 0 1 1 0 1 1 1 0 0 0 1 1 0 0 1 1 1 0 0 0 0 0 1 1 1 1 0 1
 1 1 1 0 0 0 1 0 0 1 0 1 1 1 1 1 0 1 1 1 0 1 1 0 1 0 0 0 0 1 0 1 0 0 1 1 1
 0 1 0 1 1 1 0 1 0 1 1 1 1 0 1 0 1 0 1 0 0 1 1 0 0 0 1 1 1 1 1 1 1 0 0 0 0]",94
1886,4,gad7,9,PCA,kNN,2,0.4950495049504951,0.5405405405405406,25,35,24,27,"[1 0 0 1 1 1 0 0 0 0 1 0 0 1 0 1 1 0 0 1 1 0 0 0 0 0 1 0 0 0 1 1 0 0 1 0 0
 0 0 1 1 0 0 1 0 0 1 0 1 0 1 1 0 1 1 0 0 0 1 0 1 1 1 1 1 1 1 1 0 0 0 1 1 1
 0 0 0 0 0 1 0 1 0 0 1 1 0 1 1 1 0 0 1 1 0 1 0 0 0 0 1 0 0 0 1 0 1 0 0 1 0]",94
1887,4,gad7,9,PCA,RF,2,0.4130434782608696,0.5135135135135135,19,38,21,33,"[1 0 0 0 0 0 0 0 0 0 1 0 1 1 0 1 1 0 0 1 1 0 0 0 0 0 0 0 0 0 1 1 0 0 0 0 1
 0 0 1 0 0 0 1 0 0 1 0 0 0 1 1 0 0 0 0 0 0 1 0 0 1 1 1 1 1 1 1 0 0 0 0 0 0
 0 0 0 0 1 0 1 0 0 0 1 0 0 0 1 1 0 1 1 1 0 0 0 0 0 0 1 1 1 1 1 0 1 0 0 1 1]",94
1888,4,gad7,9,PCA,LR,2,0.37499999999999994,0.5495495495495496,15,46,13,37,"[0 0 0 1 0 1 0 1 0 0 0 0 0 0 0 0 0 0 0 1 0 0 0 0 0 1 0 0 0 0 1 0 0 0 1 0 0
 0 0 1 1 0 0 0 0 0 0 0 1 1 1 1 0 0 1 0 0 0 1 0 0 0 0 1 1 0 0 0 0 0 0 0 0 0
 0 0 0 0 1 0 1 1 0 0 0 0 0 0 0 0 1 1 1 0 0 0 1 0 1 0 1 0 0 1 0 0 1 0 0 0 0]",94
1889,4,gad7,9,PCA,XG,2,0.5252525252525252,0.5765765765765766,26,38,21,26,"[1 1 0 1 0 0 0 0 0 0 0 0 1 1 0 1 1 0 0 1 1 0 0 0 0 1 1 0 0 0 1 1 0 0 0 1 1
 0 0 1 0 0 0 1 0 0 1 0 0 0 1 1 0 1 0 0 0 0 1 0 0 1 1 1 1 1 1 1 0 0 0 0 0 0
 0 1 0 0 0 0 1 0 0 0 1 0 0 1 1 1 0 1 1 1 0 0 1 0 0 0 1 1 1 1 1 0 1 0 0 1 1]",94
1890,4,gad7,9,PCA,SVC,3,0.43564356435643564,0.4864864864864865,22,32,27,30,"[0 0 1 1 0 1 0 0 1 0 1 1 0 1 1 1 0 0 0 0 0 1 0 1 1 1 0 0 0 0 0 1 1 0 0 1 1
 1 1 1 0 0 0 1 0 0 1 1 1 1 1 1 0 0 1 0 1 0 1 1 0 0 0 0 0 0 0 0 0 1 0 0 1 0
 0 1 0 1 1 0 0 1 0 1 1 1 0 0 1 0 0 0 1 1 0 0 1 0 0 0 1 1 0 1 0 1 1 0 0 0 0]",94
1891,4,gad7,9,PCA,kNN,3,0.4672897196261683,0.4864864864864865,25,29,30,27,"[1 0 1 1 1 1 0 0 0 0 1 0 1 1 0 1 1 0 1 0 1 1 1 0 0 0 1 0 0 1 0 1 0 0 0 1 1
 0 0 1 1 0 1 1 0 0 1 1 1 1 1 1 0 1 0 0 0 0 0 0 1 1 1 0 0 1 1 1 0 1 0 0 0 1
 1 0 1 0 0 1 0 1 0 0 1 1 0 1 1 1 0 0 1 1 0 0 0 0 0 1 1 0 1 0 1 0 1 0 0 0 1]",94
1892,4,gad7,9,PCA,RF,3,0.2650602409638554,0.45045045045045046,11,39,20,41,"[0 0 0 0 0 1 0 0 0 0 0 0 1 1 0 1 1 0 0 0 1 0 0 0 0 0 0 0 0 0 0 1 0 0 0 0 0
 0 0 1 0 0 0 1 0 0 1 0 0 0 0 1 0 0 0 0 0 0 0 0 1 1 1 0 0 1 1 1 0 0 0 0 0 0
 0 0 0 0 1 1 1 1 0 0 1 1 0 0 1 1 0 0 1 1 0 0 0 0 0 0 1 0 1 0 1 0 1 0 0 0 0]",94
1893,4,gad7,9,PCA,LR,3,0.39506172839506176,0.5585585585585585,16,46,13,36,"[0 0 0 1 0 1 0 1 0 0 0 0 0 0 0 0 0 0 0 1 0 0 0 0 0 1 0 0 0 0 1 0 0 0 1 0 0
 0 0 1 1 1 0 0 0 0 0 0 1 1 1 1 0 0 1 0 0 0 1 0 0 0 0 1 1 0 0 0 0 0 0 0 0 0
 0 0 0 0 1 0 1 1 0 0 0 0 0 0 0 0 1 1 1 0 0 0 1 0 1 0 1 0 0 1 0 0 1 0 0 0 0]",94
1894,4,gad7,9,PCA,XG,3,0.4044943820224719,0.5225225225225225,18,40,19,34,"[0 0 1 0 0 1 0 0 0 0 0 0 1 1 0 1 1 0 0 0 1 1 0 0 0 1 0 0 0 0 1 1 0 0 0 1 1
 0 0 1 0 0 0 1 0 0 1 0 0 0 0 1 0 0 0 0 0 0 1 0 0 1 1 0 1 1 1 1 0 0 0 1 0 0
 0 0 0 0 0 1 0 0 0 0 1 1 0 0 1 1 0 0 1 1 0 0 0 0 0 0 1 1 1 0 1 0 1 0 0 0 0]",94
1895,4,gad7,9,PCA,SVC,4,0.46551724137931033,0.44144144144144143,27,22,37,25,"[0 0 1 1 0 1 0 0 1 0 1 1 1 1 1 1 0 0 0 0 1 1 0 1 1 1 0 0 1 0 0 1 1 1 0 1 1
 1 1 1 0 0 0 1 0 1 1 1 0 1 1 1 1 0 1 1 1 0 1 1 0 1 0 0 0 1 1 0 1 0 0 1 1 1
 0 1 0 1 1 1 0 1 0 1 1 0 1 0 1 0 0 0 1 1 0 0 1 0 0 0 1 1 1 1 1 1 1 0 0 1 0]",94
1896,4,gad7,9,PCA,kNN,4,0.5242718446601942,0.5585585585585585,27,35,24,25,"[0 0 0 1 0 1 0 0 0 0 1 1 0 1 0 1 1 0 1 0 1 1 1 0 1 0 1 0 1 1 0 1 1 1 0 1 0
 1 0 1 1 0 1 0 0 0 1 1 1 1 1 1 1 1 0 0 1 0 1 0 0 0 1 0 0 0 0 1 0 0 0 0 0 1
 1 0 1 1 0 0 0 0 0 0 1 1 0 1 1 0 0 0 1 1 0 0 0 0 0 1 1 0 1 0 1 0 1 0 0 1 0]",94
1897,4,gad7,9,PCA,RF,4,0.36781609195402304,0.5045045045045045,16,40,19,36,"[0 0 0 0 0 1 0 0 0 0 0 0 1 1 0 1 0 0 0 0 1 0 0 0 1 0 0 0 1 0 1 1 1 0 0 1 0
 0 1 1 0 0 0 1 0 1 1 0 0 1 0 1 0 1 0 0 1 0 0 0 0 1 1 0 0 1 1 1 0 0 0 0 0 0
 0 0 0 1 0 0 0 0 0 0 1 1 0 0 1 1 0 0 1 1 0 0 0 0 0 0 1 0 1 0 0 0 1 0 0 0 0]",94
1898,4,gad7,9,PCA,LR,4,0.40476190476190477,0.5495495495495496,17,44,15,35,"[0 0 1 1 0 1 0 1 0 0 0 0 0 0 0 1 0 0 0 1 0 0 0 0 0 1 0 0 0 0 1 0 0 0 1 0 0
 1 0 1 1 0 0 0 0 0 1 0 1 1 1 1 0 0 1 0 0 0 1 0 0 0 0 1 1 0 0 0 0 0 0 0 0 0
 0 0 0 0 1 0 1 1 0 0 0 0 0 0 0 0 1 1 1 0 0 0 1 0 1 0 1 0 0 1 0 0 1 0 0 0 0]",94
1899,4,gad7,9,PCA,XG,4,0.3529411764705882,0.5045045045045045,15,41,18,37,"[1 0 0 0 0 0 0 0 0 0 0 0 1 0 0 1 0 0 0 0 1 1 0 0 1 0 0 0 1 0 1 1 1 0 0 1 0
 0 0 1 0 0 0 1 0 0 1 0 0 1 0 1 0 1 0 0 1 0 0 0 0 1 1 0 0 0 1 1 0 0 0 1 0 0
 0 0 0 1 0 1 0 0 0 0 1 1 0 0 1 0 0 0 1 1 0 0 0 0 0 0 1 0 1 0 0 0 1 0 0 0 0]",94
1900,4,gad7,9,PCA,SVC,1,0.39560439560439564,0.5045045045045045,18,38,21,34,"[0 0 1 0 0 0 1 1 0 1 1 1 0 0 0 0 0 0 1 1 0 0 1 0 0 1 1 0 0 1 0 1 0 0 0 0 1
 0 0 0 1 0 0 1 0 1 0 0 1 1 0 0 1 0 0 0 0 0 1 1 0 0 1 0 0 0 0 0 1 0 0 0 1 0
 0 0 1 0 0 0 1 1 0 1 0 1 0 0 1 1 0 0 1 1 0 0 1 0 0 0 0 0 0 0 1 1 0 0 1 0 1]",95
1901,4,gad7,9,PCA,kNN,1,0.4444444444444444,0.5045045045045045,22,34,25,30,"[1 1 0 0 0 1 1 1 1 1 1 0 0 0 0 1 0 0 1 1 0 0 1 1 0 1 1 0 0 0 1 0 1 0 0 0 1
 1 0 0 0 0 0 0 0 0 0 0 0 0 0 1 1 0 1 1 1 0 1 1 1 0 0 0 0 1 0 0 0 1 0 0 0 0
 0 0 1 0 1 0 0 1 0 0 1 1 0 0 1 0 0 1 1 0 0 1 1 0 0 1 0 1 1 0 1 0 1 1 0 1 1]",95
1902,4,gad7,9,PCA,RF,1,0.45999999999999996,0.5135135135135135,23,34,25,29,"[0 1 0 0 1 0 1 1 0 1 1 0 1 0 1 0 0 0 1 1 0 0 1 0 0 1 1 0 0 0 0 0 0 1 1 0 1
 1 0 0 0 0 0 1 0 0 1 0 0 0 0 1 0 0 1 1 1 0 1 1 1 1 0 0 0 1 0 1 1 1 0 0 1 1
 1 0 1 0 1 1 0 1 0 0 1 1 0 0 0 0 1 1 1 0 0 1 1 0 0 0 0 1 0 0 0 0 1 0 0 0 1]",95
1903,4,gad7,9,PCA,LR,1,0.5378151260504201,0.5045045045045045,32,24,35,20,"[0 1 0 1 1 1 0 0 1 1 1 0 0 1 1 1 1 1 0 0 1 1 0 0 1 0 0 1 1 1 1 0 1 1 0 1 0
 1 1 1 0 1 1 0 1 0 1 1 1 1 1 1 1 1 0 1 1 1 0 0 0 1 0 1 1 1 1 1 0 0 1 1 0 1
 1 1 0 1 0 1 0 1 1 0 1 0 1 1 0 0 1 1 1 0 1 0 0 1 1 0 1 1 1 1 0 0 0 0 0 0 0]",95
1904,4,gad7,9,PCA,XG,1,0.47058823529411764,0.5135135135135135,24,33,26,28,"[0 1 0 0 1 1 1 1 0 1 1 0 1 0 1 1 0 0 1 1 0 0 1 0 0 1 1 0 0 0 0 0 1 1 1 0 1
 1 0 0 0 0 0 1 0 0 1 0 0 0 0 1 0 0 1 1 1 0 1 1 1 1 0 0 0 1 0 1 0 1 0 0 0 1
 1 0 1 0 1 1 0 1 0 0 1 1 0 0 0 0 1 1 1 0 0 1 1 0 0 0 0 1 0 0 1 0 1 0 0 0 1]",95
1905,4,gad7,9,PCA,SVC,2,0.3529411764705882,0.5045045045045045,15,41,18,37,"[0 0 0 0 0 0 1 1 0 1 1 1 0 0 0 0 0 0 1 1 0 0 1 0 0 1 1 0 0 1 0 1 0 0 0 0 1
 0 0 0 0 0 0 1 0 1 1 0 1 0 1 0 1 0 0 0 0 0 1 1 0 0 1 0 0 0 0 0 0 0 0 0 1 0
 0 0 1 0 0 0 1 1 0 1 0 1 0 0 0 0 0 0 0 1 0 0 1 0 0 0 0 0 0 0 1 1 0 0 0 0 1]",95
1906,4,gad7,9,PCA,kNN,2,0.41860465116279066,0.5495495495495496,18,43,16,34,"[0 0 0 0 0 0 0 1 1 1 0 0 1 0 0 0 0 0 0 0 0 0 0 0 0 1 0 0 0 1 1 0 0 0 0 0 0
 1 0 1 0 0 0 1 0 0 1 0 1 0 0 1 0 1 1 1 1 0 0 0 0 0 0 0 0 1 0 1 0 1 1 0 0 0
 0 0 0 0 1 1 0 1 1 0 1 0 0 0 0 0 1 0 1 0 0 1 1 0 0 1 0 0 1 0 0 0 1 1 0 0 0]",95
1907,4,gad7,9,PCA,RF,2,0.38636363636363635,0.5135135135135135,17,40,19,35,"[0 0 0 0 0 0 1 1 0 1 1 0 0 0 0 0 0 1 1 1 0 0 1 0 0 1 1 0 0 0 0 0 0 1 0 0 1
 1 1 0 0 0 0 0 0 0 0 0 1 0 0 1 1 0 1 1 1 0 1 1 0 1 0 0 0 1 0 0 0 1 1 0 0 0
 0 0 1 0 0 0 0 1 0 1 0 0 0 0 0 0 0 0 1 1 0 0 1 0 0 1 0 0 1 0 0 0 0 1 0 0 1]",95
1908,4,gad7,9,PCA,LR,2,0.54,0.5855855855855856,27,38,21,25,"[0 0 1 1 1 0 1 1 0 1 1 1 0 0 1 0 1 0 1 1 0 0 1 0 0 1 1 0 0 1 0 1 0 0 0 0 1
 0 1 0 1 0 0 1 0 0 1 0 1 0 1 1 1 0 0 1 0 0 1 1 0 0 1 0 0 0 0 0 1 1 1 0 1 0
 0 0 1 0 0 0 1 0 1 1 0 1 0 0 1 1 0 0 0 0 1 0 1 0 0 0 0 0 1 1 1 1 0 0 1 0 0]",95
1909,4,gad7,9,PCA,XG,2,0.4842105263157894,0.5585585585585585,23,39,20,29,"[0 0 0 0 1 0 1 1 0 1 1 0 0 0 0 0 0 1 1 1 0 0 1 0 0 1 1 0 0 0 0 0 1 1 0 0 1
 1 1 0 0 0 0 0 0 0 1 0 1 0 0 1 0 1 1 1 1 0 1 1 0 1 0 0 0 1 0 0 1 1 1 0 1 1
 1 0 1 0 0 0 0 1 0 1 0 1 0 0 0 0 0 0 1 1 0 0 1 0 0 1 0 0 1 0 0 0 0 1 0 0 0]",95
1910,4,gad7,9,PCA,SVC,3,0.33333333333333337,0.4954954954954955,14,41,18,38,"[0 0 0 0 0 0 1 1 0 1 1 1 0 0 0 0 0 0 1 1 0 0 1 0 0 1 1 0 0 1 0 1 0 0 0 0 1
 0 0 0 0 0 0 1 0 1 0 0 1 0 1 0 1 0 0 0 0 0 1 1 0 0 1 0 0 0 0 0 0 0 0 0 1 0
 0 0 1 0 0 0 1 1 0 1 0 1 0 0 0 0 0 0 1 0 0 0 1 0 0 0 0 0 0 0 1 1 0 0 0 0 1]",95
1911,4,gad7,9,PCA,kNN,3,0.3516483516483517,0.46846846846846846,16,36,23,36,"[0 0 0 1 1 0 1 0 0 1 1 0 1 0 0 1 0 0 1 1 0 0 1 0 0 1 1 0 0 1 1 0 0 1 0 0 1
 1 0 1 0 0 0 0 0 0 0 0 0 0 1 1 0 0 1 1 1 0 1 1 0 0 0 0 0 1 0 0 0 0 0 0 0 0
 0 0 1 0 1 0 0 1 0 1 0 0 0 0 1 0 0 0 1 1 0 0 1 0 0 1 0 1 1 1 0 0 0 1 0 0 0]",95
1912,4,gad7,9,PCA,RF,3,0.3373493975903614,0.5045045045045045,14,42,17,38,"[0 0 0 0 1 0 1 0 0 1 1 0 0 0 0 0 0 0 1 1 0 0 1 0 0 1 1 0 0 0 0 0 1 1 0 0 1
 1 0 0 0 0 0 0 0 0 1 0 1 0 0 1 1 0 1 1 0 0 1 1 0 1 0 0 0 0 0 0 1 1 1 0 0 0
 0 0 1 0 0 0 0 1 0 0 0 0 0 0 0 0 0 0 1 0 0 0 1 0 0 0 0 0 1 0 0 0 0 1 0 0 0]",95
1913,4,gad7,9,PCA,LR,3,0.5,0.5315315315315315,26,33,26,26,"[0 0 1 0 1 0 1 1 0 1 1 1 0 0 1 0 0 0 1 1 1 1 1 0 0 1 1 0 1 1 0 1 0 0 0 0 1
 0 0 0 1 0 0 0 0 1 1 0 1 1 1 1 1 0 0 0 0 0 1 1 0 0 1 1 0 0 0 0 1 0 0 0 1 0
 0 0 1 0 0 0 1 1 1 1 0 1 1 0 1 1 0 0 1 0 1 0 1 0 0 0 1 0 1 1 1 1 0 0 1 0 1]",95
1914,4,gad7,9,PCA,XG,3,0.4130434782608696,0.5135135135135135,19,38,21,33,"[0 0 0 1 1 0 1 0 0 1 0 0 0 0 0 0 0 0 1 1 0 0 1 0 0 0 1 0 0 0 1 0 1 1 0 1 1
 1 1 1 1 0 0 1 0 0 1 0 1 0 0 1 1 1 1 0 0 0 1 1 0 0 0 1 0 1 0 0 1 1 0 0 0 0
 0 0 1 0 0 0 0 1 0 1 0 0 0 0 1 0 0 0 1 1 0 0 1 0 0 1 0 0 1 0 0 0 0 1 0 0 0]",95
1915,4,gad7,9,PCA,SVC,4,0.4130434782608696,0.5135135135135135,19,38,21,33,"[0 0 0 0 0 0 1 1 0 1 1 1 1 0 1 0 0 1 1 1 0 0 1 1 0 1 1 0 0 1 0 1 0 1 0 0 1
 0 0 0 0 0 0 1 0 0 1 0 1 0 1 0 1 0 0 0 0 0 1 1 0 0 1 0 0 0 0 0 0 0 0 0 1 0
 0 0 1 0 0 1 1 1 0 1 0 1 0 0 0 0 0 0 1 1 0 0 1 0 0 0 0 0 0 0 1 1 0 0 0 1 1]",95
1916,4,gad7,9,PCA,kNN,4,0.34782608695652173,0.4594594594594595,16,35,24,36,"[1 1 0 0 0 0 1 1 0 1 1 0 1 0 0 0 0 1 1 1 0 0 1 0 0 1 1 0 0 1 0 0 0 1 1 1 1
 1 1 1 0 0 0 1 0 0 0 0 0 0 1 0 1 1 0 0 1 0 1 1 0 1 0 0 0 0 0 0 0 0 0 0 0 0
 0 0 1 0 0 1 0 1 0 0 0 1 0 0 0 0 0 0 1 0 0 0 1 0 0 1 0 1 1 1 0 0 0 0 0 1 0]",95
1917,4,gad7,9,PCA,RF,4,0.4318181818181818,0.5495495495495496,19,42,17,33,"[0 0 0 0 0 0 1 1 0 1 1 0 0 0 0 0 1 1 1 1 0 0 1 0 0 1 1 0 0 1 0 0 0 1 1 0 1
 1 1 0 0 0 0 0 0 0 0 0 0 0 0 1 1 1 1 0 1 0 1 1 0 0 0 0 0 1 0 0 1 1 0 0 0 0
 0 0 1 0 0 1 0 1 0 1 0 1 0 0 0 0 0 0 1 0 0 0 1 0 0 0 0 0 1 0 0 0 0 0 0 1 0]",95
1918,4,gad7,9,PCA,LR,4,0.4761904761904762,0.5045045045045045,25,31,28,27,"[0 0 1 1 1 0 1 1 0 1 1 0 0 0 1 0 1 1 1 1 1 1 1 0 0 1 1 1 1 1 0 1 0 1 0 0 1
 0 1 0 1 0 0 0 0 1 1 0 1 0 1 1 1 0 0 0 0 0 1 1 0 0 0 1 0 0 0 0 1 0 0 0 0 0
 0 0 1 0 0 0 1 1 1 1 0 1 0 0 1 1 1 0 1 0 1 0 1 0 0 0 1 0 0 1 1 1 0 0 1 0 1]",95
1919,4,gad7,9,PCA,XG,4,0.4888888888888889,0.5855855855855856,22,43,16,30,"[0 0 0 0 1 0 1 1 0 1 0 0 0 0 0 0 0 0 1 1 0 0 1 0 0 1 1 0 0 1 0 0 1 1 0 0 1
 1 1 1 0 0 0 0 0 0 0 0 0 0 0 1 1 1 0 0 1 0 1 1 1 0 0 0 0 1 0 0 1 1 1 0 0 0
 0 0 1 0 0 1 0 1 0 1 0 1 0 0 1 0 0 0 1 0 0 0 1 0 0 1 0 0 1 0 0 0 0 0 0 1 0]",95
1920,4,gad7,9,PCA,SVC,1,0.23529411764705882,0.5315315315315315,8,51,8,44,"[0 0 0 0 0 0 0 0 0 0 0 0 0 0 0 0 0 0 0 0 0 0 0 0 0 0 0 0 0 0 0 1 0 0 0 0 0
 0 0 0 0 1 0 1 0 0 0 0 1 0 0 0 0 0 1 0 0 0 0 0 1 1 0 0 0 0 0 1 1 0 1 0 0 0
 0 1 0 0 0 0 0 1 0 1 0 0 0 0 1 0 0 0 0 0 0 0 0 1 0 0 0 0 0 0 1 0 0 0 0 0 0]",96
1921,4,gad7,9,PCA,kNN,1,0.43298969072164945,0.5045045045045045,21,35,24,31,"[1 0 0 0 0 1 1 1 1 0 1 1 0 0 0 0 1 0 1 0 1 0 1 0 1 0 0 0 0 1 1 1 0 0 0 1 1
 0 0 0 0 1 0 0 0 1 0 1 1 0 1 0 0 1 0 0 0 1 0 0 1 0 1 1 0 0 0 1 0 0 1 0 0 0
 0 1 1 0 0 0 1 0 1 1 0 1 0 0 0 0 1 0 0 0 0 0 0 1 0 1 0 1 1 1 1 1 0 0 1 0 1]",96
1922,4,gad7,9,PCA,RF,1,0.4528301886792453,0.4774774774774775,24,29,30,28,"[1 0 0 1 1 1 1 0 1 0 0 1 0 1 0 0 0 1 1 0 0 1 0 1 0 0 0 1 0 1 1 0 1 0 1 1 0
 0 0 1 0 0 0 0 1 1 0 1 1 0 1 1 0 1 0 0 0 1 1 0 0 0 0 0 0 0 0 1 0 0 1 1 0 0
 0 1 1 1 1 0 0 1 1 1 0 1 0 1 1 0 1 0 1 1 1 1 1 1 1 0 0 1 0 0 1 1 0 0 0 1 1]",96
1923,4,gad7,9,PCA,LR,1,0.5454545454545455,0.4594594594594595,36,15,44,16,"[0 0 0 1 1 1 0 1 0 0 1 1 1 1 1 0 1 0 0 1 1 1 1 1 1 0 1 0 1 0 1 1 1 1 0 1 1
 1 0 0 1 1 1 1 1 0 0 1 1 1 1 0 0 0 1 1 0 1 1 1 1 1 1 1 1 1 1 1 1 1 1 1 1 1
 1 1 1 1 0 0 1 1 1 1 0 1 0 0 1 1 1 1 0 1 0 1 0 1 1 1 1 1 1 1 1 1 0 1 1 0 1]",96
1924,4,gad7,9,PCA,XG,1,0.48598130841121495,0.5045045045045045,26,30,29,26,"[1 0 0 1 1 1 1 0 1 0 1 1 0 1 0 0 0 0 1 0 0 1 0 1 0 0 0 0 0 1 1 1 1 0 1 1 1
 0 0 0 0 1 0 0 1 1 0 1 1 0 1 0 0 1 0 0 0 1 1 0 1 0 0 0 0 0 0 1 0 0 1 1 0 0
 0 1 1 1 1 0 0 1 1 1 0 1 0 1 1 0 1 0 1 1 0 1 1 1 1 0 0 1 0 1 1 1 0 0 0 1 1]",96
1925,4,gad7,9,PCA,SVC,2,0.28205128205128205,0.4954954954954955,11,44,15,41,"[0 0 0 0 0 0 0 0 0 0 0 0 1 0 0 0 0 0 0 0 0 0 0 0 0 0 1 0 0 0 0 1 0 0 0 0 0
 1 0 0 0 1 0 1 1 0 0 0 1 0 0 0 0 1 1 0 0 0 0 0 1 0 0 0 0 0 0 0 1 0 1 0 0 0
 0 1 0 0 0 0 0 1 1 1 0 1 0 0 1 0 0 1 0 1 0 0 0 1 0 0 0 1 0 0 0 1 0 1 0 0 1]",96
1926,4,gad7,9,PCA,kNN,2,0.4271844660194175,0.46846846846846846,22,30,29,30,"[0 1 0 1 1 0 1 1 0 0 0 1 1 1 1 0 1 0 1 0 0 0 0 1 1 0 0 0 1 1 0 1 0 0 0 1 0
 0 1 0 1 1 0 1 1 1 0 0 1 1 0 0 1 1 0 0 0 0 1 0 1 0 0 0 1 0 0 0 1 0 0 1 0 0
 0 1 1 1 1 1 0 1 0 1 0 1 1 0 0 0 0 0 1 0 0 1 0 1 1 1 0 1 0 1 0 1 0 1 0 0 1]",96
1927,4,gad7,9,PCA,RF,2,0.4175824175824176,0.5225225225225225,19,39,20,33,"[0 0 0 1 1 0 1 0 0 0 1 1 1 0 0 0 0 1 1 0 0 0 1 1 0 0 0 1 0 1 0 0 0 0 1 1 0
 0 0 1 0 1 0 0 1 1 0 0 1 0 0 1 0 1 1 0 0 1 1 0 1 0 0 0 0 0 0 0 0 0 0 0 0 0
 1 1 0 1 1 0 0 0 0 1 0 0 0 0 0 0 0 0 1 0 1 0 0 1 1 0 0 1 0 1 0 1 0 1 0 0 1]",96
1928,4,gad7,9,PCA,LR,2,0.32098765432098764,0.5045045045045045,13,43,16,39,"[0 0 1 0 0 0 0 0 0 0 0 0 1 0 0 0 0 0 0 0 0 0 0 0 0 0 1 0 0 0 0 1 0 0 0 0 0
 1 0 0 0 1 0 1 1 0 0 0 1 0 0 0 0 1 1 0 0 0 0 0 1 0 0 0 0 0 0 0 1 0 1 0 0 0
 0 1 0 0 0 0 0 1 1 1 1 1 0 0 1 0 0 1 0 1 0 0 0 1 0 0 0 1 0 0 0 1 0 1 0 1 1]",96
1929,4,gad7,9,PCA,XG,2,0.43999999999999995,0.4954954954954955,22,33,26,30,"[0 0 0 1 1 0 1 0 0 0 1 1 1 0 0 0 0 1 1 0 0 0 1 1 1 0 0 1 0 1 0 0 0 0 1 1 0
 1 0 1 0 1 0 0 1 1 0 0 1 0 0 1 0 0 1 0 0 1 1 0 1 0 1 1 1 0 0 0 0 0 1 0 0 0
 0 1 1 1 1 0 0 1 0 1 0 1 0 0 1 0 0 0 0 0 1 1 0 1 1 0 0 1 0 1 0 1 0 1 0 1 1]",96
1930,4,gad7,9,PCA,SVC,3,0.40860215053763443,0.5045045045045045,19,37,22,33,"[0 1 0 0 0 0 1 0 1 0 0 0 1 0 0 1 0 0 1 0 0 0 0 0 0 1 1 0 0 1 0 1 0 0 0 0 0
 1 1 0 0 1 0 1 1 0 0 0 1 0 0 0 1 1 1 0 0 0 0 0 1 0 0 0 0 0 0 0 1 0 1 0 0 0
 0 1 0 0 1 1 0 1 1 1 0 1 1 0 1 0 0 1 1 1 0 0 0 1 0 0 0 1 0 0 0 1 1 1 0 1 1]",96
1931,4,gad7,9,PCA,kNN,3,0.4313725490196078,0.4774774774774775,22,31,28,30,"[0 0 0 1 0 1 1 0 0 1 0 0 1 1 1 0 0 1 1 1 0 0 0 0 1 1 0 1 1 1 0 1 0 0 1 0 0
 1 1 1 1 1 1 0 1 0 0 0 1 1 1 1 1 0 1 0 0 0 0 0 1 0 0 0 1 0 0 0 0 0 1 1 0 0
 0 1 0 0 1 1 0 1 0 1 0 1 1 0 1 0 1 0 0 0 1 1 0 1 1 0 0 0 0 1 0 1 0 1 0 0 0]",96
1932,4,gad7,9,PCA,RF,3,0.3181818181818182,0.4594594594594595,14,37,22,38,"[0 0 0 1 1 0 0 0 0 0 1 1 1 0 1 0 0 1 1 0 0 0 0 0 0 0 0 1 0 1 0 0 0 0 0 1 1
 1 1 1 0 1 0 0 1 0 0 0 1 0 1 1 1 0 0 0 0 0 1 1 1 0 0 0 0 0 0 0 1 0 1 0 0 0
 0 1 0 0 0 0 0 0 0 1 0 1 0 0 1 0 1 0 0 0 1 0 0 1 1 0 0 0 0 0 0 1 0 1 0 0 0]",96
1933,4,gad7,9,PCA,LR,3,0.32098765432098764,0.5045045045045045,13,43,16,39,"[0 0 1 0 0 0 0 0 0 0 0 0 1 0 0 0 0 0 0 0 0 0 0 0 0 0 1 0 0 0 0 1 0 0 0 0 0
 1 0 0 0 1 0 1 1 0 0 0 1 0 0 0 0 1 1 0 0 0 0 0 1 0 0 0 0 0 0 0 1 0 1 0 0 0
 0 1 0 0 0 0 0 1 1 1 1 1 0 0 1 0 0 1 0 1 0 0 0 1 0 0 0 1 0 0 0 1 0 1 0 1 1]",96
1934,4,gad7,9,PCA,XG,3,0.3529411764705882,0.5045045045045045,15,41,18,37,"[0 0 0 1 1 0 0 1 0 0 1 1 0 1 1 0 0 0 0 0 0 0 0 1 0 0 0 0 1 1 0 0 0 0 0 1 1
 1 0 0 0 1 0 0 1 1 0 0 0 0 1 0 1 0 0 0 0 0 1 1 1 0 0 0 0 0 0 0 0 0 1 0 0 0
 0 1 1 1 1 0 0 0 0 0 0 0 0 0 1 0 1 0 0 0 0 0 0 1 1 0 0 0 0 0 0 1 0 1 0 1 0]",96
1935,4,gad7,9,PCA,SVC,4,0.3820224719101124,0.5045045045045045,17,39,20,35,"[0 0 0 0 0 0 1 0 1 0 0 0 1 0 0 0 0 0 1 0 0 0 0 0 0 1 1 0 0 1 0 1 0 0 0 0 0
 1 1 0 0 1 0 1 1 0 0 0 1 0 0 0 1 1 1 0 0 0 0 0 1 0 0 0 0 0 0 0 1 0 1 0 0 0
 0 1 0 0 1 1 0 1 1 1 0 1 1 0 0 0 0 1 0 1 0 0 0 1 0 0 0 1 0 0 0 1 1 1 0 1 1]",96
1936,4,gad7,9,PCA,kNN,4,0.4742268041237113,0.5405405405405406,23,37,22,29,"[0 0 0 0 0 0 1 0 0 1 0 0 1 1 0 0 0 1 1 1 0 0 0 0 0 1 0 1 0 1 0 1 1 0 1 0 1
 1 1 1 0 1 0 1 1 0 0 0 0 1 0 1 1 1 1 0 0 0 0 0 1 0 0 0 0 0 0 0 1 0 1 0 0 1
 0 1 0 1 1 1 0 1 0 1 0 1 1 0 1 0 0 0 0 0 1 0 0 1 1 0 0 0 1 0 0 1 0 1 0 0 1]",96
1937,4,gad7,9,PCA,RF,4,0.3191489361702128,0.42342342342342343,15,32,27,37,"[0 0 0 1 0 0 1 1 0 0 0 0 1 0 1 0 0 1 1 0 0 0 0 0 0 0 0 1 0 1 0 1 1 0 0 0 0
 1 1 1 0 1 1 0 1 0 0 0 1 0 1 1 1 1 1 0 0 0 0 0 1 0 0 0 1 0 0 0 0 0 1 0 0 1
 1 1 1 1 1 0 0 1 0 0 0 1 0 1 0 0 1 0 0 0 1 0 0 1 1 0 0 0 0 1 0 1 0 1 0 0 0]",96
1938,4,gad7,9,PCA,LR,4,0.3255813953488372,0.4774774774774775,14,39,20,38,"[0 0 1 0 0 0 0 0 0 0 0 0 1 0 0 0 0 1 0 0 0 0 0 0 0 0 1 1 0 0 0 1 0 0 0 0 0
 1 0 1 0 1 0 1 1 0 0 0 1 0 0 1 0 1 1 0 0 0 0 0 1 0 0 0 0 0 0 0 1 0 1 0 0 0
 0 1 0 0 0 0 0 1 1 1 1 1 0 0 1 0 0 1 0 1 1 0 0 1 0 0 0 1 0 0 0 1 0 1 0 1 1]",96
1939,4,gad7,9,PCA,XG,4,0.36781609195402304,0.5045045045045045,16,40,19,36,"[0 0 0 1 1 0 0 1 0 0 0 1 1 0 1 0 0 0 0 0 0 0 0 1 1 0 0 0 0 1 0 1 1 0 0 0 0
 1 0 0 0 1 1 0 1 0 0 0 1 0 0 0 0 0 0 0 0 0 1 0 1 0 0 0 0 0 0 0 0 0 1 0 0 1
 0 1 1 1 1 0 0 1 0 0 1 0 0 0 1 1 0 0 0 0 0 1 0 1 1 0 0 0 1 0 0 1 0 1 0 1 0]",96
1940,4,gad7,9,PCA,SVC,1,0.5223880597014926,0.42342342342342343,35,12,47,17,"[1 1 1 0 1 1 0 0 0 1 0 0 1 1 1 1 1 1 0 1 1 0 0 1 1 1 1 1 1 0 1 0 1 1 1 1 1
 1 1 1 1 0 1 0 0 1 1 1 0 0 0 1 1 0 1 1 1 1 1 1 0 1 0 1 1 1 1 1 1 1 1 1 0 1
 1 1 1 1 1 0 1 1 1 1 1 0 1 1 0 1 0 0 0 1 1 1 1 1 1 1 1 1 1 0 1 0 1 1 1 1 1]",97
1941,4,gad7,9,PCA,kNN,1,0.3333333333333333,0.4594594594594595,15,36,23,37,"[1 1 1 0 1 0 0 0 0 0 0 0 1 1 1 1 0 1 0 0 1 0 0 0 0 1 0 0 1 0 0 0 0 1 0 0 0
 1 1 0 0 1 0 0 0 1 1 0 0 0 0 0 1 0 0 0 1 0 0 0 0 0 0 1 1 0 0 0 0 1 1 1 0 0
 1 0 1 0 0 0 0 1 1 1 0 0 0 0 0 0 0 0 0 0 0 1 0 1 1 0 1 1 0 0 1 0 0 0 0 1 1]",97
1942,4,gad7,9,PCA,RF,1,0.36734693877551017,0.44144144144144143,18,31,28,34,"[1 1 0 0 1 0 1 0 0 1 0 0 0 0 1 1 1 1 0 1 0 0 0 0 0 1 0 1 1 0 0 0 0 0 0 0 1
 1 0 1 0 1 0 1 0 1 0 0 0 0 0 0 1 0 1 1 0 0 0 1 0 0 0 1 1 0 0 0 0 1 0 0 0 0
 0 0 1 1 1 0 1 1 1 1 0 1 0 1 0 0 0 0 1 0 0 1 1 1 1 0 1 0 1 1 1 0 1 0 0 0 1]",97
1943,4,gad7,9,PCA,LR,1,0.48,0.4144144144144144,30,16,43,22,"[1 1 1 0 1 1 0 0 0 0 0 0 1 1 1 1 1 1 0 1 1 0 0 1 1 1 1 1 1 0 0 0 1 1 1 1 1
 1 0 1 1 0 1 0 0 1 1 1 0 0 0 1 1 0 1 1 1 0 1 0 0 1 0 1 0 0 1 1 1 1 1 0 0 1
 1 1 1 1 1 0 1 1 1 1 1 0 1 1 0 1 0 0 0 1 1 1 1 1 1 1 1 1 1 0 1 0 1 1 1 1 0]",97
1944,4,gad7,9,PCA,XG,1,0.40816326530612246,0.4774774774774775,20,33,26,32,"[1 1 0 0 1 0 1 0 0 1 0 0 0 0 1 1 0 1 0 1 1 0 0 0 0 1 0 1 1 0 0 0 0 0 0 0 1
 1 1 0 0 1 0 1 0 1 0 0 0 0 0 0 1 0 1 1 1 0 0 1 0 0 0 1 1 0 0 0 0 1 0 1 0 0
 0 0 1 1 0 0 1 1 1 1 0 0 0 1 0 0 0 0 1 0 0 1 0 1 1 0 1 1 0 1 1 0 1 0 0 1 1]",97
1945,4,gad7,9,PCA,SVC,2,0.40816326530612246,0.4774774774774775,20,33,26,32,"[1 1 1 0 0 1 0 0 0 1 0 0 1 0 0 1 0 1 0 1 0 0 0 0 0 0 1 1 1 0 1 0 0 1 1 0 0
 1 1 1 0 0 0 0 0 0 0 0 0 0 0 1 1 0 1 1 1 1 1 1 0 0 0 1 1 1 0 0 1 0 1 1 0 1
 0 0 1 1 1 0 1 0 0 1 0 0 0 1 0 1 0 0 0 1 0 0 0 0 1 1 0 1 0 0 0 0 1 0 0 0 1]",97
1946,4,gad7,9,PCA,kNN,2,0.3111111111111111,0.44144144144144143,14,35,24,38,"[1 1 1 0 0 0 0 0 0 0 0 1 1 0 1 1 0 1 0 1 0 0 0 0 0 1 0 1 1 0 0 0 0 1 1 0 0
 1 1 0 0 1 0 0 0 0 0 0 0 1 0 0 1 0 0 1 1 0 1 1 1 0 0 1 0 0 0 1 0 1 1 0 0 1
 0 0 1 0 1 0 0 0 1 1 0 0 0 0 0 0 0 0 0 1 0 0 0 0 1 1 0 1 0 0 0 0 0 0 0 0 1]",97
1947,4,gad7,9,PCA,RF,2,0.3132530120481927,0.4864864864864865,13,41,18,39,"[1 1 0 0 0 1 0 0 0 0 0 0 0 1 1 1 0 1 0 1 0 0 0 0 0 0 0 1 1 0 0 0 1 1 0 0 0
 1 1 0 0 0 0 1 0 0 0 0 0 0 0 0 0 0 1 1 1 0 0 1 0 0 0 1 0 0 0 0 0 1 1 1 0 1
 0 0 1 0 0 0 0 0 1 0 0 0 0 0 0 0 0 0 1 0 0 0 0 0 1 0 0 1 0 0 0 0 0 0 0 1 1]",97
1948,4,gad7,9,PCA,LR,2,0.29729729729729726,0.5315315315315315,11,48,11,41,"[0 1 1 0 0 1 0 0 0 0 0 0 1 0 0 0 0 0 0 0 0 0 0 0 0 0 1 0 0 0 0 0 0 0 1 0 0
 1 0 1 0 0 0 0 0 0 0 0 0 1 0 0 1 0 0 0 1 0 1 0 0 0 0 0 0 0 0 0 0 0 0 1 0 1
 0 0 0 0 1 0 1 0 0 1 0 0 0 0 0 1 0 0 0 1 0 1 0 0 0 1 0 1 0 0 0 0 0 0 0 0 0]",97
1949,4,gad7,9,PCA,XG,2,0.27848101265822783,0.4864864864864865,11,43,16,41,"[1 1 0 0 0 1 0 0 0 0 0 0 0 1 1 1 0 0 0 1 1 0 0 0 0 0 0 1 1 0 0 0 0 1 0 0 0
 1 1 0 0 0 0 1 0 0 0 0 0 0 0 0 0 0 0 1 0 0 0 1 0 0 0 0 0 0 0 0 0 1 1 0 0 0
 0 0 0 1 0 0 0 0 1 0 0 1 0 1 0 0 0 0 0 0 0 0 0 0 1 0 0 1 0 0 0 0 1 0 0 1 1]",97
1950,4,gad7,9,PCA,SVC,3,0.37894736842105264,0.46846846846846846,18,34,25,34,"[1 1 1 0 0 1 0 0 0 0 0 0 1 0 0 1 0 1 0 1 0 0 0 0 0 0 1 1 1 0 1 0 0 1 1 1 0
 1 1 1 0 0 0 0 0 0 0 0 0 0 0 0 1 0 1 1 1 1 1 0 0 0 0 1 1 0 0 0 1 0 1 1 0 1
 0 0 1 1 1 0 1 0 0 1 0 0 0 1 0 1 0 0 0 1 0 0 0 0 1 1 0 1 0 0 0 0 1 0 0 0 1]",97
1951,4,gad7,9,PCA,kNN,3,0.3181818181818182,0.4594594594594595,14,37,22,38,"[1 0 1 0 0 1 1 0 0 0 0 0 1 0 0 0 0 1 0 1 0 0 0 0 0 0 0 1 0 0 0 0 0 0 0 0 0
 1 1 0 0 1 0 1 0 0 1 0 0 0 0 1 1 0 1 1 1 0 1 1 1 0 0 1 0 1 0 1 0 0 1 0 0 1
 1 0 1 0 1 0 0 0 1 1 0 0 0 0 0 0 0 0 1 0 0 0 0 0 1 0 0 1 0 0 0 0 1 0 0 0 1]",97
1952,4,gad7,9,PCA,RF,3,0.3589743589743589,0.5495495495495496,14,47,12,38,"[0 1 0 0 0 1 0 0 0 0 0 0 1 1 1 1 0 1 0 0 0 0 0 0 0 0 0 1 1 0 0 0 0 0 0 0 0
 1 0 0 0 0 0 1 0 0 1 0 0 0 0 0 1 0 1 1 0 0 0 1 0 0 0 0 0 0 0 1 0 1 1 1 0 1
 0 0 0 0 0 0 0 0 0 0 0 0 0 0 0 0 0 0 1 0 0 0 0 0 1 0 1 1 0 0 1 0 0 0 0 0 0]",97
1953,4,gad7,9,PCA,LR,3,0.3013698630136986,0.5405405405405406,11,49,10,41,"[0 1 1 0 0 1 0 0 0 0 0 0 1 0 0 0 0 0 0 0 0 0 0 0 0 0 1 0 0 0 0 0 0 0 1 0 0
 1 0 1 0 0 0 0 0 0 0 0 0 1 0 0 1 0 0 0 1 0 1 0 0 0 0 0 0 0 0 0 0 0 0 1 0 1
 0 0 0 0 1 0 1 0 0 1 0 0 0 0 0 1 0 0 0 1 0 0 0 0 0 1 0 1 0 0 0 0 0 0 0 0 0]",97
1954,4,gad7,9,PCA,XG,3,0.32,0.5405405405405406,12,48,11,40,"[1 0 0 0 0 1 0 0 0 0 0 0 1 0 1 1 0 0 0 0 1 0 0 0 0 0 0 1 1 0 0 0 0 0 0 0 0
 1 1 0 0 0 0 1 0 0 0 0 0 0 0 0 0 0 0 1 0 0 0 1 0 0 0 0 0 0 0 0 0 1 0 1 0 1
 0 0 0 0 0 0 0 0 0 0 0 1 0 0 0 0 0 1 0 0 0 0 0 0 1 0 1 1 0 0 1 0 0 0 0 0 1]",97
1955,4,gad7,9,PCA,SVC,4,0.42201834862385323,0.43243243243243246,23,25,34,29,"[1 1 1 0 0 1 0 0 0 0 0 0 1 0 1 1 0 1 0 1 1 0 0 0 0 1 1 1 1 0 1 0 0 0 1 1 1
 1 1 1 0 1 0 0 0 0 1 0 0 0 0 1 1 0 1 1 1 1 1 1 0 0 0 1 0 0 1 1 1 1 1 1 0 1
 0 0 1 1 1 0 1 1 0 1 0 0 0 1 0 1 0 0 0 1 0 0 0 1 1 1 1 1 0 0 1 0 1 0 0 1 1]",97
1956,4,gad7,9,PCA,kNN,4,0.372093023255814,0.5135135135135135,16,41,18,36,"[1 1 1 0 0 1 1 0 0 0 0 0 1 0 1 1 0 1 0 0 1 0 0 0 0 0 0 0 1 0 0 0 0 0 1 0 0
 1 0 1 0 1 0 0 0 0 0 0 0 0 0 0 1 0 0 1 1 0 1 0 1 1 0 0 0 0 0 1 0 1 0 0 0 1
 0 0 1 0 1 0 0 1 1 0 0 0 1 0 0 0 0 0 0 0 0 0 0 0 1 0 1 1 0 0 1 0 0 0 0 1 0]",97
1957,4,gad7,9,PCA,RF,4,0.380952380952381,0.5315315315315315,16,43,16,36,"[0 1 0 0 0 1 0 0 0 0 0 0 0 1 1 1 0 1 0 0 1 0 0 0 0 0 1 0 1 0 0 0 0 1 1 0 0
 1 1 0 0 0 0 1 0 0 0 0 0 0 0 0 0 0 0 1 1 0 1 1 0 1 0 0 0 0 0 1 0 1 1 1 0 1
 0 0 0 0 1 0 0 1 0 0 0 0 0 0 0 0 0 0 1 0 0 0 0 0 1 0 1 0 0 0 1 0 1 0 0 0 1]",97
1958,4,gad7,9,PCA,LR,4,0.3333333333333333,0.5315315315315315,13,46,13,39,"[0 1 1 0 0 1 0 0 0 0 0 0 1 0 0 0 0 1 0 0 0 0 0 0 0 0 1 0 1 0 0 0 0 0 1 0 1
 1 0 1 0 0 0 0 0 0 0 0 0 1 0 0 1 0 0 0 1 0 1 0 0 0 0 0 0 0 0 0 0 0 0 1 0 1
 0 0 0 0 1 0 1 0 0 1 0 0 0 0 0 1 0 1 0 1 0 0 0 0 0 1 0 1 0 0 0 0 0 0 0 1 0]",97
1959,4,gad7,9,PCA,XG,4,0.3703703703703704,0.5405405405405406,15,45,14,37,"[1 0 0 0 0 1 0 0 0 0 0 0 1 1 1 1 0 0 0 0 1 0 0 0 0 0 1 0 1 0 0 0 0 0 1 1 0
 1 1 1 0 0 0 1 0 0 0 0 0 0 0 0 0 0 0 1 1 0 0 1 0 1 0 0 0 0 0 1 0 1 1 1 0 1
 0 0 0 0 0 0 0 0 0 0 0 1 0 0 0 0 0 0 0 0 0 0 0 0 1 0 0 1 0 0 1 0 0 0 0 0 1]",97
1960,4,gad7,9,PCA,SVC,1,0.3764705882352941,0.5225225225225225,16,42,17,36,"[1 0 1 1 1 0 0 0 1 0 1 1 1 0 1 0 0 0 0 0 0 0 0 1 0 1 0 0 1 0 0 0 0 0 0 0 0
 1 1 0 0 0 0 0 0 1 1 0 0 0 0 0 0 0 1 1 0 0 1 1 0 1 0 0 0 0 0 0 0 0 0 0 0 0
 1 0 0 0 0 0 1 0 0 0 1 0 1 0 1 0 0 0 0 0 0 0 0 1 0 1 0 0 0 0 0 1 1 1 0 1 1]",98
1961,4,gad7,9,PCA,kNN,1,0.4565217391304348,0.5495495495495496,21,40,19,31,"[1 1 0 0 0 0 0 0 1 0 0 0 1 0 0 0 0 0 0 0 0 0 1 0 0 1 1 0 1 0 0 1 0 0 1 1 0
 1 0 1 0 0 1 1 1 0 0 0 1 0 1 0 1 1 0 0 1 1 1 0 0 1 0 0 0 0 1 0 0 1 0 1 0 0
 0 1 0 0 0 0 1 0 0 0 1 1 0 0 1 1 0 0 1 0 0 0 1 1 0 1 0 0 0 1 0 0 0 1 0 0 1]",98
1962,4,gad7,9,PCA,RF,1,0.3181818181818182,0.4594594594594595,14,37,22,38,"[0 0 0 0 0 0 0 0 0 0 0 0 1 0 0 0 1 1 0 1 0 0 0 1 0 0 1 0 0 0 1 1 0 0 0 0 1
 1 0 0 0 0 1 1 0 0 0 0 0 1 1 0 0 1 0 1 1 1 1 0 0 1 0 0 0 1 0 0 0 0 0 1 1 0
 0 0 1 1 1 0 1 0 1 1 0 0 1 0 1 1 0 0 1 0 0 0 1 1 0 0 0 0 0 0 0 0 0 0 0 0 1]",98
1963,4,gad7,9,PCA,LR,1,0.3589743589743589,0.5495495495495496,14,47,12,38,"[0 0 1 1 1 0 0 0 1 0 1 1 0 0 1 0 0 0 0 0 0 0 0 1 0 0 0 0 1 0 0 0 0 0 0 0 0
 1 1 0 0 0 0 0 0 1 1 0 0 0 0 0 0 0 1 1 0 0 1 1 0 0 0 0 0 0 0 0 0 0 0 0 0 0
 1 0 0 0 0 0 1 0 0 0 1 0 1 0 1 0 0 0 0 0 0 0 0 0 0 0 0 0 0 0 0 1 1 0 0 1 1]",98
1964,4,gad7,9,PCA,XG,1,0.3181818181818182,0.4594594594594595,14,37,22,38,"[1 1 0 0 0 0 0 0 0 0 0 0 1 0 0 0 1 1 0 1 0 0 0 0 0 0 1 0 0 0 1 1 0 0 0 0 1
 1 0 0 0 0 1 1 0 0 0 0 0 1 1 0 0 1 0 1 1 1 1 0 0 1 0 0 0 1 0 0 0 0 0 1 1 0
 0 0 1 1 1 0 1 0 1 1 0 0 0 0 1 1 0 0 1 0 0 0 1 1 0 0 0 0 0 0 0 0 0 0 0 0 1]",98
1965,4,gad7,9,PCA,SVC,2,0.5660377358490566,0.5855855855855856,30,35,24,22,"[0 1 0 1 1 1 1 0 1 0 1 1 1 1 1 1 0 0 0 0 0 1 0 1 0 0 0 1 0 0 1 0 1 0 0 1 0
 1 1 1 0 0 1 1 1 1 1 0 0 0 1 0 0 0 1 1 0 0 1 1 1 0 0 1 0 1 0 0 0 0 1 1 0 0
 1 0 1 0 1 0 1 1 0 1 0 1 1 1 1 1 0 1 1 0 0 0 0 0 0 0 0 0 0 0 1 1 1 0 1 0 1]",98
1966,4,gad7,9,PCA,kNN,2,0.4130434782608696,0.5135135135135135,19,38,21,33,"[0 0 0 1 0 0 0 0 1 0 0 1 1 0 1 1 1 0 1 1 0 0 1 0 0 0 1 0 0 0 0 0 1 0 1 0 0
 1 0 1 0 0 1 0 0 1 1 0 1 1 1 0 0 0 1 1 1 0 1 1 0 0 0 0 0 1 0 1 0 1 0 0 1 1
 1 1 0 0 0 0 1 1 1 0 0 0 0 0 1 0 0 0 0 0 1 0 0 0 0 0 0 0 0 0 0 0 0 0 1 0 1]",98
1967,4,gad7,9,PCA,RF,2,0.2857142857142857,0.4594594594594595,12,39,20,40,"[0 1 0 0 0 0 0 1 0 0 0 0 1 0 0 0 1 0 1 1 0 0 0 1 0 0 1 1 0 0 0 1 0 0 0 0 0
 1 1 0 0 0 1 1 0 0 0 0 1 0 1 0 0 0 0 1 1 0 1 0 0 0 0 0 0 1 0 1 0 1 1 1 0 0
 0 1 0 0 0 0 1 1 1 0 0 0 0 0 1 0 0 0 0 0 1 0 0 0 0 0 1 0 0 0 0 0 0 0 0 0 1]",98
1968,4,gad7,9,PCA,LR,2,0.5490196078431373,0.5855855855855856,28,37,22,24,"[0 1 0 0 1 1 1 0 0 0 1 1 1 1 1 1 0 0 0 0 0 1 0 1 0 0 0 1 0 0 1 0 1 0 0 1 0
 1 0 1 0 0 1 1 1 1 1 0 0 0 1 0 0 0 1 1 0 0 0 1 1 0 0 1 0 1 0 0 0 0 1 1 0 0
 1 0 1 0 1 0 1 1 0 1 0 1 1 1 1 1 0 1 1 0 0 0 0 0 0 0 0 0 0 0 1 1 1 0 1 0 1]",98
1969,4,gad7,9,PCA,XG,2,0.40909090909090906,0.5315315315315315,18,41,18,34,"[0 1 0 1 0 0 0 0 1 0 0 0 1 0 0 0 1 0 1 1 0 0 0 1 1 0 1 1 0 0 0 1 0 0 0 0 1
 1 1 1 0 0 1 1 0 0 0 1 0 0 1 0 0 0 0 1 1 0 1 0 0 1 0 0 0 0 0 1 0 1 1 1 0 0
 0 1 0 0 0 0 1 0 1 0 0 0 0 0 1 0 0 0 1 1 1 0 0 0 0 0 0 0 0 0 0 0 0 0 0 0 1]",98
1970,4,gad7,9,PCA,SVC,3,0.5631067961165048,0.5945945945945946,29,37,22,23,"[0 1 0 1 1 1 1 0 1 0 1 1 1 1 1 1 0 0 0 0 0 1 0 1 0 0 0 1 0 0 1 0 1 0 0 1 0
 1 1 1 0 0 1 1 1 0 1 0 0 0 1 0 0 0 0 1 0 0 1 1 1 0 0 1 0 1 0 0 0 0 1 1 0 0
 0 0 1 0 1 0 1 1 0 1 0 1 1 1 1 1 0 1 1 0 0 0 0 0 0 0 0 0 0 0 1 1 1 0 1 0 1]",98
1971,4,gad7,9,PCA,kNN,3,0.3695652173913044,0.4774774774774775,17,36,23,35,"[1 0 0 1 0 0 0 0 1 0 0 1 1 1 1 1 1 0 0 0 0 0 0 1 0 0 0 0 0 0 0 0 1 1 1 0 0
 1 0 0 1 0 1 0 0 0 1 1 1 1 1 0 0 1 0 1 0 0 1 1 0 0 0 0 0 1 0 0 0 1 0 1 0 0
 0 0 1 0 1 0 1 1 0 0 0 0 0 0 1 1 0 0 0 0 1 0 1 0 0 0 0 0 0 1 1 0 0 0 1 0 1]",98
1972,4,gad7,9,PCA,RF,3,0.3116883116883117,0.5225225225225225,12,46,13,40,"[1 1 0 1 0 0 0 0 0 0 0 1 1 0 0 0 1 0 1 0 0 0 0 1 0 0 0 1 0 0 0 1 0 0 0 0 0
 1 0 0 0 0 1 1 0 0 0 0 0 0 1 0 0 0 0 1 0 0 1 0 0 0 0 0 0 0 0 0 0 1 0 1 0 0
 0 1 0 0 0 0 1 1 0 0 0 0 1 0 1 0 0 0 0 0 1 0 0 0 0 0 0 0 0 0 0 0 0 0 0 0 1]",98
1973,4,gad7,9,PCA,LR,3,0.5660377358490566,0.5855855855855856,30,35,24,22,"[0 1 0 1 1 1 1 0 1 0 1 1 1 1 1 1 0 0 0 0 0 1 0 1 0 0 0 1 0 0 1 0 1 0 0 1 0
 1 1 1 0 0 1 1 1 1 1 0 0 0 1 0 0 0 1 1 0 0 1 1 1 0 0 1 0 1 0 0 0 0 1 1 0 0
 1 0 1 0 1 0 1 1 0 1 0 1 1 1 1 1 0 1 1 0 0 0 0 0 0 0 0 0 0 0 1 1 1 0 1 0 1]",98
1974,4,gad7,9,PCA,XG,3,0.3529411764705882,0.5045045045045045,15,41,18,37,"[0 1 0 0 0 0 0 0 0 0 0 1 1 0 1 0 1 0 1 0 0 0 0 1 0 0 1 1 0 0 0 1 0 0 0 0 0
 1 0 1 1 0 1 1 0 0 0 0 0 0 1 0 0 1 0 1 1 0 1 0 0 0 0 1 0 1 0 0 0 0 1 1 0 0
 0 1 0 0 0 0 1 0 0 0 1 0 1 0 1 0 0 0 0 0 1 0 0 1 0 0 0 0 0 0 0 0 0 1 0 0 1]",98
1975,4,gad7,9,PCA,SVC,4,0.5631067961165048,0.5945945945945946,29,37,22,23,"[0 1 1 1 1 1 0 0 1 0 1 1 1 1 1 1 0 0 0 1 0 1 0 1 0 0 0 1 0 0 1 0 1 0 0 1 0
 1 1 1 0 0 1 1 1 0 1 0 0 0 1 0 0 0 0 1 0 0 1 1 1 0 0 1 0 1 0 0 0 0 1 0 0 0
 0 0 1 0 1 0 1 1 0 1 0 1 1 1 1 1 0 1 1 0 0 0 0 0 0 0 0 0 0 0 1 1 1 0 1 0 1]",98
1976,4,gad7,9,PCA,kNN,4,0.4347826086956522,0.5315315315315315,20,39,20,32,"[1 0 0 1 0 0 0 0 1 0 1 1 1 1 1 1 0 0 0 1 0 0 1 1 0 0 0 0 0 0 0 0 0 1 1 0 0
 1 0 0 1 0 1 0 1 0 1 0 1 0 0 0 0 0 0 1 1 1 1 1 0 0 0 0 0 0 0 0 0 1 0 0 1 0
 0 1 0 1 0 1 1 1 0 0 0 0 1 0 1 1 0 0 0 0 0 0 0 0 1 1 0 0 0 1 0 0 0 0 1 0 1]",98
1977,4,gad7,9,PCA,RF,4,0.2857142857142857,0.5045045045045045,11,45,14,41,"[0 0 0 0 1 0 0 0 1 0 0 0 1 0 0 0 1 0 0 0 0 0 0 1 0 0 0 0 0 0 0 1 1 0 1 0 0
 1 0 0 0 1 1 0 0 0 0 0 0 0 1 0 0 0 0 1 1 0 1 0 0 1 0 0 0 0 1 1 0 1 0 0 0 0
 0 0 0 0 0 0 1 0 0 1 0 1 1 0 1 0 0 0 0 0 0 0 0 0 0 0 0 0 0 0 0 0 0 0 0 0 1]",98
1978,4,gad7,9,PCA,LR,4,0.5660377358490566,0.5855855855855856,30,35,24,22,"[0 1 0 1 1 1 1 0 1 0 1 1 1 1 1 1 0 0 0 0 0 1 0 1 0 0 0 1 0 0 1 0 1 0 0 1 0
 1 1 1 0 0 1 1 1 1 1 0 0 0 1 0 0 0 1 1 0 0 1 1 1 0 0 1 0 1 0 0 0 0 1 1 0 0
 1 0 1 0 1 0 1 1 0 1 0 1 1 1 1 1 0 1 1 0 0 0 0 0 0 0 0 0 0 0 1 1 1 0 1 0 1]",98
1979,4,gad7,9,PCA,XG,4,0.3703703703703704,0.5405405405405406,15,45,14,37,"[0 0 0 0 0 0 0 0 1 1 0 1 1 0 0 0 1 0 1 0 0 1 0 1 0 0 0 0 0 0 0 1 1 0 0 0 0
 1 0 0 0 1 1 0 0 0 0 0 0 0 1 0 0 1 0 0 0 0 1 0 0 1 0 0 0 0 1 0 0 1 0 0 1 0
 0 1 0 0 0 0 1 0 0 1 1 1 1 0 1 0 0 0 0 0 1 0 0 0 0 0 0 0 0 0 0 0 0 0 0 0 1]",98
1980,4,gad7,9,PCA,SVC,1,0.4375,0.5135135135135135,21,36,23,31,"[0 0 0 0 0 1 1 0 0 1 1 0 0 0 0 0 0 1 1 1 0 0 0 1 0 0 1 1 0 1 1 0 0 0 1 0 0
 0 0 1 0 0 0 1 0 0 0 0 1 1 1 0 1 0 0 0 0 1 0 1 0 1 1 0 1 0 1 1 1 1 0 1 0 0
 0 1 0 0 0 1 0 1 0 1 0 0 1 1 0 1 0 1 1 0 0 1 0 0 0 0 1 0 0 0 1 0 1 0 0 1 1]",99
1981,4,gad7,9,PCA,kNN,1,0.43564356435643564,0.4864864864864865,22,32,27,30,"[0 0 0 0 0 0 0 0 0 1 1 0 1 1 1 0 1 0 0 1 0 1 0 0 1 1 1 0 0 0 0 0 0 0 1 0 0
 1 0 0 1 0 1 1 1 1 0 1 0 0 0 0 1 1 1 1 0 1 0 0 0 1 0 1 1 1 1 1 1 0 0 0 0 1
 0 1 0 0 0 0 1 0 0 1 0 1 0 0 1 1 0 1 1 0 0 1 1 1 1 0 1 0 0 0 0 0 1 1 1 1 0]",99
1982,4,gad7,9,PCA,RF,1,0.4583333333333333,0.5315315315315315,22,37,22,30,"[0 0 0 0 0 0 0 0 0 1 1 0 0 1 1 0 0 0 0 0 1 1 0 0 1 1 1 0 0 0 1 0 0 0 1 0 0
 1 0 1 1 0 1 1 1 1 0 0 0 0 0 0 1 0 0 1 0 1 0 0 1 1 0 1 1 1 1 0 1 0 0 0 0 0
 0 0 0 1 0 0 1 0 0 1 0 0 1 1 0 1 0 1 1 1 0 0 1 0 0 0 1 0 0 1 1 0 0 1 0 1 1]",99
1983,4,gad7,9,PCA,LR,1,0.47058823529411764,0.5135135135135135,24,33,26,28,"[1 0 1 0 0 1 1 0 0 1 0 1 0 0 0 0 0 1 1 1 0 0 1 1 0 0 1 1 0 1 1 0 0 0 1 0 0
 0 0 1 0 0 0 1 0 0 0 0 1 1 1 0 1 0 0 0 0 1 0 1 0 1 1 0 1 1 1 0 1 1 1 1 0 0
 1 1 0 0 0 1 0 1 0 0 0 0 1 1 0 1 0 1 1 0 0 1 0 0 0 0 1 0 0 0 1 1 1 1 0 1 1]",99
1984,4,gad7,9,PCA,XG,1,0.40860215053763443,0.5045045045045045,19,37,22,33,"[0 0 0 0 0 0 0 0 0 1 1 0 0 1 1 0 0 0 0 0 0 1 0 0 1 1 1 0 0 0 1 0 0 0 1 0 0
 1 0 1 1 0 1 1 1 1 0 0 0 0 0 0 1 0 0 1 0 1 0 0 1 1 0 1 1 1 1 0 1 0 0 0 0 0
 0 0 0 0 0 0 1 0 0 1 0 0 1 0 0 1 0 1 1 1 0 0 1 1 0 0 1 0 0 0 1 0 0 1 0 1 1]",99
1985,4,gad7,9,PCA,SVC,2,0.4954128440366972,0.5045045045045045,27,29,30,25,"[0 0 0 1 0 1 1 0 0 0 1 0 1 0 1 0 0 1 1 1 1 0 0 1 0 0 1 1 0 1 1 0 0 0 1 1 0
 0 1 1 1 0 0 1 1 0 0 1 1 1 1 0 1 0 1 0 1 1 0 1 0 1 1 0 1 0 1 1 0 1 0 1 0 0
 1 1 0 0 0 1 1 1 1 1 1 0 1 1 1 0 1 0 0 0 0 0 0 0 1 1 1 0 0 1 1 0 0 0 0 1 1]",99
1986,4,gad7,9,PCA,kNN,2,0.48598130841121495,0.5045045045045045,26,30,29,26,"[0 0 0 0 0 0 0 0 1 1 1 0 0 1 1 0 1 0 0 1 1 1 0 0 1 0 1 1 0 0 0 1 0 1 1 1 1
 0 1 1 0 0 1 1 1 0 0 1 0 1 0 0 1 1 1 0 1 1 0 0 1 0 1 0 1 0 1 1 1 1 0 0 0 1
 1 1 0 1 0 0 1 1 1 1 1 0 0 0 1 0 0 0 0 0 0 0 1 0 1 0 1 0 1 1 0 0 1 1 1 1 0]",99
1987,4,gad7,9,PCA,RF,2,0.3913043478260869,0.4954954954954955,18,37,22,34,"[0 0 0 0 0 0 0 0 0 0 1 0 0 0 1 0 0 0 0 1 1 1 0 0 1 0 1 0 0 0 0 0 0 0 0 0 0
 0 1 1 1 0 1 1 1 0 0 1 0 1 0 1 1 1 1 1 1 1 0 0 1 0 0 1 1 1 1 0 0 1 0 0 0 0
 1 0 0 1 0 0 1 0 1 1 0 1 1 0 1 0 0 0 0 0 0 0 1 0 0 0 1 0 0 0 0 0 0 1 0 1 0]",99
1988,4,gad7,9,PCA,LR,2,0.5309734513274337,0.5225225225225225,30,28,31,22,"[0 0 0 1 0 1 1 0 0 0 1 0 1 0 1 0 0 1 1 1 1 0 0 1 0 0 1 1 0 1 1 0 0 0 1 1 0
 0 1 1 1 0 0 1 1 0 0 1 1 1 1 0 1 0 1 0 1 1 0 1 0 1 1 0 1 0 1 1 0 1 0 1 0 0
 1 1 0 0 0 1 1 1 1 0 1 0 1 1 1 1 1 1 1 0 0 1 0 0 1 1 1 0 0 1 1 0 1 0 0 1 1]",99
1989,4,gad7,9,PCA,XG,2,0.3913043478260869,0.4954954954954955,18,37,22,34,"[0 0 0 0 0 0 0 0 0 1 1 0 0 0 1 0 0 0 0 0 1 1 0 0 0 1 1 0 0 0 0 0 0 0 0 0 0
 1 0 1 1 0 1 1 1 0 0 1 0 1 0 1 1 1 1 1 1 1 0 0 1 0 0 1 1 1 1 0 0 1 0 0 0 0
 1 0 0 1 0 0 1 0 1 1 0 0 1 0 1 0 0 0 0 0 0 0 1 0 0 0 1 0 0 1 0 0 0 1 0 1 0]",99
1990,4,gad7,9,PCA,SVC,3,0.44897959183673475,0.5135135135135135,22,35,24,30,"[0 0 0 1 0 1 0 0 0 0 1 0 1 0 1 0 0 0 0 1 1 0 0 0 0 0 0 1 0 0 1 0 0 0 1 1 0
 0 1 1 1 0 0 1 1 0 0 1 0 1 0 0 1 0 1 0 1 0 0 0 0 1 1 0 1 0 1 1 0 1 0 0 0 0
 1 1 0 0 0 0 1 1 1 1 1 0 1 1 1 0 1 1 0 0 0 0 0 0 1 1 1 0 0 1 1 0 0 0 0 1 1]",99
1991,4,gad7,9,PCA,kNN,3,0.2978723404255319,0.40540540540540543,14,31,28,38,"[0 0 1 1 0 0 0 0 1 0 1 0 1 1 1 0 1 0 0 1 0 1 0 0 0 1 1 1 1 0 0 0 0 0 1 0 0
 0 0 1 0 1 0 1 1 0 0 0 0 1 0 1 1 1 0 0 0 0 0 0 0 0 1 1 1 0 1 1 1 1 0 0 0 0
 0 1 0 0 0 0 1 0 0 1 1 0 0 0 0 0 0 1 0 0 0 0 0 0 1 1 1 0 1 1 0 0 0 0 1 1 0]",99
1992,4,gad7,9,PCA,RF,3,0.3764705882352941,0.5225225225225225,16,42,17,36,"[0 0 0 0 0 0 0 0 0 0 1 0 0 0 0 0 0 0 0 1 1 1 0 0 0 1 1 1 0 0 0 0 0 0 0 0 1
 0 0 1 0 0 1 1 1 0 0 1 0 1 0 1 1 0 0 1 0 1 0 0 0 1 0 1 1 1 1 0 1 1 1 0 0 0
 1 0 0 1 0 0 1 0 0 1 0 0 0 0 0 0 0 0 0 0 0 0 0 1 0 0 1 0 0 0 0 0 0 0 0 1 0]",99
1993,4,gad7,9,PCA,LR,3,0.5,0.4954954954954955,28,27,32,24,"[0 0 0 1 0 1 1 0 0 0 1 0 1 0 1 0 0 1 1 1 1 0 0 1 0 0 0 1 0 1 1 0 0 0 1 1 0
 0 1 1 1 0 0 1 1 0 0 1 1 1 1 0 1 0 1 0 1 0 0 1 0 1 1 0 1 0 1 1 0 1 0 1 0 0
 1 1 0 0 0 1 1 1 1 1 1 0 1 1 1 1 1 1 1 0 0 1 0 0 1 1 1 0 0 1 1 0 1 0 0 1 1]",99
1994,4,gad7,9,PCA,XG,3,0.2469135802469136,0.45045045045045046,10,40,19,42,"[0 0 1 0 0 0 0 0 0 0 1 0 0 0 1 0 0 0 0 1 1 1 0 0 0 1 1 0 0 0 0 0 0 0 0 0 1
 0 1 1 0 0 1 1 0 0 0 0 0 1 0 0 1 0 0 0 0 1 0 0 0 0 0 1 1 1 1 0 0 0 0 0 0 0
 0 0 0 1 0 0 0 0 1 1 0 0 1 0 0 0 0 0 0 0 0 0 1 1 0 0 1 0 0 0 0 0 0 1 0 1 0]",99
1995,4,gad7,9,PCA,SVC,4,0.40860215053763443,0.5045045045045045,19,37,22,33,"[0 0 0 1 0 0 0 0 0 0 1 0 1 0 1 0 0 0 0 1 1 0 0 0 0 0 0 1 0 0 1 0 0 0 1 1 0
 0 1 1 1 0 0 1 1 0 0 1 0 1 0 0 1 0 1 0 1 0 0 0 0 1 1 0 1 0 1 1 0 1 0 0 0 0
 0 1 0 0 0 0 1 1 0 1 1 0 1 1 1 0 0 1 0 0 0 0 0 0 1 1 1 0 0 0 1 0 0 0 0 1 1]",99
1996,4,gad7,9,PCA,kNN,4,0.3368421052631579,0.43243243243243246,16,32,27,36,"[0 0 1 1 0 0 0 0 1 0 1 1 1 0 1 0 0 0 0 1 1 1 0 0 0 1 0 0 1 0 0 0 0 0 1 0 1
 0 1 1 1 0 1 1 0 0 0 0 0 1 0 0 1 1 1 0 1 0 1 0 1 1 1 1 1 0 1 0 0 1 1 0 0 0
 0 1 0 0 0 0 1 0 0 1 0 0 0 0 1 0 0 1 0 0 0 0 0 0 1 1 1 0 0 1 0 0 0 0 0 1 0]",99
1997,4,gad7,9,PCA,RF,4,0.40909090909090906,0.5315315315315315,18,41,18,34,"[0 0 0 0 0 0 0 0 0 0 1 0 0 0 1 0 0 0 0 1 1 0 0 0 0 0 1 0 0 0 0 0 0 1 1 0 1
 0 1 0 0 0 0 1 0 0 0 1 0 1 0 1 1 1 1 0 1 1 1 0 0 1 0 1 1 1 1 0 0 1 0 0 0 0
 1 1 0 1 0 0 0 0 0 1 0 0 0 0 1 0 0 1 0 0 0 0 1 0 0 0 1 0 0 1 0 0 0 1 0 1 0]",99
1998,4,gad7,9,PCA,LR,4,0.4854368932038835,0.5225225225225225,25,33,26,27,"[0 1 1 1 0 1 0 0 1 0 1 0 1 0 0 0 0 0 0 1 0 0 0 0 0 0 0 1 0 0 1 0 0 0 1 1 0
 1 0 1 1 1 0 1 1 0 0 1 0 1 0 0 0 1 0 0 0 1 1 0 0 1 1 0 1 0 1 1 0 1 0 0 0 0
 1 1 0 0 0 0 1 1 0 0 1 0 1 1 1 1 1 1 1 0 0 1 0 1 1 1 1 0 0 1 1 0 1 0 0 1 1]",99
1999,4,gad7,9,PCA,XG,4,0.39534883720930236,0.5315315315315315,17,42,17,35,"[0 0 1 0 0 0 0 0 0 0 0 0 0 0 1 0 0 0 0 1 1 0 0 0 0 0 1 0 0 0 0 0 0 0 1 0 1
 0 1 1 0 1 0 1 0 0 0 0 0 1 0 1 1 0 1 0 1 1 1 0 0 1 0 1 1 1 1 1 0 1 0 0 0 0
 0 1 0 1 0 0 0 1 0 1 0 0 0 0 0 0 0 0 0 0 0 0 1 0 0 0 1 0 0 1 0 0 0 1 0 1 0]",99
